symbol,date,open,high,low,close,volume,adjclose,dividends
AFGC,2020-01-21,26.80900001525879,26.886999130249023,26.520000457763672,26.520000457763672,13000,19.68438148498535,0.0
AFGC,2020-01-22,26.66200065612793,26.799999237060547,26.655000686645508,26.799999237060547,24300,19.892208099365234,0.0
AFGC,2020-01-23,26.799999237060547,26.808000564575195,26.43000030517578,26.510000228881836,61400,19.676958084106445,0.0
AFGC,2020-01-24,26.3700008392334,26.46500015258789,26.280000686645508,26.31999969482422,13700,19.535930633544922,0.0
AFGC,2020-01-27,26.420000076293945,26.440000534057617,26.312000274658203,26.312000274658203,4900,19.529996871948242,0.0
AFGC,2020-01-28,26.399999618530273,26.399999618530273,26.329999923706055,26.329999923706055,6800,19.543350219726562,0.0
AFGC,2020-01-29,26.3799991607666,26.489999771118164,26.3799991607666,26.479999542236328,15400,19.654685974121094,0.0
AFGC,2020-01-30,26.479999542236328,26.479999542236328,26.459999084472656,26.479999542236328,7600,19.654685974121094,0.0
AFGC,2020-01-31,26.479999542236328,26.5,26.329999923706055,26.329999923706055,36200,19.543350219726562,0.0
AFGC,2020-02-03,26.329999923706055,26.409000396728516,26.25,26.25,13100,19.483972549438477,0.0
AFGC,2020-02-04,26.48200035095215,26.5,26.43000030517578,26.450000762939453,23300,19.632423400878906,0.0
AFGC,2020-02-05,26.489999771118164,26.489999771118164,26.469999313354492,26.479999542236328,15100,19.654685974121094,0.0
AFGC,2020-02-06,26.479999542236328,26.524999618530273,26.43000030517578,26.43000030517578,9900,19.61758041381836,0.0
AFGC,2020-02-07,26.479999542236328,26.5,26.420000076293945,26.420000076293945,79700,19.610158920288086,0.0
AFGC,2020-02-10,26.437000274658203,26.469999313354492,26.437000274658203,26.450000762939453,5800,19.632423400878906,0.0
AFGC,2020-02-11,26.489999771118164,26.6299991607666,26.469999313354492,26.530000686645508,45700,19.69180679321289,0.0
AFGC,2020-02-12,26.6200008392334,26.6200008392334,26.399999618530273,26.489999771118164,15700,19.66211700439453,0.0
AFGC,2020-02-13,26.399999618530273,26.479999542236328,26.399999618530273,26.479999542236328,3100,19.654685974121094,0.0
AFGC,2020-02-14,26.479999542236328,26.479999542236328,26.440000534057617,26.469999313354492,4900,19.647266387939453,0.0
AFGC,2020-02-18,26.46500015258789,26.489999771118164,26.43000030517578,26.489999771118164,11200,19.66211700439453,0.0
AFGC,2020-02-19,26.479999542236328,26.479999542236328,26.299999237060547,26.299999237060547,105400,19.521081924438477,0.0
AFGC,2020-02-20,26.350000381469727,26.530000686645508,26.350000381469727,26.530000686645508,14300,19.69180679321289,0.0
AFGC,2020-02-21,26.469999313354492,26.530000686645508,26.440000534057617,26.489999771118164,43100,19.66211700439453,0.0
AFGC,2020-02-24,26.239999771118164,26.413000106811523,26.170000076293945,26.190000534057617,16400,19.439443588256836,0.0
AFGC,2020-02-25,26.242000579833984,26.389999389648438,25.950000762939453,26.110000610351562,49500,19.38006019592285,0.0
AFGC,2020-02-26,26.219999313354492,26.219999313354492,25.790000915527344,26.010000228881836,20200,19.305835723876953,0.0
AFGC,2020-02-27,25.5,25.5,25.25,25.3799991607666,32700,18.838220596313477,0.0
AFGC,2020-02-28,25.399999618530273,25.399999618530273,24.969999313354492,25.059999465942383,47400,18.600698471069336,0.0
AFGC,2020-03-02,25.200000762939453,25.440000534057617,25.100000381469727,25.3700008392334,32000,18.830801010131836,0.0
AFGC,2020-03-03,25.469999313354492,25.75,25.399999618530273,25.440000534057617,34000,18.88275718688965,0.0
AFGC,2020-03-04,25.600000381469727,25.90999984741211,25.600000381469727,25.75,33100,19.112850189208984,0.0
AFGC,2020-03-05,25.739999771118164,25.93400001525879,25.649999618530273,25.649999618530273,28000,19.038623809814453,0.0
AFGC,2020-03-06,25.549999237060547,25.549999237060547,25.260000228881836,25.3700008392334,20700,18.830801010131836,0.0
AFGC,2020-03-09,25.139999389648438,25.139999389648438,24.309999465942383,24.5,100800,18.185043334960938,0.0
AFGC,2020-03-10,24.832000732421875,25.0,24.75,24.950000762939453,36900,18.51905632019043,0.0
AFGC,2020-03-11,24.950000762939453,24.950000762939453,24.520000457763672,24.709999084472656,56500,18.340913772583008,0.0
AFGC,2020-03-12,24.709999084472656,24.709999084472656,21.8700008392334,22.610000610351562,61600,16.782196044921875,0.0
AFGC,2020-03-13,23.503999710083008,23.59000015258789,22.75,22.989999771118164,27900,17.064250946044922,0.0
AFGC,2020-03-16,21.770000457763672,21.770000457763672,18.0,19.790000915527344,24800,14.68906307220459,0.0
AFGC,2020-03-17,20.049999237060547,20.389999389648438,19.90999984741211,19.920000076293945,10400,14.785553932189941,0.0
AFGC,2020-03-18,19.8700008392334,19.8700008392334,13.053999900817871,14.4399995803833,34200,10.718042373657227,0.0
AFGC,2020-03-19,15.5,16.600000381469727,14.559000015258789,15.789999961853027,50500,11.720075607299805,0.0
AFGC,2020-03-20,16.479999542236328,19.61400032043457,16.479999542236328,18.0,24600,13.36043930053711,0.0
AFGC,2020-03-23,18.5,18.559999465942383,16.030000686645508,16.030000686645508,23100,11.898216247558594,0.0
AFGC,2020-03-24,17.850000381469727,18.950000762939453,16.799999237060547,18.579999923706055,16800,13.790942192077637,0.0
AFGC,2020-03-25,18.610000610351562,21.530000686645508,18.100000381469727,20.739999771118164,32300,15.394196510314941,0.0
AFGC,2020-03-26,21.714000701904297,22.549999237060547,21.40999984741211,22.5,13200,16.700550079345703,0.0
AFGC,2020-03-27,22.420000076293945,22.420000076293945,20.700000762939453,22.091999053955078,12800,16.397714614868164,0.0
AFGC,2020-03-30,22.5,22.5,21.399999618530273,21.475000381469727,10200,15.939746856689453,0.0
AFGC,2020-03-31,21.729999542236328,22.1200008392334,21.729999542236328,22.1200008392334,11100,16.41849708557129,0.0
AFGC,2020-04-01,21.959999084472656,21.959999084472656,20.559999465942383,21.059999465942383,14700,15.631711959838867,0.0
AFGC,2020-04-02,21.8799991607666,21.889999389648438,20.229999542236328,20.850000381469727,12800,15.475844383239746,0.0
AFGC,2020-04-03,21.0,21.0,20.0,20.3799991607666,4900,15.126986503601074,0.0
AFGC,2020-04-06,20.520000457763672,21.3799991607666,20.209999084472656,20.309999465942383,11100,15.075027465820312,0.0
AFGC,2020-04-07,21.049999237060547,21.229999542236328,20.309999465942383,21.06999969482422,19100,15.639131546020508,0.0
AFGC,2020-04-08,21.170000076293945,22.020000457763672,20.6200008392334,21.639999389648438,24300,16.06221580505371,0.0
AFGC,2020-04-09,21.8700008392334,23.479999542236328,21.8700008392334,23.479999542236328,31500,17.427955627441406,0.0
AFGC,2020-04-13,23.690000534057617,23.700000762939453,22.5,23.700000762939453,13500,17.59124755859375,0.0
AFGC,2020-04-14,23.809999465942383,24.12299919128418,23.28499984741211,23.954999923706055,11400,17.780517578125,0.0
AFGC,2020-04-15,23.950000762939453,23.95199966430664,23.420000076293945,23.8700008392334,20800,17.717430114746094,0.0
AFGC,2020-04-16,23.8700008392334,24.190000534057617,23.832000732421875,24.10300064086914,10600,17.890369415283203,0.0
AFGC,2020-04-17,24.19099998474121,24.68000030517578,24.19099998474121,24.450000762939453,11200,18.147930145263672,0.0
AFGC,2020-04-20,24.290000915527344,24.399999618530273,23.520000457763672,24.25,16400,17.999479293823242,0.0
AFGC,2020-04-21,24.25,24.25,23.600000381469727,23.959999084472656,9400,17.784229278564453,0.0
AFGC,2020-04-22,24.010000228881836,24.290000915527344,24.010000228881836,24.25,8000,17.999479293823242,0.0
AFGC,2020-04-23,24.260000228881836,24.34000015258789,24.040000915527344,24.1299991607666,6000,17.910411834716797,0.0
AFGC,2020-04-24,24.139999389648438,24.3700008392334,23.889999389648438,24.020000457763672,13800,17.82876205444336,0.0
AFGC,2020-04-27,24.020000457763672,24.260000228881836,24.0,24.260000228881836,9600,18.00690460205078,0.0
AFGC,2020-04-28,24.270000457763672,24.700000762939453,24.219999313354492,24.700000762939453,11300,18.333492279052734,0.0
AFGC,2020-04-29,24.559999465942383,25.010000228881836,24.559999465942383,24.799999237060547,14700,18.407718658447266,0.0
AFGC,2020-04-30,24.780000686645508,25.1299991607666,24.68000030517578,25.1299991607666,37200,18.65265655517578,0.0
AFGC,2020-05-01,25.1299991607666,25.1299991607666,24.75,24.969999313354492,11300,18.533897399902344,0.0
AFGC,2020-05-04,24.989999771118164,25.06999969482422,24.92300033569336,24.959999084472656,5900,18.526477813720703,0.0
AFGC,2020-05-05,25.09000015258789,25.09000015258789,24.850000381469727,24.850000381469727,4900,18.444828033447266,0.0
AFGC,2020-05-06,24.889999389648438,24.979999542236328,24.7549991607666,24.799999237060547,4000,18.407718658447266,0.0
AFGC,2020-05-07,24.760000228881836,24.950000762939453,24.649999618530273,24.687000274658203,12600,18.32384490966797,0.0
AFGC,2020-05-08,24.920000076293945,24.95800018310547,24.541000366210938,24.649999618530273,23400,18.29637908935547,0.0
AFGC,2020-05-11,24.690000534057617,24.690000534057617,24.530000686645508,24.649999618530273,9700,18.29637908935547,0.0
AFGC,2020-05-12,24.649999618530273,24.770000457763672,24.643999099731445,24.770000457763672,16200,18.385452270507812,0.0
AFGC,2020-05-13,24.760000228881836,24.920000076293945,24.424999237060547,24.920000076293945,20600,18.496788024902344,0.0
AFGC,2020-05-14,24.510000228881836,24.790000915527344,24.398000717163086,24.729999542236328,8400,18.35576057434082,0.0
AFGC,2020-05-15,24.690000534057617,24.84000015258789,24.5,24.719999313354492,8500,18.34833526611328,0.0
AFGC,2020-05-18,24.969999313354492,24.979999542236328,24.700000762939453,24.760000228881836,7500,18.378026962280273,0.0
AFGC,2020-05-19,24.56999969482422,24.920000076293945,24.56999969482422,24.809999465942383,8400,18.415138244628906,0.0
AFGC,2020-05-20,24.809999465942383,24.809999465942383,24.709999084472656,24.799999237060547,6700,18.407718658447266,0.0
AFGC,2020-05-21,24.75,24.969999313354492,24.40999984741211,24.889999389648438,46400,18.474519729614258,0.0
AFGC,2020-05-22,24.850000381469727,24.850000381469727,24.549999237060547,24.790000915527344,25300,18.400299072265625,0.0
AFGC,2020-05-26,24.899999618530273,24.989999771118164,24.729999542236328,24.889999389648438,66100,18.474519729614258,0.0
AFGC,2020-05-27,24.989999771118164,24.989999771118164,24.9060001373291,24.979999542236328,13100,18.54132080078125,0.0
AFGC,2020-05-28,24.969999313354492,25.020000457763672,24.886999130249023,24.969999313354492,19600,18.533897399902344,0.0
AFGC,2020-05-29,24.610000610351562,24.81999969482422,24.610000610351562,24.81999969482422,16200,18.422563552856445,0.0
AFGC,2020-06-01,24.81999969482422,24.899999618530273,24.75,24.899999618530273,14000,18.481937408447266,0.0
AFGC,2020-06-02,24.780000686645508,25.030000686645508,24.770000457763672,25.030000686645508,8000,18.578433990478516,0.0
AFGC,2020-06-03,25.0,25.010000228881836,24.924999237060547,25.010000228881836,12900,18.563587188720703,0.0
AFGC,2020-06-04,25.010000228881836,25.010000228881836,24.809999465942383,24.809999465942383,10100,18.415138244628906,0.0
AFGC,2020-06-05,25.0,25.0,24.850000381469727,24.889999389648438,29200,18.474519729614258,0.0
AFGC,2020-06-08,24.889999389648438,25.09000015258789,24.850000381469727,25.049999237060547,18500,18.593276977539062,0.0
AFGC,2020-06-09,24.969999313354492,25.079999923706055,24.940000534057617,25.079999923706055,9400,18.61554527282715,0.0
AFGC,2020-06-10,25.079999923706055,25.079999923706055,24.729999542236328,25.0,41800,18.556163787841797,0.0
AFGC,2020-06-11,24.829999923706055,24.829999923706055,24.5,24.613000869750977,16900,18.268917083740234,0.0
AFGC,2020-06-12,24.829999923706055,24.860000610351562,24.510000228881836,24.530000686645508,13500,18.20730972290039,0.0
AFGC,2020-06-15,24.579999923706055,24.790000915527344,24.5,24.770000457763672,6000,18.385452270507812,0.0
AFGC,2020-06-16,24.940000534057617,24.959999084472656,24.530000686645508,24.940000534057617,10000,18.511634826660156,0.0
AFGC,2020-06-17,24.940000534057617,25.049999237060547,24.889999389648438,25.0310001373291,11500,18.57917594909668,0.0
AFGC,2020-06-18,25.020000457763672,25.06999969482422,24.81999969482422,24.90999984741211,17600,18.489362716674805,0.0
AFGC,2020-06-19,24.969999313354492,25.06999969482422,24.93000030517578,24.93000030517578,7800,18.504209518432617,0.0
AFGC,2020-06-22,24.975000381469727,25.040000915527344,24.93000030517578,24.959999084472656,6000,18.526477813720703,0.0
AFGC,2020-06-23,25.030000686645508,25.079999923706055,24.959999084472656,25.079999923706055,8500,18.61554527282715,0.0
AFGC,2020-06-24,25.020000457763672,25.059999465942383,24.899999618530273,25.059999465942383,8100,18.600698471069336,0.0
AFGC,2020-06-25,25.06999969482422,25.110000610351562,25.0,25.030000686645508,18100,18.578433990478516,0.0
AFGC,2020-06-26,25.0,25.02899932861328,24.899999618530273,24.899999618530273,9600,18.481937408447266,0.0
AFGC,2020-06-29,24.90999984741211,24.950000762939453,24.84000015258789,24.850000381469727,21700,18.444828033447266,0.0
AFGC,2020-06-30,25.030000686645508,25.040000915527344,24.809999465942383,24.809999465942383,52200,18.415138244628906,0.0
AFGC,2020-07-01,24.889999389648438,25.025999069213867,24.770000457763672,24.770000457763672,12900,18.385452270507812,0.0
AFGC,2020-07-02,25.100000381469727,25.100000381469727,24.92300033569336,25.0,11100,18.556163787841797,0.0
AFGC,2020-07-06,25.049999237060547,25.049999237060547,24.899999618530273,24.989999771118164,4900,18.548744201660156,0.0
AFGC,2020-07-07,24.989999771118164,24.989999771118164,24.87700080871582,24.969999313354492,6900,18.533897399902344,0.0
AFGC,2020-07-08,24.979999542236328,25.56999969482422,24.915000915527344,25.219999313354492,23900,18.719459533691406,0.0
AFGC,2020-07-09,25.549999237060547,25.549999237060547,25.100000381469727,25.31999969482422,19000,18.793684005737305,0.0
AFGC,2020-07-10,25.31999969482422,25.5,25.209999084472656,25.5,29100,18.927288055419922,0.0
AFGC,2020-07-13,25.5,25.5,25.25,25.3799991607666,7000,18.838220596313477,0.0
AFGC,2020-07-14,25.34000015258789,25.399999618530273,25.200000762939453,25.350000381469727,13100,18.81595230102539,0.0
AFGC,2020-07-15,25.420000076293945,25.489999771118164,25.32699966430664,25.489999771118164,5700,18.91986656188965,0.0
AFGC,2020-07-16,25.40999984741211,25.670000076293945,25.40999984741211,25.639999389648438,9600,19.03120231628418,0.0
AFGC,2020-07-17,25.42300033569336,25.75,25.42300033569336,25.75,4100,19.112850189208984,0.0
AFGC,2020-07-20,25.60099983215332,25.75,25.60099983215332,25.740999221801758,5800,19.10616683959961,0.0
AFGC,2020-07-21,25.739999771118164,26.09000015258789,25.739999771118164,26.09000015258789,14700,19.365215301513672,0.0
AFGC,2020-07-22,26.049999237060547,26.18000030517578,25.954999923706055,26.18000030517578,10800,19.432016372680664,0.0
AFGC,2020-07-23,26.15999984741211,26.290000915527344,26.065000534057617,26.290000915527344,11700,19.51366424560547,0.0
AFGC,2020-07-24,26.280000686645508,26.399999618530273,26.280000686645508,26.325000762939453,12700,19.539644241333008,0.0
AFGC,2020-07-27,26.31999969482422,26.459999084472656,26.219999313354492,26.243000030517578,30700,19.47878074645996,0.0
AFGC,2020-07-28,26.219999313354492,26.40999984741211,26.200000762939453,26.270000457763672,11400,19.498817443847656,0.0
AFGC,2020-07-29,26.350000381469727,26.450000762939453,26.280000686645508,26.34000015258789,6500,19.550779342651367,0.0
AFGC,2020-07-30,26.260000228881836,26.469999313354492,26.209999084472656,26.459999084472656,10200,19.639848709106445,0.0
AFGC,2020-07-31,26.459999084472656,26.5,26.361000061035156,26.5,5700,19.66953468322754,0.0
AFGC,2020-08-03,26.572999954223633,26.6299991607666,26.562999725341797,26.6200008392334,2800,19.758609771728516,0.0
AFGC,2020-08-04,26.6299991607666,26.729999542236328,26.479999542236328,26.709999084472656,6700,19.825407028198242,0.0
AFGC,2020-08-05,26.709999084472656,26.709999084472656,26.299999237060547,26.399999618530273,5400,19.59531021118164,0.0
AFGC,2020-08-06,26.3700008392334,26.690000534057617,26.367000579833984,26.600000381469727,3700,19.74376106262207,0.0
AFGC,2020-08-07,26.65999984741211,26.68000030517578,26.56800079345703,26.68000030517578,3300,19.80314064025879,0.0
AFGC,2020-08-10,26.65999984741211,26.68000030517578,26.634000778198242,26.670000076293945,4900,19.795717239379883,0.0
AFGC,2020-08-11,26.549999237060547,26.719999313354492,26.549999237060547,26.719999313354492,4800,19.832828521728516,0.0
AFGC,2020-08-12,26.700000762939453,26.799999237060547,26.670000076293945,26.799999237060547,7200,19.892208099365234,0.0
AFGC,2020-08-13,26.8700008392334,26.8799991607666,26.600000381469727,26.850000381469727,5000,19.929325103759766,0.0
AFGC,2020-08-14,26.850000381469727,26.875,26.799999237060547,26.8700008392334,4900,19.944168090820312,0.0
AFGC,2020-08-17,26.8700008392334,26.979999542236328,26.75,26.92099952697754,4000,19.982019424438477,0.0
AFGC,2020-08-18,26.950000762939453,27.25,26.899999618530273,27.25,9100,20.226221084594727,0.0
AFGC,2020-08-19,27.18000030517578,27.200000762939453,27.1299991607666,27.15999984741211,5600,20.159420013427734,0.0
AFGC,2020-08-20,27.110000610351562,27.239999771118164,27.0,27.010000228881836,17600,20.048080444335938,0.0
AFGC,2020-08-21,27.110000610351562,27.229999542236328,26.940000534057617,27.010000228881836,29500,20.048080444335938,0.0
AFGC,2020-08-24,27.209999084472656,27.209999084472656,27.1200008392334,27.1200008392334,4500,20.129728317260742,0.0
AFGC,2020-08-25,27.020000457763672,27.200000762939453,26.985000610351562,27.200000762939453,3900,20.18911361694336,0.0
AFGC,2020-08-26,27.190000534057617,27.200000762939453,27.059999465942383,27.200000762939453,7300,20.18911361694336,0.0
AFGC,2020-08-27,27.200000762939453,27.200000762939453,27.09000015258789,27.114999771118164,6800,20.126014709472656,0.0
AFGC,2020-08-28,27.100000381469727,27.118999481201172,26.902999877929688,27.100000381469727,9300,20.114883422851562,0.0
AFGC,2020-08-31,26.770000457763672,26.799999237060547,26.639999389648438,26.75,7100,20.092350006103516,0.32
AFGC,2020-09-01,26.75,26.790000915527344,26.6200008392334,26.68000030517578,6700,20.03977394104004,0.0
AFGC,2020-09-02,26.829999923706055,26.829999923706055,26.579999923706055,26.600000381469727,5300,19.97968864440918,0.0
AFGC,2020-09-03,26.600000381469727,26.700000762939453,26.600000381469727,26.649999618530273,4300,20.017236709594727,0.0
AFGC,2020-09-04,26.649999618530273,26.649999618530273,26.420000076293945,26.5,3200,19.904569625854492,0.0
AFGC,2020-09-08,26.260000228881836,26.329999923706055,26.18000030517578,26.18000030517578,8000,19.664215087890625,0.0
AFGC,2020-09-09,26.40999984741211,26.5939998626709,26.31999969482422,26.5939998626709,4000,19.975177764892578,0.0
AFGC,2020-09-10,26.610000610351562,26.729999542236328,26.610000610351562,26.649999618530273,8800,20.017236709594727,0.0
AFGC,2020-09-11,26.700000762939453,26.700000762939453,26.5,26.5,3000,19.904569625854492,0.0
AFGC,2020-09-14,26.68000030517578,26.700000762939453,26.479999542236328,26.600000381469727,3400,19.97968864440918,0.0
AFGC,2020-09-15,26.670000076293945,26.899999618530273,26.670000076293945,26.7450008392334,13400,20.088598251342773,0.0
AFGC,2020-09-16,26.829999923706055,26.920000076293945,26.709999084472656,26.709999084472656,9200,20.062305450439453,0.0
AFGC,2020-09-17,26.670000076293945,26.709999084472656,26.639999389648438,26.709999084472656,4000,20.062305450439453,0.0
AFGC,2020-09-18,26.71299934387207,26.760000228881836,26.71299934387207,26.760000228881836,1000,20.099863052368164,0.0
AFGC,2020-09-21,26.530000686645508,26.559999465942383,26.399999618530273,26.558000564575195,51100,19.948139190673828,0.0
AFGC,2020-09-22,26.56999969482422,26.709999084472656,26.511999130249023,26.6299991607666,7400,20.002212524414062,0.0
AFGC,2020-09-23,26.562999725341797,26.618999481201172,26.170000076293945,26.31999969482422,5900,19.769372940063477,0.0
AFGC,2020-09-24,26.31999969482422,26.3799991607666,26.170000076293945,26.25,3700,19.716793060302734,0.0
AFGC,2020-09-25,26.290000915527344,26.670000076293945,26.260000228881836,26.670000076293945,8000,20.03226089477539,0.0
AFGC,2020-09-28,26.760000228881836,26.899999618530273,26.628000259399414,26.729999542236328,14500,20.077327728271484,0.0
AFGC,2020-09-29,26.75,26.920000076293945,26.709999084472656,26.920000076293945,14900,20.22003936767578,0.0
AFGC,2020-09-30,26.920000076293945,26.920000076293945,26.549999237060547,26.649999618530273,48500,20.017236709594727,0.0
AFGC,2020-10-01,26.790000915527344,26.959999084472656,26.71500015258789,26.959999084472656,10900,20.250080108642578,0.0
AFGC,2020-10-02,26.860000610351562,26.969999313354492,26.860000610351562,26.969999313354492,4800,20.257593154907227,0.0
AFGC,2020-10-05,27.040000915527344,27.15999984741211,26.979999542236328,27.149999618530273,6200,20.392797470092773,0.0
AFGC,2020-10-06,27.15999984741211,27.270000457763672,27.014999389648438,27.200000762939453,12800,20.430356979370117,0.0
AFGC,2020-10-07,27.200000762939453,27.280000686645508,27.110000610351562,27.110000610351562,25300,20.362749099731445,0.0
AFGC,2020-10-08,27.253000259399414,27.350000381469727,27.219999313354492,27.350000381469727,6400,20.543020248413086,0.0
AFGC,2020-10-09,27.31999969482422,27.31999969482422,27.010000228881836,27.270000457763672,13000,20.48293113708496,0.0
AFGC,2020-10-12,27.309999465942383,27.309999465942383,27.09000015258789,27.309999465942383,3300,20.51297378540039,0.0
AFGC,2020-10-13,27.329999923706055,27.399999618530273,27.229999542236328,27.360000610351562,6900,20.5505313873291,0.0
AFGC,2020-10-14,27.200000762939453,27.420000076293945,27.200000762939453,27.25,1200,20.467906951904297,0.0
AFGC,2020-10-15,27.100000381469727,27.43000030517578,27.100000381469727,27.424999237060547,7000,20.599355697631836,0.0
AFGC,2020-10-16,27.420000076293945,27.420000076293945,27.219999313354492,27.219999313354492,3900,20.445377349853516,0.0
AFGC,2020-10-19,27.219999313354492,27.219999313354492,27.139999389648438,27.139999389648438,1400,20.38528823852539,0.0
AFGC,2020-10-20,27.190000534057617,27.290000915527344,27.149999618530273,27.184999465942383,2700,20.419082641601562,0.0
AFGC,2020-10-21,27.1200008392334,27.1200008392334,26.969999313354492,26.979999542236328,6400,20.265106201171875,0.0
AFGC,2020-10-22,26.8799991607666,27.280000686645508,26.8799991607666,27.110000610351562,2500,20.362749099731445,0.0
AFGC,2020-10-23,27.18000030517578,27.280000686645508,27.149999618530273,27.280000686645508,18200,20.490442276000977,0.0
AFGC,2020-10-26,27.270000457763672,27.270000457763672,27.079999923706055,27.100000381469727,5300,20.355239868164062,0.0
AFGC,2020-10-27,27.167999267578125,27.190000534057617,27.040000915527344,27.040000915527344,6900,20.31017303466797,0.0
AFGC,2020-10-28,27.02400016784668,27.02400016784668,26.65999984741211,26.670000076293945,13000,20.03226089477539,0.0
AFGC,2020-10-29,26.920000076293945,26.920000076293945,26.65999984741211,26.65999984741211,4800,20.024747848510742,0.0
AFGC,2020-10-30,26.790000915527344,27.0,26.700000762939453,27.0,25600,20.28013038635254,0.0
AFGC,2020-11-02,27.059999465942383,27.139999389648438,26.84000015258789,27.06999969482422,9500,20.332706451416016,0.0
AFGC,2020-11-03,26.920000076293945,27.06999969482422,26.889999389648438,26.950000762939453,3300,20.242570877075195,0.0
AFGC,2020-11-04,27.31399917602539,27.3700008392334,27.200000762939453,27.309999465942383,4900,20.51297378540039,0.0
AFGC,2020-11-05,27.3799991607666,27.3799991607666,27.149999618530273,27.3799991607666,5800,20.5655517578125,0.0
AFGC,2020-11-06,27.3799991607666,27.3799991607666,27.149999618530273,27.149999618530273,2500,20.392797470092773,0.0
AFGC,2020-11-09,27.3799991607666,27.459999084472656,27.149999618530273,27.459999084472656,4200,20.625640869140625,0.0
AFGC,2020-11-10,27.459999084472656,27.459999084472656,27.170000076293945,27.34000015258789,8200,20.53550910949707,0.0
AFGC,2020-11-11,27.389999389648438,27.389999389648438,27.170000076293945,27.280000686645508,3200,20.490442276000977,0.0
AFGC,2020-11-12,27.280000686645508,27.280000686645508,27.190000534057617,27.260000228881836,1400,20.475418090820312,0.0
AFGC,2020-11-13,27.260000228881836,27.280000686645508,27.239999771118164,27.260000228881836,4100,20.475418090820312,0.0
AFGC,2020-11-16,27.280000686645508,27.530000686645508,27.22599983215332,27.530000686645508,7500,20.678218841552734,0.0
AFGC,2020-11-17,27.415000915527344,27.649999618530273,27.415000915527344,27.600000381469727,7400,20.73080062866211,0.0
AFGC,2020-11-18,27.600000381469727,27.600000381469727,27.5,27.5,5400,20.655691146850586,0.0
AFGC,2020-11-19,27.520000457763672,27.618000030517578,27.360000610351562,27.360000610351562,11300,20.5505313873291,0.0
AFGC,2020-11-20,27.56999969482422,27.56999969482422,27.389999389648438,27.469999313354492,1600,20.633153915405273,0.0
AFGC,2020-11-23,27.3700008392334,27.520000457763672,27.270000457763672,27.270000457763672,47700,20.48293113708496,0.0
AFGC,2020-11-24,27.3799991607666,27.399999618530273,27.139999389648438,27.149999618530273,21600,20.392797470092773,0.0
AFGC,2020-11-25,27.139999389648438,27.299999237060547,27.139999389648438,27.190000534057617,3900,20.4228458404541,0.0
AFGC,2020-11-27,27.100000381469727,27.26300048828125,27.06999969482422,27.260000228881836,21700,20.475418090820312,0.0
AFGC,2020-11-30,26.899999618530273,26.959999084472656,26.670000076293945,26.700000762939453,23400,20.293010711669922,0.32
AFGC,2020-12-01,26.790000915527344,26.940000534057617,26.700000762939453,26.90999984741211,11900,20.45261573791504,0.0
AFGC,2020-12-02,26.93000030517578,26.93000030517578,26.729999542236328,26.75,11200,20.331012725830078,0.0
AFGC,2020-12-03,26.8799991607666,26.899999618530273,26.760000228881836,26.850000381469727,5600,20.407018661499023,0.0
AFGC,2020-12-04,26.8700008392334,26.920000076293945,26.610000610351562,26.84000015258789,26200,20.399417877197266,0.0
AFGC,2020-12-07,26.850000381469727,26.889999389648438,26.690000534057617,26.889999389648438,4800,20.43741798400879,0.0
AFGC,2020-12-08,26.860000610351562,26.979999542236328,26.829999923706055,26.889999389648438,5000,20.43741798400879,0.0
AFGC,2020-12-09,26.889999389648438,26.979999542236328,26.834999084472656,26.979999542236328,5500,20.50581932067871,0.0
AFGC,2020-12-10,26.979999542236328,27.149999618530273,26.829999923706055,26.989999771118164,30000,20.51342010498047,0.0
AFGC,2020-12-11,26.809999465942383,27.0,26.799999237060547,27.0,9900,20.52102279663086,0.0
AFGC,2020-12-14,27.0,27.100000381469727,26.860000610351562,27.100000381469727,16000,20.597026824951172,0.0
AFGC,2020-12-15,27.100000381469727,27.145999908447266,27.020000457763672,27.139999389648438,17700,20.627429962158203,0.0
AFGC,2020-12-16,27.049999237060547,27.260000228881836,27.049999237060547,27.25,15600,20.71103286743164,0.0
AFGC,2020-12-17,27.25,27.270000457763672,27.16699981689453,27.270000457763672,9200,20.726232528686523,0.0
AFGC,2020-12-18,27.270000457763672,27.299999237060547,27.229999542236328,27.299999237060547,5200,20.74903106689453,0.0
AFGC,2020-12-21,27.270000457763672,27.299999237060547,27.170000076293945,27.290000915527344,13000,20.741432189941406,0.0
AFGC,2020-12-22,27.290000915527344,27.420000076293945,27.06999969482422,27.110000610351562,17100,20.604623794555664,0.0
AFGC,2020-12-23,27.170000076293945,27.270000457763672,27.149999618530273,27.149999618530273,4200,20.63503074645996,0.0
AFGC,2020-12-24,27.139999389648438,27.489999771118164,27.139999389648438,27.479999542236328,5300,20.885839462280273,0.0
AFGC,2020-12-28,27.399999618530273,27.469999313354492,27.25,27.459999084472656,5300,20.870635986328125,0.0
AFGC,2020-12-29,27.469999313354492,27.469999313354492,27.360000610351562,27.450000762939453,7900,20.863037109375,0.0
AFGC,2020-12-30,27.450000762939453,27.559999465942383,27.385000228881836,27.549999237060547,5600,20.939044952392578,0.0
AFGC,2020-12-31,27.6299991607666,27.739999771118164,27.399999618530273,27.739999771118164,34400,21.08344841003418,0.0
AFGC,2021-01-04,27.729999542236328,27.729999542236328,27.25,27.25,12400,20.71103286743164,0.0
AFGC,2021-01-05,27.219999313354492,27.540000915527344,27.219999313354492,27.31999969482422,9900,20.764230728149414,0.0
AFGC,2021-01-06,27.3799991607666,27.389999389648438,26.670000076293945,26.670000076293945,4900,20.27021026611328,0.0
AFGC,2021-01-07,26.93000030517578,26.93000030517578,26.459999084472656,26.75,14800,20.331012725830078,0.0
AFGC,2021-01-08,26.75,26.829999923706055,26.511999130249023,26.81999969482422,7200,20.38421630859375,0.0
AFGC,2021-01-11,26.790000915527344,26.81999969482422,26.399999618530273,26.56999969482422,41500,20.1942081451416,0.0
AFGC,2021-01-12,26.65999984741211,26.65999984741211,26.25,26.479999542236328,19200,20.12580108642578,0.0
AFGC,2021-01-13,26.56999969482422,27.020000457763672,26.56999969482422,27.010000228881836,17700,20.52862548828125,0.0
AFGC,2021-01-14,27.09000015258789,27.170000076293945,26.829999923706055,26.850000381469727,9600,20.407018661499023,0.0
AFGC,2021-01-15,26.799999237060547,27.170000076293945,26.799999237060547,27.149999618530273,3900,20.63503074645996,0.0
AFGC,2021-01-19,26.989999771118164,27.18000030517578,26.989999771118164,27.15999984741211,2000,20.64263153076172,0.0
AFGC,2021-01-20,27.229999542236328,27.229999542236328,27.0,27.170000076293945,5500,20.650232315063477,0.0
AFGC,2021-01-21,27.170000076293945,27.25,26.959999084472656,27.024999618530273,10100,20.540021896362305,0.0
AFGC,2021-01-22,27.09000015258789,27.219999313354492,27.09000015258789,27.135000228881836,2700,20.623626708984375,0.0
AFGC,2021-01-25,27.25,27.25,26.829999923706055,26.950000762939453,54900,20.483016967773438,0.0
AFGC,2021-01-26,27.049999237060547,27.149999618530273,26.81999969482422,27.100000381469727,8000,20.597026824951172,0.0
AFGC,2021-01-27,26.979999542236328,26.979999542236328,26.610000610351562,26.610000610351562,13100,20.224609375,0.0
AFGC,2021-01-28,26.65999984741211,26.670000076293945,26.610000610351562,26.610000610351562,9700,20.224609375,0.0
AFGC,2021-01-29,26.649999618530273,26.770000457763672,26.549999237060547,26.770000457763672,29900,20.346214294433594,0.0
AFGC,2021-02-01,26.799999237060547,26.969999313354492,26.66200065612793,26.90999984741211,8700,20.45261573791504,0.0
AFGC,2021-02-02,26.989999771118164,26.989999771118164,26.8700008392334,26.899999618530273,3300,20.445016860961914,0.0
AFGC,2021-02-03,26.87700080871582,26.940000534057617,26.700000762939453,26.739999771118164,7900,20.323410034179688,0.0
AFGC,2021-02-04,26.81999969482422,26.889999389648438,26.815000534057617,26.850000381469727,3100,20.407018661499023,0.0
AFGC,2021-02-05,26.8439998626709,27.030000686645508,26.8439998626709,26.93400001525879,4500,20.470863342285156,0.0
AFGC,2021-02-08,27.030000686645508,27.030000686645508,26.888999938964844,26.93000030517578,2400,20.46782112121582,0.0
AFGC,2021-02-09,26.950000762939453,26.979999542236328,26.8700008392334,26.959999084472656,5000,20.490617752075195,0.0
AFGC,2021-02-10,26.8799991607666,26.969999313354492,26.850000381469727,26.920000076293945,6900,20.46021842956543,0.0
AFGC,2021-02-11,26.969999313354492,26.969999313354492,26.739999771118164,26.739999771118164,11900,20.323410034179688,0.0
AFGC,2021-02-12,26.649999618530273,26.920000076293945,26.520000457763672,26.770000457763672,9300,20.346214294433594,0.0
AFGC,2021-02-16,26.729999542236328,26.729999542236328,26.420000076293945,26.549999237060547,12500,20.179004669189453,0.0
AFGC,2021-02-17,26.540000915527344,26.68000030517578,26.43000030517578,26.559999465942383,7900,20.18660545349121,0.0
AFGC,2021-02-18,26.479999542236328,26.540000915527344,26.200000762939453,26.420000076293945,22800,20.080202102661133,0.0
AFGC,2021-02-19,26.459999084472656,26.459999084472656,26.260000228881836,26.40999984741211,11500,20.072601318359375,0.0
AFGC,2021-02-22,26.40999984741211,26.40999984741211,26.209999084472656,26.219999313354492,4700,19.92818832397461,0.0
AFGC,2021-02-23,26.209999084472656,26.309999465942383,26.18000030517578,26.280000686645508,7300,19.973791122436523,0.0
AFGC,2021-02-24,26.280000686645508,26.280000686645508,26.079999923706055,26.149999618530273,8100,19.874988555908203,0.0
AFGC,2021-02-25,26.18000030517578,26.18000030517578,25.5,25.670000076293945,13000,19.510175704956055,0.0
AFGC,2021-02-26,25.489999771118164,25.600000381469727,25.299999237060547,25.489999771118164,11300,19.617919921875,0.32
AFGC,2021-03-01,25.510000228881836,25.68000030517578,25.479999542236328,25.68000030517578,6600,19.76415252685547,0.0
AFGC,2021-03-02,25.65999984741211,25.790000915527344,25.610000610351562,25.729999542236328,8600,19.802629470825195,0.0
AFGC,2021-03-03,25.790000915527344,25.850000381469727,25.719999313354492,25.84000015258789,2500,19.887292861938477,0.0
AFGC,2021-03-04,25.829999923706055,25.899999618530273,25.639999389648438,25.8799991607666,10100,19.918079376220703,0.0
AFGC,2021-03-05,25.860000610351562,26.1200008392334,25.829999923706055,26.1200008392334,5900,20.1027889251709,0.0
AFGC,2021-03-08,26.1200008392334,26.1200008392334,25.93000030517578,26.049999237060547,2800,20.048917770385742,0.0
AFGC,2021-03-09,26.1200008392334,26.25,26.079999923706055,26.170000076293945,5200,20.141267776489258,0.0
AFGC,2021-03-10,26.170000076293945,26.270000457763672,26.003000259399414,26.15999984741211,11500,20.133573532104492,0.0
AFGC,2021-03-11,26.25,26.31999969482422,26.165000915527344,26.31999969482422,5600,20.256715774536133,0.0
AFGC,2021-03-12,26.31999969482422,26.31999969482422,26.190000534057617,26.23200035095215,3000,20.188989639282227,0.0
AFGC,2021-03-15,26.290000915527344,26.43000030517578,26.280000686645508,26.43000030517578,7000,20.34137535095215,0.0
AFGC,2021-03-16,26.43000030517578,26.719999313354492,26.332000732421875,26.649999618530273,21100,20.510690689086914,0.0
AFGC,2021-03-17,26.700000762939453,26.700000762939453,26.43000030517578,26.559999465942383,7600,20.441425323486328,0.0
AFGC,2021-03-18,26.299999237060547,26.40999984741211,26.260000228881836,26.381999969482422,2300,20.304433822631836,0.0
AFGC,2021-03-19,26.3799991607666,26.3799991607666,26.12299919128418,26.34000015258789,2900,20.272109985351562,0.0
AFGC,2021-03-22,26.378000259399414,26.450000762939453,26.309999465942383,26.450000762939453,2200,20.356767654418945,0.0
AFGC,2021-03-23,26.469999313354492,26.56999969482422,26.469999313354492,26.56999969482422,1800,20.44912338256836,0.0
AFGC,2021-03-24,26.59000015258789,26.75,26.399999618530273,26.68000030517578,16800,20.533782958984375,0.0
AFGC,2021-03-25,26.6200008392334,26.670000076293945,26.559999465942383,26.559999465942383,3000,20.441425323486328,0.0
AFGC,2021-03-26,26.6299991607666,26.6299991607666,26.5,26.56999969482422,2300,20.44912338256836,0.0
AFGC,2021-03-29,26.56999969482422,26.56999969482422,26.530000686645508,26.530000686645508,1600,20.4183349609375,0.0
AFGC,2021-03-30,26.559999465942383,26.559999465942383,26.559999465942383,26.559999465942383,2800,20.441425323486328,0.0
AFGC,2021-03-31,26.56999969482422,26.75,26.514999389648438,26.75,7600,20.58765411376953,0.0
AFGC,2021-04-01,26.719999313354492,26.8799991607666,26.719999313354492,26.809999465942383,10900,20.633834838867188,0.0
AFGC,2021-04-05,26.850000381469727,27.0,26.809999465942383,27.0,4800,20.780065536499023,0.0
AFGC,2021-04-06,26.94499969482422,27.410999298095703,26.94499969482422,27.40999984741211,46100,21.095613479614258,0.0
AFGC,2021-04-07,27.3799991607666,27.479999542236328,27.31999969482422,27.3700008392334,10100,21.064828872680664,0.0
AFGC,2021-04-08,27.420000076293945,27.450000762939453,27.309999465942383,27.3700008392334,9600,21.064828872680664,0.0
AFGC,2021-04-09,27.389999389648438,27.450000762939453,27.315000534057617,27.315000534057617,6900,21.02250099182129,0.0
AFGC,2021-04-12,27.302000045776367,27.302000045776367,27.194000244140625,27.260000228881836,2600,20.980165481567383,0.0
AFGC,2021-04-13,27.3799991607666,27.3799991607666,27.200000762939453,27.31999969482422,9200,21.026344299316406,0.0
AFGC,2021-04-14,27.31999969482422,27.43000030517578,27.27400016784668,27.43000030517578,2500,21.111005783081055,0.0
AFGC,2021-04-15,27.40999984741211,27.44300079345703,27.290000915527344,27.299999237060547,10000,21.01095199584961,0.0
AFGC,2021-04-16,27.420000076293945,27.520000457763672,27.299999237060547,27.520000457763672,7600,21.180273056030273,0.0
AFGC,2021-04-19,27.35099983215332,27.459999084472656,27.059999465942383,27.200000762939453,14700,20.93399429321289,0.0
AFGC,2021-04-20,27.270000457763672,27.315000534057617,27.270000457763672,27.315000534057617,1200,21.02250099182129,0.0
AFGC,2021-04-21,27.309999465942383,27.389999389648438,27.209999084472656,27.25,5200,20.97247314453125,0.0
AFGC,2021-04-22,27.309999465942383,27.450000762939453,27.209999084472656,27.450000762939453,5600,21.12639808654785,0.0
AFGC,2021-04-23,27.450000762939453,27.530000686645508,27.280000686645508,27.469999313354492,9800,21.14179229736328,0.0
AFGC,2021-04-26,27.260000228881836,27.447999954223633,27.09000015258789,27.447999954223633,23100,21.12485694885254,0.0
AFGC,2021-04-27,27.440000534057617,27.450000762939453,27.202999114990234,27.40999984741211,5400,21.095613479614258,0.0
AFGC,2021-04-28,27.450000762939453,27.450000762939453,27.19099998474121,27.270000457763672,5300,20.987865447998047,0.0
AFGC,2021-04-29,27.280000686645508,27.34000015258789,27.270000457763672,27.316999435424805,2900,21.024038314819336,0.0
AFGC,2021-04-30,27.290000915527344,27.290000915527344,26.889999389648438,26.889999389648438,24900,20.695404052734375,0.0
AFGC,2021-05-03,26.969999313354492,27.15999984741211,26.950000762939453,27.15999984741211,4900,20.903207778930664,0.0
AFGC,2021-05-04,27.18000030517578,27.18000030517578,27.06999969482422,27.091999053955078,15600,20.85087013244629,0.0
AFGC,2021-05-05,27.149999618530273,27.170000076293945,26.920000076293945,27.049999237060547,133300,20.818546295166016,0.0
AFGC,2021-05-06,27.117000579833984,27.170000076293945,26.940000534057617,26.940000534057617,64700,20.733888626098633,0.0
AFGC,2021-05-07,27.100000381469727,27.1299991607666,26.969999313354492,27.079999923706055,15300,20.841632843017578,0.0
AFGC,2021-05-10,27.030000686645508,27.1299991607666,27.030000686645508,27.076000213623047,9400,20.83855628967285,0.0
AFGC,2021-05-11,26.979999542236328,27.024999618530273,26.760000228881836,26.760000228881836,5300,20.595352172851562,0.0
AFGC,2021-05-12,26.600000381469727,26.719999313354492,26.520000457763672,26.520000457763672,6300,20.410640716552734,0.0
AFGC,2021-05-13,26.56599998474121,26.93000030517578,26.540000915527344,26.780000686645508,12400,20.610748291015625,0.0
AFGC,2021-05-14,26.770000457763672,26.8700008392334,26.770000457763672,26.790000915527344,4900,20.618444442749023,0.0
AFGC,2021-05-17,26.847000122070312,26.847000122070312,26.690000534057617,26.760000228881836,3300,20.595352172851562,0.0
AFGC,2021-05-18,26.760000228881836,26.937999725341797,26.760000228881836,26.8700008392334,2100,20.680011749267578,0.0
AFGC,2021-05-19,26.76099967956543,26.899999618530273,26.76099967956543,26.770000457763672,7400,20.60304832458496,0.0
AFGC,2021-05-20,26.809999465942383,26.90999984741211,26.719999313354492,26.90999984741211,2900,20.710792541503906,0.0
AFGC,2021-05-21,26.8700008392334,26.979999542236328,26.856000900268555,26.969999313354492,6200,20.756975173950195,0.0
AFGC,2021-05-24,26.989999771118164,26.989999771118164,26.8700008392334,26.961000442504883,4500,20.75004768371582,0.0
AFGC,2021-05-25,27.0,27.06999969482422,26.8799991607666,27.0049991607666,6300,20.78391456604004,0.0
AFGC,2021-05-26,26.954999923706055,26.979999542236328,26.850000381469727,26.8700008392334,7300,20.680011749267578,0.0
AFGC,2021-05-27,26.950000762939453,27.049999237060547,26.89299964904785,27.0,26500,20.780065536499023,0.0
AFGC,2021-05-28,26.8799991607666,26.959999084472656,26.6299991607666,26.959999084472656,58400,20.998144149780273,0.32
AFGC,2021-06-01,26.969999313354492,27.0,26.8700008392334,26.90999984741211,39300,20.959197998046875,0.0
AFGC,2021-06-02,26.950000762939453,27.083999633789062,26.950000762939453,27.079999923706055,4600,21.09160804748535,0.0
AFGC,2021-06-03,27.0,27.075000762939453,26.97599983215332,27.038000106811523,3800,21.058897018432617,0.0
AFGC,2021-06-04,27.011999130249023,27.229999542236328,26.92300033569336,27.229999542236328,3500,21.208438873291016,0.0
AFGC,2021-06-07,27.260000228881836,27.260000228881836,26.989999771118164,27.09000015258789,9000,21.099397659301758,0.0
AFGC,2021-06-08,27.190000534057617,27.190000534057617,27.0,27.020000457763672,1900,21.044876098632812,0.0
AFGC,2021-06-09,27.1299991607666,27.201000213623047,26.940000534057617,26.950000762939453,29200,20.9903564453125,0.0
AFGC,2021-06-10,27.0,27.06999969482422,26.93000030517578,26.93000030517578,32000,20.974781036376953,0.0
AFGC,2021-06-11,27.07200050354004,27.079999923706055,26.990999221801758,27.079999923706055,1900,21.09160804748535,0.0
AFGC,2021-06-14,27.149999618530273,27.190000534057617,27.024999618530273,27.190000534057617,2500,21.17728614807129,0.0
AFGC,2021-06-15,27.100000381469727,27.12700080871582,27.100000381469727,27.125,2100,21.12666130065918,0.0
AFGC,2021-06-16,27.100000381469727,27.19300079345703,27.05500030517578,27.149999618530273,8500,21.146133422851562,0.0
AFGC,2021-06-17,27.1200008392334,27.20199966430664,27.049999237060547,27.149999618530273,5500,21.146133422851562,0.0
AFGC,2021-06-18,27.110000610351562,27.34000015258789,27.110000610351562,27.34000015258789,12900,21.29411506652832,0.0
AFGC,2021-06-21,27.131999969482422,27.329999923706055,27.131999969482422,27.239999771118164,4700,21.21622657775879,0.0
AFGC,2021-06-22,27.290000915527344,27.389999389648438,27.264999389648438,27.389999389648438,7700,21.333057403564453,0.0
AFGC,2021-06-23,27.351999282836914,27.389999389648438,27.2810001373291,27.389999389648438,4200,21.333057403564453,0.0
AFGC,2021-06-24,27.389999389648438,27.389999389648438,27.239999771118164,27.31999969482422,3300,21.278533935546875,0.0
AFGC,2021-06-25,27.360000610351562,27.360000610351562,27.100000381469727,27.260000228881836,3300,21.231801986694336,0.0
AFGC,2021-06-28,27.309999465942383,27.329999923706055,27.1200008392334,27.239999771118164,8200,21.21622657775879,0.0
AFGC,2021-06-29,27.260000228881836,27.301000595092773,27.020000457763672,27.200000762939453,19600,21.185075759887695,0.0
AFGC,2021-06-30,27.170000076293945,27.297000885009766,27.040000915527344,27.059999465942383,77300,21.076030731201172,0.0
AFGC,2021-07-01,27.1200008392334,27.284000396728516,27.1200008392334,27.200000762939453,28400,21.185075759887695,0.0
AFGC,2021-07-02,27.239999771118164,27.360000610351562,27.200000762939453,27.200000762939453,5800,21.185075759887695,0.0
AFGC,2021-07-06,27.200000762939453,27.3799991607666,27.190000534057617,27.3799991607666,10400,21.325265884399414,0.0
AFGC,2021-07-07,27.389999389648438,27.489999771118164,27.389999389648438,27.479999542236328,13600,21.403154373168945,0.0
AFGC,2021-07-08,27.410999298095703,27.46500015258789,27.361000061035156,27.437000274658203,3000,21.369665145874023,0.0
AFGC,2021-07-09,27.450000762939453,27.520999908447266,27.450000762939453,27.469999313354492,3900,21.395366668701172,0.0
AFGC,2021-07-12,27.329999923706055,27.408000946044922,27.1200008392334,27.364999771118164,7200,21.313589096069336,0.0
AFGC,2021-07-13,27.350000381469727,27.40999984741211,27.149999618530273,27.30500030517578,5600,21.2668514251709,0.0
AFGC,2021-07-14,27.290000915527344,27.304000854492188,27.06999969482422,27.239999771118164,16200,21.21622657775879,0.0
AFGC,2021-07-15,27.34000015258789,27.34000015258789,27.09000015258789,27.290000915527344,3300,21.255172729492188,0.0
AFGC,2021-07-16,27.190000534057617,27.270000457763672,27.104999542236328,27.104999542236328,5500,21.1110782623291,0.0
AFGC,2021-07-19,27.110000610351562,27.110000610351562,27.0,27.030000686645508,5000,21.05266571044922,0.0
AFGC,2021-07-20,27.020000457763672,27.229999542236328,27.020000457763672,27.149999618530273,3400,21.146133422851562,0.0
AFGC,2021-07-21,27.18000030517578,27.190000534057617,27.0,27.170000076293945,10000,21.161710739135742,0.0
AFGC,2021-07-22,27.170000076293945,27.170000076293945,27.020000457763672,27.084999084472656,3000,21.095500946044922,0.0
AFGC,2021-07-23,27.1299991607666,27.1299991607666,27.020000457763672,27.079999923706055,6400,21.09160804748535,0.0
AFGC,2021-07-26,27.000999450683594,27.090999603271484,27.0,27.0,3400,21.029300689697266,0.0
AFGC,2021-07-27,27.0,27.020000457763672,26.889999389648438,27.020000457763672,37900,21.044876098632812,0.0
AFGC,2021-07-28,26.979999542236328,27.084999084472656,26.969999313354492,27.06999969482422,6000,21.083818435668945,0.0
AFGC,2021-07-29,27.09000015258789,27.239999771118164,27.040000915527344,27.239999771118164,18100,21.21622657775879,0.0
AFGC,2021-07-30,27.25,27.3700008392334,27.200000762939453,27.3700008392334,5700,21.317480087280273,0.0
AFGC,2021-08-02,27.440000534057617,27.5,27.43000030517578,27.489999771118164,4400,21.41094207763672,0.0
AFGC,2021-08-03,27.510000228881836,27.510000228881836,27.375,27.510000228881836,6500,21.42652130126953,0.0
AFGC,2021-08-04,27.520000457763672,27.59000015258789,27.479999542236328,27.566999435424805,6700,21.470914840698242,0.0
AFGC,2021-08-05,27.6299991607666,27.65999984741211,27.562000274658203,27.65999984741211,8500,21.543350219726562,0.0
AFGC,2021-08-06,27.610000610351562,27.889999389648438,27.343000411987305,27.809999465942383,7900,21.66017723083496,0.0
AFGC,2021-08-09,27.670000076293945,27.774999618530273,27.530000686645508,27.530000686645508,5400,21.442096710205078,0.0
AFGC,2021-08-10,27.430999755859375,27.450000762939453,27.43000030517578,27.450000762939453,2600,21.37978744506836,0.0
AFGC,2021-08-11,27.5,27.54199981689453,27.139999389648438,27.440000534057617,3300,21.371997833251953,0.0
AFGC,2021-08-12,27.239999771118164,27.600000381469727,27.239999771118164,27.600000381469727,4900,21.496620178222656,0.0
AFGC,2021-08-13,27.549999237060547,27.604000091552734,27.450000762939453,27.530000686645508,7100,21.442096710205078,0.0
AFGC,2021-08-16,27.530000686645508,27.579999923706055,27.450000762939453,27.549999237060547,2900,21.45767593383789,0.0
AFGC,2021-08-17,27.479999542236328,27.579999923706055,27.34000015258789,27.3700008392334,4900,21.317480087280273,0.0
AFGC,2021-08-18,27.450000762939453,27.450000762939453,27.27400016784668,27.31999969482422,3300,21.278533935546875,0.0
AFGC,2021-08-19,27.3799991607666,27.440000534057617,27.281999588012695,27.43000030517578,4400,21.364212036132812,0.0
AFGC,2021-08-20,27.290000915527344,27.520000457763672,27.290000915527344,27.44099998474121,4500,21.372777938842773,0.0
AFGC,2021-08-23,27.56999969482422,27.56999969482422,27.461000442504883,27.559999465942383,2600,21.465463638305664,0.0
AFGC,2021-08-24,27.56999969482422,27.56999969482422,27.389999389648438,27.540000915527344,5300,21.449886322021484,0.0
AFGC,2021-08-25,27.5,27.51300048828125,27.40999984741211,27.450000762939453,3400,21.37978744506836,0.0
AFGC,2021-08-26,27.479999542236328,27.5,27.3700008392334,27.5,1900,21.418731689453125,0.0
AFGC,2021-08-27,27.243999481201172,27.469999313354492,27.243999481201172,27.469999313354492,6600,21.395366668701172,0.0
AFGC,2021-08-30,27.450000762939453,27.503000259399414,27.440000534057617,27.450000762939453,9400,21.37978744506836,0.0
AFGC,2021-08-31,27.280000686645508,27.280000686645508,26.8700008392334,26.899999618530273,26300,21.198537826538086,0.32
AFGC,2021-09-01,27.030000686645508,27.149999618530273,27.030000686645508,27.149999618530273,8900,21.39554786682129,0.0
AFGC,2021-09-02,27.08099937438965,27.239999771118164,27.049999237060547,27.219999313354492,6100,21.450712203979492,0.0
AFGC,2021-09-03,27.260000228881836,27.260000228881836,27.09000015258789,27.200000762939453,2500,21.434951782226562,0.0
AFGC,2021-09-07,27.260000228881836,27.260000228881836,27.1299991607666,27.219999313354492,1800,21.450712203979492,0.0
AFGC,2021-09-08,27.229999542236328,27.229999542236328,27.01099967956543,27.06999969482422,6800,21.332504272460938,0.0
AFGC,2021-09-09,27.100000381469727,27.260000228881836,27.059999465942383,27.260000228881836,3700,21.482236862182617,0.0
AFGC,2021-09-10,27.139999389648438,27.270000457763672,27.1299991607666,27.219999313354492,3900,21.450712203979492,0.0
AFGC,2021-09-13,27.15999984741211,27.34000015258789,27.15999984741211,27.239999771118164,6900,21.466472625732422,0.0
AFGC,2021-09-14,27.190000534057617,27.25,27.1299991607666,27.1299991607666,2200,21.37978744506836,0.0
AFGC,2021-09-15,27.100000381469727,27.19499969482422,26.99799919128418,27.079999923706055,2700,21.340381622314453,0.0
AFGC,2021-09-16,27.219999313354492,27.30500030517578,27.100000381469727,27.209999084472656,9700,21.44283103942871,0.0
AFGC,2021-09-17,27.209999084472656,27.209999084472656,27.030000686645508,27.030000686645508,8500,21.30098533630371,0.0
AFGC,2021-09-20,27.030000686645508,27.18000030517578,26.780000686645508,26.84000015258789,14800,21.15125846862793,0.0
AFGC,2021-09-21,26.899999618530273,27.06999969482422,26.893999099731445,27.06999969482422,2900,21.332504272460938,0.0
AFGC,2021-09-22,27.059999465942383,27.239999771118164,26.780000686645508,27.190000534057617,32000,21.427072525024414,0.0
AFGC,2021-09-23,27.070999145507812,27.229999542236328,26.959999084472656,27.139999389648438,2100,21.387670516967773,0.0
AFGC,2021-09-24,27.1299991607666,27.219999313354492,27.05900001525879,27.139999389648438,6100,21.387670516967773,0.0
AFGC,2021-09-27,27.139999389648438,27.139999389648438,26.860000610351562,27.010000228881836,7800,21.285221099853516,0.0
AFGC,2021-09-28,26.979999542236328,26.979999542236328,26.510000228881836,26.694000244140625,11300,21.036197662353516,0.0
AFGC,2021-09-29,26.899999618530273,27.017000198364258,26.719999313354492,26.84000015258789,9500,21.15125846862793,0.0
AFGC,2021-09-30,26.950000762939453,27.040000915527344,26.729999542236328,27.040000915527344,7800,21.30886459350586,0.0
AFGC,2021-10-01,26.979999542236328,26.979999542236328,26.959999084472656,26.969999313354492,2200,21.253698348999023,0.0
AFGC,2021-10-04,26.649999618530273,26.76099967956543,26.649999618530273,26.670000076293945,5500,21.01728630065918,0.0
AFGC,2021-10-05,26.59000015258789,26.68000030517578,26.579999923706055,26.579999923706055,3600,20.946361541748047,0.0
AFGC,2021-10-06,26.520000457763672,26.549999237060547,26.350000381469727,26.510000228881836,7100,20.891197204589844,0.0
AFGC,2021-10-07,26.520000457763672,26.60700035095215,26.489999771118164,26.489999771118164,3800,20.87544059753418,0.0
AFGC,2021-10-08,26.489999771118164,26.56999969482422,26.360000610351562,26.56999969482422,9000,20.938478469848633,0.0
AFGC,2021-10-11,26.579999923706055,26.579999923706055,26.420000076293945,26.540000915527344,1400,20.91484260559082,0.0
AFGC,2021-10-12,26.579999923706055,26.709999084472656,26.57200050354004,26.709999084472656,12000,21.04880714416504,0.0
AFGC,2021-10-13,26.65999984741211,26.889999389648438,26.65999984741211,26.889999389648438,11600,21.190656661987305,0.0
AFGC,2021-10-14,26.940000534057617,27.094999313354492,26.940000534057617,27.06999969482422,5300,21.332504272460938,0.0
AFGC,2021-10-15,27.100000381469727,27.18000030517578,26.8799991607666,26.88599967956543,3800,21.187503814697266,0.0
AFGC,2021-10-18,26.920000076293945,26.920000076293945,26.610000610351562,26.639999389648438,11400,20.99364471435547,0.0
AFGC,2021-10-19,26.65999984741211,26.700000762939453,26.500999450683594,26.520000457763672,7000,20.899080276489258,0.0
AFGC,2021-10-20,26.479999542236328,26.75,26.479999542236328,26.72599983215332,8500,21.061416625976562,0.0
AFGC,2021-10-21,26.739999771118164,26.760000228881836,26.719999313354492,26.760000228881836,3500,21.088211059570312,0.0
AFGC,2021-10-22,26.702999114990234,26.790000915527344,26.66900062561035,26.729999542236328,8400,21.06456756591797,0.0
AFGC,2021-10-25,26.540000915527344,26.889999389648438,26.540000915527344,26.84000015258789,12400,21.15125846862793,0.0
AFGC,2021-10-26,26.799999237060547,26.950000762939453,26.797000885009766,26.860000610351562,3200,21.167015075683594,0.0
AFGC,2021-10-27,26.790000915527344,27.059999465942383,26.780000686645508,27.049999237060547,12800,21.316743850708008,0.0
AFGC,2021-10-28,27.079999923706055,27.079999923706055,26.850000381469727,26.8700008392334,4800,21.174894332885742,0.0
AFGC,2021-10-29,26.969999313354492,27.149999618530273,26.888999938964844,27.149999618530273,5800,21.39554786682129,0.0
AFGC,2021-11-01,27.190000534057617,27.290000915527344,27.059999465942383,27.290000915527344,6800,21.505878448486328,0.0
AFGC,2021-11-02,27.290000915527344,27.299999237060547,27.200000762939453,27.263999938964844,5600,21.485383987426758,0.0
AFGC,2021-11-03,27.34000015258789,27.40999984741211,27.25,27.40999984741211,4400,21.600439071655273,0.0
AFGC,2021-11-04,27.440000534057617,27.58799934387207,27.434999465942383,27.530000686645508,8300,21.695011138916016,0.0
AFGC,2021-11-05,27.530000686645508,27.6200008392334,27.493000030517578,27.5,7100,21.671369552612305,0.0
AFGC,2021-11-08,27.649999618530273,27.677000045776367,27.510000228881836,27.65999984741211,2500,21.797452926635742,0.0
AFGC,2021-11-09,27.670000076293945,27.670000076293945,27.489999771118164,27.579999923706055,2700,21.73440933227539,0.0
AFGC,2021-11-10,27.6200008392334,27.6200008392334,26.989999771118164,27.079999923706055,10800,21.340381622314453,0.0
AFGC,2021-11-11,27.18000030517578,27.18000030517578,26.93000030517578,26.93000030517578,6500,21.22218132019043,0.0
AFGC,2021-11-12,27.149999618530273,27.159000396728516,27.04199981689453,27.06999969482422,4600,21.332504272460938,0.0
AFGC,2021-11-15,27.09000015258789,27.149999618530273,26.934999465942383,26.934999465942383,4000,21.226116180419922,0.0
AFGC,2021-11-16,26.84000015258789,26.966999053955078,26.770000457763672,26.770000457763672,7400,21.09609031677246,0.0
AFGC,2021-11-17,26.75,26.799999237060547,26.709999084472656,26.709999084472656,5500,21.04880714416504,0.0
AFGC,2021-11-18,26.790000915527344,26.850000381469727,26.739999771118164,26.75,9600,21.080331802368164,0.0
AFGC,2021-11-19,26.760000228881836,26.864999771118164,26.760000228881836,26.790000915527344,13300,21.11185073852539,0.0
AFGC,2021-11-22,26.920000076293945,26.989999771118164,26.809999465942383,26.96500015258789,26200,21.2497615814209,0.0
AFGC,2021-11-23,27.020000457763672,27.020000457763672,26.850000381469727,26.940000534057617,20800,21.230056762695312,0.0
AFGC,2021-11-24,27.139999389648438,27.378999710083008,26.874000549316406,27.149999618530273,9600,21.39554786682129,0.0
AFGC,2021-11-26,26.950000762939453,27.100000381469727,26.899999618530273,27.01099967956543,7100,21.286012649536133,0.0
AFGC,2021-11-29,27.280000686645508,27.290000915527344,26.959999084472656,27.020000457763672,32700,21.293106079101562,0.0
AFGC,2021-11-30,26.799999237060547,26.799999237060547,26.280000686645508,26.280000686645508,32600,20.95815086364746,0.32
AFGC,2021-12-01,26.530000686645508,26.530000686645508,26.360000610351562,26.37299919128418,10700,21.032323837280273,0.0
AFGC,2021-12-02,26.260000228881836,26.440000534057617,26.260000228881836,26.389999389648438,11800,21.045883178710938,0.0
AFGC,2021-12-03,26.389999389648438,26.46299934387207,26.329999923706055,26.40999984741211,7900,21.061830520629883,0.0
AFGC,2021-12-06,26.399999618530273,26.5,26.384000778198242,26.384000778198242,11800,21.041093826293945,0.0
AFGC,2021-12-07,26.459999084472656,26.690000534057617,26.459999084472656,26.56999969482422,12400,21.189428329467773,0.0
AFGC,2021-12-08,26.489999771118164,26.655000686645508,26.389999389648438,26.530000686645508,9100,21.15753173828125,0.0
AFGC,2021-12-09,26.420000076293945,26.75,26.420000076293945,26.739999771118164,28700,21.32500457763672,0.0
AFGC,2021-12-10,26.790000915527344,26.790000915527344,26.555999755859375,26.555999755859375,8000,21.178264617919922,0.0
AFGC,2021-12-13,26.639999389648438,26.670000076293945,26.514999389648438,26.65999984741211,11200,21.261199951171875,0.0
AFGC,2021-12-14,26.65999984741211,26.65999984741211,26.55900001525879,26.56999969482422,7200,21.189428329467773,0.0
AFGC,2021-12-15,26.6299991607666,26.6299991607666,26.40999984741211,26.420000076293945,40000,21.06980323791504,0.0
AFGC,2021-12-16,26.450000762939453,26.81999969482422,26.450000762939453,26.718000411987305,15200,21.307456970214844,0.0
AFGC,2021-12-17,26.610000610351562,26.780000686645508,26.600000381469727,26.68000030517578,7900,21.27715301513672,0.0
AFGC,2021-12-20,26.670000076293945,26.68000030517578,26.530000686645508,26.56999969482422,6600,21.189428329467773,0.0
AFGC,2021-12-21,26.540000915527344,26.809999465942383,26.540000915527344,26.809999465942383,6700,21.380828857421875,0.0
AFGC,2021-12-22,26.809999465942383,26.889999389648438,26.735000610351562,26.84600067138672,9400,21.409536361694336,0.0
AFGC,2021-12-23,26.889999389648438,26.889999389648438,26.777999877929688,26.78499984741211,5900,21.360889434814453,0.0
AFGC,2021-12-27,26.760000228881836,26.825000762939453,26.700000762939453,26.780000686645508,6800,21.356901168823242,0.0
AFGC,2021-12-28,26.798999786376953,26.8799991607666,26.760000228881836,26.809999465942383,5200,21.380828857421875,0.0
AFGC,2021-12-29,26.719999313354492,26.920000076293945,26.719999313354492,26.799999237060547,2200,21.372852325439453,0.0
AFGC,2021-12-30,26.889999389648438,27.040000915527344,26.889999389648438,27.040000915527344,2900,21.564252853393555,0.0
AFGC,2021-12-31,27.040000915527344,27.329999923706055,27.025999069213867,27.329999923706055,13400,21.795522689819336,0.0
AFGC,2022-01-03,27.233999252319336,27.327999114990234,26.950000762939453,27.111000061035156,7000,21.62087631225586,0.0
AFGC,2022-01-04,27.1299991607666,27.1299991607666,26.749000549316406,26.825000762939453,3200,21.39278793334961,0.0
AFGC,2022-01-05,26.829999923706055,28.030000686645508,26.43000030517578,26.43000030517578,7900,21.07777976989746,0.0
AFGC,2022-01-06,26.25,26.43000030517578,26.110000610351562,26.280000686645508,45800,20.95815086364746,0.0
AFGC,2022-01-07,26.18000030517578,26.437999725341797,26.15999984741211,26.216999053955078,15800,20.90791130065918,0.0
AFGC,2022-01-10,26.100000381469727,26.389999389648438,26.100000381469727,26.389999389648438,24900,21.045883178710938,0.0
AFGC,2022-01-11,26.329999923706055,26.68000030517578,26.329999923706055,26.6299991607666,16200,21.23727798461914,0.0
AFGC,2022-01-12,26.68000030517578,26.700000762939453,26.524999618530273,26.599000930786133,9000,21.212556838989258,0.0
AFGC,2022-01-13,26.48200035095215,26.760000228881836,26.459999084472656,26.760000228881836,5300,21.340953826904297,0.0
AFGC,2022-01-14,26.579999923706055,26.739999771118164,26.399999618530273,26.634000778198242,3300,21.240468978881836,0.0
AFGC,2022-01-18,26.459999084472656,26.610000610351562,26.239999771118164,26.399999618530273,9400,21.053855895996094,0.0
AFGC,2022-01-19,26.520000457763672,26.520000457763672,26.25,26.360000610351562,8000,21.021955490112305,0.0
AFGC,2022-01-20,26.389999389648438,26.391000747680664,26.280000686645508,26.299999237060547,12300,20.974105834960938,0.0
AFGC,2022-01-21,26.260000228881836,26.299999237060547,26.215999603271484,26.215999603271484,4500,20.907114028930664,0.0
AFGC,2022-01-24,26.200000762939453,26.3799991607666,25.90999984741211,26.3799991607666,25300,21.03790283203125,0.0
AFGC,2022-01-25,26.190000534057617,26.420000076293945,26.190000534057617,26.260000228881836,15100,20.94220542907715,0.0
AFGC,2022-01-26,26.290000915527344,26.351999282836914,25.915000915527344,25.969999313354492,6000,20.71092987060547,0.0
AFGC,2022-01-27,26.149999618530273,26.270000457763672,25.389999389648438,25.469999313354492,15800,20.312183380126953,0.0
AFGC,2022-01-28,25.5,26.520000457763672,25.5,26.0,46500,20.73485565185547,0.0
AFGC,2022-01-31,26.149999618530273,26.149999618530273,25.610000610351562,25.979999542236328,8500,20.718908309936523,0.0
AFGC,2022-02-01,26.0,26.200000762939453,25.725000381469727,25.979999542236328,10800,20.718908309936523,0.0
AFGC,2022-02-02,26.18000030517578,26.290000915527344,25.959999084472656,26.079999923706055,18900,20.79865264892578,0.0
AFGC,2022-02-03,26.040000915527344,26.040000915527344,25.559999465942383,25.6299991607666,15600,20.439781188964844,0.0
AFGC,2022-02-04,25.549999237060547,25.649999618530273,25.18899917602539,25.190000534057617,27900,20.088890075683594,0.0
AFGC,2022-02-07,25.280000686645508,25.354999542236328,25.030000686645508,25.059999465942383,12500,19.985210418701172,0.0
AFGC,2022-02-08,25.020000457763672,25.084999084472656,24.850000381469727,24.889999389648438,21800,19.84963607788086,0.0
AFGC,2022-02-09,25.09000015258789,25.09000015258789,24.889999389648438,24.989999771118164,39600,19.92938804626465,0.0
AFGC,2022-02-10,24.850000381469727,24.989999771118164,24.600000381469727,24.969999313354492,52300,19.913436889648438,0.0
AFGC,2022-02-11,24.899999618530273,25.1200008392334,24.729999542236328,24.8799991607666,39900,19.841659545898438,0.0
AFGC,2022-02-14,24.8799991607666,24.8799991607666,24.5,24.549999237060547,54300,19.578489303588867,0.0
AFGC,2022-02-15,24.889999389648438,24.989999771118164,24.670000076293945,24.768999099731445,5900,19.753137588500977,0.0
AFGC,2022-02-16,24.770000457763672,24.920000076293945,24.700000762939453,24.8799991607666,14200,19.841659545898438,0.0
AFGC,2022-02-17,24.989999771118164,25.31999969482422,24.829999923706055,25.09000015258789,9200,20.009138107299805,0.0
AFGC,2022-02-18,24.8799991607666,25.31999969482422,24.8799991607666,25.200000762939453,10100,20.096860885620117,0.0
AFGC,2022-02-22,25.079999923706055,25.170000076293945,24.75,24.929000854492188,11700,19.880741119384766,0.0
AFGC,2022-02-23,24.920000076293945,25.309999465942383,24.875,25.18000030517578,14100,20.08091163635254,0.0
AFGC,2022-02-24,25.0,25.17099952697754,24.889999389648438,25.040000915527344,22700,19.969263076782227,0.0
AFGC,2022-02-25,25.149999618530273,25.440000534057617,24.719999313354492,25.15999984741211,12400,20.064960479736328,0.0
AFGC,2022-02-28,25.0,25.365999221801758,24.950000762939453,24.959999084472656,11400,20.161893844604492,0.32
AFGC,2022-03-01,25.100000381469727,25.700000762939453,25.049999237060547,25.190000534057617,14800,20.34768295288086,0.0
AFGC,2022-03-02,25.270000457763672,25.93400001525879,25.149999618530273,25.5,36100,20.598085403442383,0.0
AFGC,2022-03-03,25.5,25.790000915527344,25.31999969482422,25.649999618530273,36300,20.719255447387695,0.0
AFGC,2022-03-04,25.540000915527344,25.84000015258789,25.3799991607666,25.600000381469727,25700,20.67886734008789,0.0
AFGC,2022-03-07,25.469999313354492,25.68000030517578,25.469999313354492,25.59000015258789,11800,20.670787811279297,0.0
AFGC,2022-03-08,25.610000610351562,25.799999237060547,25.260000228881836,25.530000686645508,8300,20.622323989868164,0.0
AFGC,2022-03-09,25.84000015258789,26.799999237060547,25.549999237060547,26.799999237060547,12200,21.6481876373291,0.0
AFGC,2022-03-10,26.010000228881836,26.034000396728516,25.364999771118164,26.010000228881836,6900,21.01004981994629,0.0
AFGC,2022-03-11,25.940000534057617,25.97100067138672,25.3799991607666,25.3799991607666,6400,20.50115394592285,0.0
AFGC,2022-03-14,25.43000030517578,25.670000076293945,25.010000228881836,25.040000915527344,8700,20.226516723632812,0.0
AFGC,2022-03-15,25.5049991607666,25.5049991607666,25.049999237060547,25.309999465942383,10400,20.444616317749023,0.0
AFGC,2022-03-16,25.489999771118164,25.489999771118164,25.145000457763672,25.43000030517578,3500,20.541545867919922,0.0
AFGC,2022-03-17,25.389999389648438,26.155000686645508,25.329999923706055,25.549999237060547,8500,20.638477325439453,0.0
AFGC,2022-03-18,25.709999084472656,26.100000381469727,25.489999771118164,25.489999771118164,14400,20.590009689331055,0.0
AFGC,2022-03-21,25.510000228881836,25.649999618530273,25.097000122070312,25.31999969482422,6200,20.452688217163086,0.0
AFGC,2022-03-22,25.3799991607666,25.454999923706055,25.225000381469727,25.389999389648438,7500,20.50923728942871,0.0
AFGC,2022-03-23,25.520000457763672,25.520000457763672,25.040000915527344,25.163000106811523,10400,20.32587432861328,0.0
AFGC,2022-03-24,25.190000534057617,25.975000381469727,25.079999923706055,25.350000381469727,5700,20.476924896240234,0.0
AFGC,2022-03-25,25.200000762939453,25.93400001525879,24.219999313354492,24.309999465942383,22200,19.6368465423584,0.0
AFGC,2022-03-28,24.399999618530273,24.5,24.110000610351562,24.25,37300,19.58837890625,0.0
AFGC,2022-03-29,24.389999389648438,24.5,24.25,24.280000686645508,70100,19.612613677978516,0.0
AFGC,2022-03-30,24.260000228881836,24.399999618530273,24.1299991607666,24.190000534057617,39300,19.539913177490234,0.0
AFGC,2022-03-31,24.280000686645508,24.559999465942383,24.1299991607666,24.540000915527344,166800,19.822633743286133,0.0
AFGC,2022-04-01,24.43000030517578,24.510000228881836,24.260000228881836,24.489999771118164,7000,19.782241821289062,0.0
AFGC,2022-04-04,24.40999984741211,24.420000076293945,24.333999633789062,24.420000076293945,5700,19.7257022857666,0.0
AFGC,2022-04-05,24.31999969482422,24.31999969482422,23.889999389648438,23.889999389648438,10300,19.29758071899414,0.0
AFGC,2022-04-06,23.81999969482422,24.100000381469727,23.649999618530273,23.75,21000,19.184494018554688,0.0
AFGC,2022-04-07,23.850000381469727,24.049999237060547,23.670000076293945,23.916000366210938,6100,19.318584442138672,0.0
AFGC,2022-04-08,23.700000762939453,24.010000228881836,23.549999237060547,23.549999237060547,18400,19.022939682006836,0.0
AFGC,2022-04-11,23.549999237060547,23.614999771118164,23.1299991607666,23.1299991607666,5900,18.683677673339844,0.0
AFGC,2022-04-12,23.215999603271484,23.490999221801758,22.899999618530273,22.899999618530273,12400,18.497894287109375,0.0
AFGC,2022-04-13,22.950000762939453,23.257999420166016,22.899999618530273,23.114999771118164,6400,18.67156219482422,0.0
AFGC,2022-04-14,22.979999542236328,22.979999542236328,22.5,22.808000564575195,20100,18.4235782623291,0.0
AFGC,2022-04-18,22.709999084472656,22.822999954223633,22.350000381469727,22.40999984741211,6600,18.102087020874023,0.0
AFGC,2022-04-19,22.350000381469727,22.79400062561035,22.049999237060547,22.239999771118164,11700,17.96476173400879,0.0
AFGC,2022-04-20,22.18000030517578,22.530000686645508,22.18000030517578,22.209999084472656,14800,17.940528869628906,0.0
AFGC,2022-04-21,22.350000381469727,22.5,21.959999084472656,22.10700035095215,11000,17.857332229614258,0.0
AFGC,2022-04-22,22.190000534057617,22.3700008392334,21.601999282836914,22.104000091552734,7000,17.854907989501953,0.0
AFGC,2022-04-25,22.10300064086914,22.110000610351562,21.8799991607666,21.989999771118164,3800,17.76282501220703,0.0
AFGC,2022-04-26,21.950000762939453,22.200000762939453,21.600000381469727,21.600000381469727,8000,17.44779396057129,0.0
AFGC,2022-04-27,21.75,21.799999237060547,21.149999618530273,21.420000076293945,21500,17.30239486694336,0.0
AFGC,2022-04-28,21.450000762939453,21.854999542236328,21.31999969482422,21.600000381469727,6800,17.44779396057129,0.0
AFGC,2022-04-29,21.735000610351562,22.139999389648438,21.38599967956543,22.1299991607666,28200,17.875905990600586,0.0
AFGC,2022-05-02,21.899999618530273,21.920000076293945,21.216999053955078,21.6299991607666,8700,17.472026824951172,0.0
AFGC,2022-05-03,22.010000228881836,22.020000457763672,21.231000900268555,21.81999969482422,16400,17.62550163269043,0.0
AFGC,2022-05-04,22.0,22.309999465942383,21.454999923706055,22.06999969482422,20000,17.827442169189453,0.0
AFGC,2022-05-05,21.579999923706055,22.43000030517578,21.579999923706055,21.75,10400,17.568960189819336,0.0
AFGC,2022-05-06,21.375999450683594,21.940000534057617,21.209999084472656,21.489999771118164,7300,17.358938217163086,0.0
AFGC,2022-05-09,21.297000885009766,21.46500015258789,21.18000030517578,21.19300079345703,11400,17.11903190612793,0.0
AFGC,2022-05-10,21.450000762939453,21.850000381469727,21.24799919128418,21.329999923706055,13200,17.229694366455078,0.0
AFGC,2022-05-11,21.260000228881836,21.889999389648438,21.260000228881836,21.555999755859375,33600,17.41225242614746,0.0
AFGC,2022-05-12,21.420000076293945,21.790000915527344,21.420000076293945,21.670000076293945,10400,17.504337310791016,0.0
AFGC,2022-05-13,21.690000534057617,21.809999465942383,21.510000228881836,21.679000854492188,8300,17.511608123779297,0.0
AFGC,2022-05-16,21.700000762939453,21.8799991607666,21.482999801635742,21.62700080871582,16600,17.469602584838867,0.0
AFGC,2022-05-17,21.84000015258789,22.1299991607666,21.510000228881836,21.549999237060547,6200,17.40740394592285,0.0
AFGC,2022-05-18,21.459999084472656,21.770999908447266,21.459999084472656,21.687999725341797,4800,17.51887321472168,0.0
AFGC,2022-05-19,21.832000732421875,21.9950008392334,21.510000228881836,21.9950008392334,2600,17.766860961914062,0.0
AFGC,2022-05-20,22.059999465942383,22.170000076293945,21.700000762939453,21.889999389648438,10500,17.68204689025879,0.0
AFGC,2022-05-23,22.170000076293945,22.170000076293945,21.90999984741211,22.040000915527344,4200,17.803213119506836,0.0
AFGC,2022-05-24,22.030000686645508,22.280000686645508,21.98200035095215,22.020000457763672,2700,17.787059783935547,0.0
AFGC,2022-05-25,22.049999237060547,22.63599967956543,22.049999237060547,22.329999923706055,4800,18.037464141845703,0.0
AFGC,2022-05-26,22.469999313354492,23.190000534057617,22.195999145507812,22.799999237060547,6200,18.417116165161133,0.0
AFGC,2022-05-27,22.899999618530273,23.535999298095703,22.899999618530273,23.459999084472656,9000,18.950241088867188,0.0
AFGC,2022-05-31,23.200000762939453,23.420000076293945,22.320999145507812,23.420000076293945,40700,19.179548263549805,0.32
AFGC,2022-06-01,23.190000534057617,23.43400001525879,23.190000534057617,23.350000381469727,8800,19.12221908569336,0.0
AFGC,2022-06-02,23.260000228881836,23.5,22.809999465942383,23.110000610351562,7000,18.92567253112793,0.0
AFGC,2022-06-03,23.010000228881836,23.350000381469727,22.84000015258789,23.34000015258789,6700,19.114028930664062,0.0
AFGC,2022-06-06,23.200000762939453,23.45800018310547,22.8439998626709,22.8439998626709,4500,18.707836151123047,0.0
AFGC,2022-06-07,22.8799991607666,23.149999618530273,22.844999313354492,23.149999618530273,4400,18.95842742919922,0.0
AFGC,2022-06-08,23.25,23.489999771118164,22.85099983215332,23.34000015258789,8600,19.114028930664062,0.0
AFGC,2022-06-09,23.219999313354492,23.3799991607666,22.729999542236328,22.969999313354492,8600,18.811019897460938,0.0
AFGC,2022-06-10,22.719999313354492,23.43000030517578,22.283000946044922,22.979999542236328,29600,18.819211959838867,0.0
AFGC,2022-06-13,22.600000381469727,22.8799991607666,22.049999237060547,22.43400001525879,11400,18.3720703125,0.0
AFGC,2022-06-14,22.510000228881836,22.80500030517578,22.350000381469727,22.489999771118164,10700,18.417930603027344,0.0
AFGC,2022-06-15,22.540000915527344,22.639999389648438,21.84000015258789,21.930999755859375,4000,17.960147857666016,0.0
AFGC,2022-06-16,21.950000762939453,22.049999237060547,21.51099967956543,21.809999465942383,8900,17.861053466796875,0.0
AFGC,2022-06-17,21.93000030517578,22.549999237060547,21.899999618530273,22.219999313354492,4800,18.19681739807129,0.0
AFGC,2022-06-21,22.309999465942383,22.399999618530273,22.222000122070312,22.239999771118164,8500,18.213197708129883,0.0
AFGC,2022-06-22,22.719999313354492,22.719999313354492,21.889999389648438,22.31999969482422,4200,18.278711318969727,0.0
AFGC,2022-06-23,22.280000686645508,22.8799991607666,22.25,22.506000518798828,4800,18.4310359954834,0.0
AFGC,2022-06-24,22.510000228881836,23.510000228881836,22.239999771118164,22.239999771118164,4300,18.213197708129883,0.0
AFGC,2022-06-27,22.6200008392334,22.969999313354492,22.270000457763672,22.274999618530273,5000,18.241859436035156,0.0
AFGC,2022-06-28,22.982999801635742,22.982999801635742,22.329999923706055,22.405000686645508,1800,18.348323822021484,0.0
AFGC,2022-06-29,22.649999618530273,22.649999618530273,22.610000610351562,22.610000610351562,1000,18.516202926635742,0.0
AFGC,2022-06-30,22.809999465942383,22.979999542236328,22.06999969482422,22.06999969482422,22400,18.073976516723633,0.0
AFGC,2022-07-01,22.219999313354492,22.31800079345703,22.02400016784668,22.229999542236328,5100,18.205007553100586,0.0
AFGC,2022-07-05,22.149999618530273,22.2549991607666,22.030000686645508,22.06999969482422,5200,18.073976516723633,0.0
AFGC,2022-07-06,22.139999389648438,22.211999893188477,21.809999465942383,21.809999465942383,5300,17.861053466796875,0.0
AFGC,2022-07-07,21.979999542236328,22.059999465942383,21.809999465942383,21.93000030517578,9900,17.959327697753906,0.0
AFGC,2022-07-08,21.899999618530273,22.229999542236328,21.899999618530273,22.13599967956543,2200,18.128026962280273,0.0
AFGC,2022-07-11,22.0939998626709,22.386999130249023,21.780000686645508,22.299999237060547,7100,18.2623348236084,0.0
AFGC,2022-07-12,22.43000030517578,22.43000030517578,22.399999618530273,22.399999618530273,1100,18.34422492980957,0.0
AFGC,2022-07-13,22.399999618530273,22.625999450683594,21.934999465942383,22.625999450683594,1500,18.52930450439453,0.0
AFGC,2022-07-14,22.5,22.5,22.31999969482422,22.31999969482422,4300,18.278711318969727,0.0
AFGC,2022-07-15,22.360000610351562,22.700000762939453,22.350000381469727,22.69700050354004,7300,18.587451934814453,0.0
AFGC,2022-07-18,22.46500015258789,22.700000762939453,22.260000228881836,22.565000534057617,2700,18.479352951049805,0.0
AFGC,2022-07-19,22.415000915527344,22.625999450683594,22.1299991607666,22.625999450683594,3900,18.52930450439453,0.0
AFGC,2022-07-20,22.631999969482422,22.631999969482422,22.309999465942383,22.450000762939453,4200,18.385175704956055,0.0
AFGC,2022-07-21,22.43000030517578,22.690000534057617,22.43000030517578,22.613000869750977,3700,18.51866340637207,0.0
AFGC,2022-07-22,22.68000030517578,22.68000030517578,22.5,22.652999877929688,8600,18.551416397094727,0.0
AFGC,2022-07-25,22.549999237060547,23.700000762939453,22.549999237060547,23.1200008392334,5900,18.933862686157227,0.0
AFGC,2022-07-26,23.1200008392334,23.5049991607666,23.117000579833984,23.399999618530273,1300,19.163166046142578,0.0
AFGC,2022-07-27,23.209999084472656,23.239999771118164,23.0,23.1200008392334,7000,18.933862686157227,0.0
AFGC,2022-07-28,23.1200008392334,23.729999542236328,22.950000762939453,23.540000915527344,5500,19.277816772460938,0.0
AFGC,2022-07-29,23.506999969482422,25.0049991607666,23.235000610351562,24.850000381469727,21700,20.350629806518555,0.0
AFGC,2022-08-01,24.649999618530273,24.979999542236328,23.531999588012695,24.649999618530273,12000,20.186838150024414,0.0
AFGC,2022-08-02,23.940000534057617,25.399999618530273,23.549999237060547,25.0,25100,20.473468780517578,0.0
AFGC,2022-08-03,24.0310001373291,25.56999969482422,24.0310001373291,25.56999969482422,21100,20.94025993347168,0.0
AFGC,2022-08-04,25.489999771118164,26.219999313354492,25.239999771118164,26.219999313354492,19500,21.472572326660156,0.0
AFGC,2022-08-05,25.920000076293945,26.049999237060547,25.104999542236328,25.65999984741211,43700,21.013965606689453,0.0
AFGC,2022-08-08,26.06999969482422,26.09000015258789,25.700000762939453,25.709999084472656,6200,21.054914474487305,0.0
AFGC,2022-08-09,25.59000015258789,25.59000015258789,25.040000915527344,25.280000686645508,2700,20.70277214050293,0.0
AFGC,2022-08-10,25.530000686645508,25.670000076293945,25.010000228881836,25.010000228881836,7700,20.481658935546875,0.0
AFGC,2022-08-11,25.06999969482422,26.200000762939453,25.049999237060547,25.200000762939453,20300,20.63725471496582,0.0
AFGC,2022-08-12,25.94099998474121,25.94099998474121,25.152000427246094,25.450000762939453,3300,20.841991424560547,0.0
AFGC,2022-08-15,26.0,26.0,24.690000534057617,25.329999923706055,4800,20.743717193603516,0.0
AFGC,2022-08-16,26.0,26.0,25.31999969482422,25.600000381469727,2800,20.964832305908203,0.0
AFGC,2022-08-17,25.850000381469727,25.898000717163086,24.618000030517578,24.889999389648438,7500,20.383384704589844,0.0
AFGC,2022-08-18,24.632999420166016,25.551000595092773,24.584999084472656,25.229999542236328,7700,20.661823272705078,0.0
AFGC,2022-08-19,25.190000534057617,25.565000534057617,24.489999771118164,25.100000381469727,3700,20.555360794067383,0.0
AFGC,2022-08-22,24.979999542236328,24.979999542236328,24.329999923706055,24.329999923706055,4000,19.92477798461914,0.0
AFGC,2022-08-23,24.15999984741211,24.15999984741211,22.75,23.219999313354492,23700,19.015756607055664,0.0
AFGC,2022-08-24,23.170000076293945,23.5,22.809999465942383,23.030000686645508,11500,18.860158920288086,0.0
AFGC,2022-08-25,23.149999618530273,23.322999954223633,23.059999465942383,23.149999618530273,8400,18.95842742919922,0.0
AFGC,2022-08-26,23.200000762939453,23.253999710083008,22.913999557495117,22.913999557495117,11000,18.765159606933594,0.0
AFGC,2022-08-29,22.809999465942383,23.166000366210938,22.700000762939453,22.709999084472656,5300,18.59809684753418,0.0
AFGC,2022-08-30,22.84000015258789,22.84000015258789,22.559999465942383,22.610000610351562,6800,18.516202926635742,0.0
AFGC,2022-08-31,22.459999084472656,22.459999084472656,21.809999465942383,21.940000534057617,11300,18.2254581451416,0.32
AFGC,2022-09-01,21.799999237060547,21.799999237060547,21.399999618530273,21.59000015258789,9600,17.93471908569336,0.0
AFGC,2022-09-02,21.799999237060547,21.799999237060547,21.420000076293945,21.420000076293945,7000,17.793495178222656,0.0
AFGC,2022-09-06,21.799999237060547,21.799999237060547,21.059999465942383,21.059999465942383,18600,17.494447708129883,0.0
AFGC,2022-09-07,21.253000259399414,21.34000015258789,21.110000610351562,21.149999618530273,3800,17.569210052490234,0.0
AFGC,2022-09-08,21.010000228881836,21.4689998626709,20.899999618530273,20.90999984741211,11400,17.369842529296875,0.0
AFGC,2022-09-09,21.020000457763672,21.590999603271484,21.0,21.18000030517578,7500,17.59412956237793,0.0
AFGC,2022-09-12,21.507999420166016,21.600000381469727,21.280000686645508,21.280000686645508,2300,17.677200317382812,0.0
AFGC,2022-09-13,20.940000534057617,21.219999313354492,20.940000534057617,21.219999313354492,8300,17.627357482910156,0.0
AFGC,2022-09-14,21.149999618530273,21.229999542236328,21.149999618530273,21.229999542236328,6700,17.635665893554688,0.0
AFGC,2022-09-15,21.299999237060547,21.299999237060547,21.010000228881836,21.100000381469727,6800,17.527679443359375,0.0
AFGC,2022-09-16,21.100000381469727,21.40999984741211,20.899999618530273,21.100000381469727,11700,17.527679443359375,0.0
AFGC,2022-09-19,21.030000686645508,21.43000030517578,20.97100067138672,21.15999984741211,8000,17.577516555786133,0.0
AFGC,2022-09-20,21.06999969482422,21.06999969482422,20.791000366210938,20.989999771118164,4500,17.436298370361328,0.0
AFGC,2022-09-21,21.059999465942383,21.34000015258789,20.790000915527344,21.34000015258789,4400,17.727039337158203,0.0
AFGC,2022-09-22,21.290000915527344,21.290000915527344,20.881999969482422,20.969999313354492,7000,17.4196834564209,0.0
AFGC,2022-09-23,21.020000457763672,21.09000015258789,20.600000381469727,20.600000381469727,7600,17.112333297729492,0.0
AFGC,2022-09-26,20.610000610351562,20.815000534057617,20.3700008392334,20.700000762939453,7300,17.195398330688477,0.0
AFGC,2022-09-27,20.760000228881836,20.979999542236328,20.582000732421875,20.979999542236328,8000,17.427989959716797,0.0
AFGC,2022-09-28,20.8700008392334,21.25,20.799999237060547,21.170000076293945,8700,17.58582305908203,0.0
AFGC,2022-09-29,21.15999984741211,21.200000762939453,20.84000015258789,21.18000030517578,8800,17.59412956237793,0.0
AFGC,2022-09-30,21.219999313354492,21.219999313354492,20.850000381469727,21.020000457763672,10500,17.461219787597656,0.0
AFGC,2022-10-03,21.25,21.5,21.1200008392334,21.149999618530273,6700,17.569210052490234,0.0
AFGC,2022-10-04,21.18000030517578,21.25,21.100000381469727,21.1200008392334,4300,17.54429054260254,0.0
AFGC,2022-10-05,21.010000228881836,21.010000228881836,20.899999618530273,20.899999618530273,5600,17.361534118652344,0.0
AFGC,2022-10-06,21.079999923706055,21.09000015258789,20.709999084472656,20.709999084472656,4600,17.203704833984375,0.0
AFGC,2022-10-07,20.65999984741211,20.709999084472656,20.440000534057617,20.479999542236328,4600,17.012645721435547,0.0
AFGC,2022-10-10,20.479999542236328,20.922000885009766,20.149999618530273,20.190000534057617,5000,16.77174186706543,0.0
AFGC,2022-10-11,20.290000915527344,20.290000915527344,19.920000076293945,19.989999771118164,10800,16.605606079101562,0.0
AFGC,2022-10-12,19.940000534057617,20.264999389648438,19.79800033569336,20.09000015258789,10700,16.688676834106445,0.0
AFGC,2022-10-13,20.040000915527344,20.139999389648438,19.299999237060547,19.670000076293945,37900,16.33978271484375,0.0
AFGC,2022-10-14,19.760000228881836,19.920000076293945,19.459999084472656,19.549999237060547,12300,16.240097045898438,0.0
AFGC,2022-10-17,19.600000381469727,20.215999603271484,19.5,19.579999923706055,4700,16.265016555786133,0.0
AFGC,2022-10-18,19.610000610351562,19.649999618530273,19.450000762939453,19.6200008392334,8200,16.298246383666992,0.0
AFGC,2022-10-19,19.60300064086914,19.604000091552734,19.209999084472656,19.274999618530273,5700,16.011659622192383,0.0
AFGC,2022-10-20,19.3799991607666,19.3799991607666,18.8799991607666,18.8799991607666,5000,15.68353271484375,0.0
AFGC,2022-10-21,18.81999969482422,19.091999053955078,18.670000076293945,18.780000686645508,7500,15.600462913513184,0.0
AFGC,2022-10-24,18.860000610351562,19.125,18.81999969482422,18.920000076293945,12000,15.716760635375977,0.0
AFGC,2022-10-25,19.059999465942383,19.260000228881836,18.90999984741211,19.19499969482422,7800,15.945201873779297,0.0
AFGC,2022-10-26,18.979000091552734,20.06999969482422,18.979000091552734,19.399999618530273,16500,16.11549186706543,0.0
AFGC,2022-10-27,19.420000076293945,19.739999771118164,19.299999237060547,19.399999618530273,15500,16.11549186706543,0.0
AFGC,2022-10-28,19.7189998626709,19.790000915527344,19.399999618530273,19.59000015258789,6800,16.27332878112793,0.0
AFGC,2022-10-31,19.59000015258789,19.860000610351562,19.440000534057617,19.860000610351562,33300,16.497610092163086,0.0
AFGC,2022-11-01,20.030000686645508,20.030000686645508,19.3700008392334,19.670000076293945,7500,16.33978271484375,0.0
AFGC,2022-11-02,19.729999542236328,19.729999542236328,19.25,19.389999389648438,11400,16.10718536376953,0.0
AFGC,2022-11-03,19.139999389648438,19.35700035095215,18.950000762939453,18.950000762939453,9200,15.741683006286621,0.0
AFGC,2022-11-04,19.0,19.0,18.809999465942383,19.0,14000,15.783215522766113,0.0
AFGC,2022-11-07,19.100000381469727,19.1299991607666,18.809999465942383,19.049999237060547,4900,15.824750900268555,0.0
AFGC,2022-11-08,19.1299991607666,19.329999923706055,18.89299964904785,19.135000228881836,2700,15.895359992980957,0.0
AFGC,2022-11-09,19.100000381469727,19.329999923706055,18.950000762939453,19.209999084472656,19300,15.957660675048828,0.0
AFGC,2022-11-10,19.34000015258789,20.190000534057617,19.34000015258789,20.190000534057617,8500,16.77174186706543,0.0
AFGC,2022-11-11,20.200000762939453,20.829999923706055,20.149999618530273,20.6299991607666,6900,17.137248992919922,0.0
AFGC,2022-11-14,20.6299991607666,20.6299991607666,19.950000762939453,20.0,30300,16.613908767700195,0.0
AFGC,2022-11-15,20.149999618530273,20.799999237060547,20.06999969482422,20.135000228881836,8300,16.72605323791504,0.0
AFGC,2022-11-16,20.360000610351562,20.360000610351562,20.139999389648438,20.275999069213867,32700,16.843181610107422,0.0
AFGC,2022-11-17,20.219999313354492,20.219999313354492,19.75,20.049999237060547,117400,16.655445098876953,0.0
AFGC,2022-11-18,20.200000762939453,20.270000457763672,20.000999450683594,20.229999542236328,120200,16.80497169494629,0.0
AFGC,2022-11-21,20.270000457763672,20.479999542236328,19.989999771118164,20.0,62800,16.613908767700195,0.0
AFGC,2022-11-22,20.125,20.200000762939453,19.950000762939453,20.020000457763672,26700,16.630523681640625,0.0
AFGC,2022-11-23,20.09000015258789,20.440000534057617,20.065000534057617,20.270000457763672,21300,16.83820152282715,0.0
AFGC,2022-11-25,20.31999969482422,20.472999572753906,20.31999969482422,20.469999313354492,2300,17.00433921813965,0.0
AFGC,2022-11-28,20.5,20.5,20.3439998626709,20.459999084472656,12500,16.996028900146484,0.0
AFGC,2022-11-29,20.479999542236328,20.5,20.229999542236328,20.489999771118164,14500,17.020950317382812,0.0
AFGC,2022-11-30,20.170000076293945,20.829999923706055,19.8700008392334,20.829999923706055,38000,17.57790756225586,0.32
AFGC,2022-12-01,20.84000015258789,21.079999923706055,20.6200008392334,21.079999923706055,19500,17.78887939453125,0.0
AFGC,2022-12-02,20.920000076293945,21.360000610351562,20.530000686645508,21.350000381469727,16800,18.0167236328125,0.0
AFGC,2022-12-05,21.290000915527344,21.360000610351562,21.010000228881836,21.06999969482422,8800,17.780439376831055,0.0
AFGC,2022-12-06,21.190000534057617,21.190000534057617,20.59000015258789,20.989999771118164,6500,17.712926864624023,0.0
AFGC,2022-12-07,20.989999771118164,21.139999389648438,20.65999984741211,21.075000762939453,9900,17.78466033935547,0.0
AFGC,2022-12-08,21.1200008392334,21.729999542236328,20.989999771118164,21.600000381469727,38300,18.227691650390625,0.0
AFGC,2022-12-09,21.579999923706055,21.6200008392334,21.059999465942383,21.530000686645508,7800,18.168624877929688,0.0
AFGC,2022-12-12,21.3799991607666,21.639999389648438,21.18000030517578,21.350000381469727,7000,18.0167236328125,0.0
AFGC,2022-12-13,21.829999923706055,21.8799991607666,21.15999984741211,21.6299991607666,8500,18.253007888793945,0.0
AFGC,2022-12-14,21.6200008392334,22.030000686645508,21.58099937438965,21.850000381469727,10400,18.438661575317383,0.0
AFGC,2022-12-15,21.979999542236328,22.054000854492188,21.360000610351562,21.360000610351562,24200,18.025161743164062,0.0
AFGC,2022-12-16,21.290000915527344,22.149999618530273,21.190000534057617,22.040000915527344,43300,18.5989990234375,0.0
AFGC,2022-12-19,21.93000030517578,22.229999542236328,21.3700008392334,21.959999084472656,10300,18.53148651123047,0.0
AFGC,2022-12-20,21.989999771118164,22.290000915527344,21.639999389648438,22.1299991607666,12900,18.674943923950195,0.0
AFGC,2022-12-21,22.049999237060547,22.3700008392334,21.799999237060547,22.100000381469727,11900,18.649629592895508,0.0
AFGC,2022-12-22,21.90999984741211,22.260000228881836,21.559999465942383,21.889999389648438,12700,18.4724178314209,0.0
AFGC,2022-12-23,21.790000915527344,22.2189998626709,21.5,21.719999313354492,8900,18.328954696655273,0.0
AFGC,2022-12-27,21.56999969482422,21.95599937438965,21.190000534057617,21.31999969482422,12800,17.99140739440918,0.0
AFGC,2022-12-28,21.31999969482422,21.565000534057617,20.829999923706055,21.040000915527344,7900,17.755123138427734,0.0
AFGC,2022-12-29,21.030000686645508,21.31800079345703,20.94099998474121,20.954999923706055,3800,17.68339729309082,0.0
AFGC,2022-12-30,20.709999084472656,20.950000762939453,20.520000457763672,20.610000610351562,10200,17.392257690429688,0.0
AFGC,2023-01-03,20.6200008392334,20.92300033569336,20.270000457763672,20.600000381469727,24800,17.383821487426758,0.0
AFGC,2023-01-04,20.59000015258789,21.06999969482422,20.437999725341797,20.950000762939453,7400,17.67917251586914,0.0
AFGC,2023-01-05,20.899999618530273,21.770000457763672,20.739999771118164,21.450000762939453,8500,18.10111427307129,0.0
AFGC,2023-01-06,21.610000610351562,22.149999618530273,21.610000610351562,21.93000030517578,9300,18.50617027282715,0.0
AFGC,2023-01-09,22.079999923706055,22.139999389648438,21.34000015258789,21.899999618530273,7500,18.480852127075195,0.0
AFGC,2023-01-10,22.020000457763672,22.100000381469727,21.469999313354492,21.780000686645508,4800,18.379592895507812,0.0
AFGC,2023-01-11,22.09000015258789,22.479999542236328,21.700000762939453,22.299999237060547,4400,18.818405151367188,0.0
AFGC,2023-01-12,22.329999923706055,22.483999252319336,21.920000076293945,22.26799964904785,3700,18.791400909423828,0.0
AFGC,2023-01-13,22.260000228881836,22.698999404907227,22.25,22.469999313354492,2000,18.96186065673828,0.0
AFGC,2023-01-17,22.639999389648438,22.8799991607666,22.6299991607666,22.850000381469727,10300,19.282535552978516,0.0
AFGC,2023-01-18,22.799999237060547,23.329999923706055,22.799999237060547,23.31399917602539,12500,19.67409324645996,0.0
AFGC,2023-01-19,23.239999771118164,23.3700008392334,23.006999969482422,23.200000762939453,6000,19.57789421081543,0.0
AFGC,2023-01-20,23.200000762939453,23.209999084472656,22.975000381469727,23.15999984741211,6400,19.544137954711914,0.0
AFGC,2023-01-23,23.0,23.520000457763672,22.850000381469727,23.5,12100,19.831052780151367,0.0
AFGC,2023-01-24,23.459999084472656,23.540000915527344,22.959999084472656,22.959999084472656,5800,19.3753604888916,0.0
AFGC,2023-01-25,23.030000686645508,23.37299919128418,22.860000610351562,22.860000610351562,3700,19.29097557067871,0.0
AFGC,2023-01-26,23.079999923706055,23.575000762939453,22.8700008392334,22.989999771118164,8700,19.400680541992188,0.0
AFGC,2023-01-27,23.586000442504883,23.586000442504883,22.850000381469727,22.860000610351562,6100,19.29097557067871,0.0
AFGC,2023-01-30,23.450000762939453,23.450000762939453,22.93000030517578,23.149999618530273,8900,19.53569793701172,0.0
AFGC,2023-01-31,23.040000915527344,23.440000534057617,23.040000915527344,23.299999237060547,12200,19.662277221679688,0.0
AFGC,2023-02-01,23.469999313354492,23.510000228881836,23.030000686645508,23.43000030517578,4900,19.771984100341797,0.0
AFGC,2023-02-02,23.399999618530273,23.399999618530273,23.020000457763672,23.020000457763672,9100,19.425996780395508,0.0
AFGC,2023-02-03,22.84000015258789,23.450000762939453,22.75,22.75,6300,19.198148727416992,0.0
AFGC,2023-02-06,22.530000686645508,23.010000228881836,22.530000686645508,22.829999923706055,4500,19.265657424926758,0.0
AFGC,2023-02-07,22.950000762939453,22.950000762939453,22.510000228881836,22.799999237060547,3000,19.24034309387207,0.0
AFGC,2023-02-08,22.549999237060547,23.149999618530273,22.549999237060547,23.09000015258789,5300,19.485065460205078,0.0
AFGC,2023-02-09,23.25,23.295000076293945,22.81999969482422,23.079999923706055,4300,19.476625442504883,0.0
AFGC,2023-02-10,22.5,22.809999465942383,22.5,22.530000686645508,3700,19.012495040893555,0.0
AFGC,2023-02-13,22.56999969482422,22.655000686645508,22.530000686645508,22.549999237060547,7700,19.02937126159668,0.0
AFGC,2023-02-14,22.719999313354492,22.8439998626709,22.65999984741211,22.709999084472656,3100,19.16438865661621,0.0
AFGC,2023-02-15,22.610000610351562,22.75,22.540000915527344,22.540000915527344,2900,19.02093505859375,0.0
AFGC,2023-02-16,22.5,22.639999389648438,22.469999313354492,22.469999313354492,3500,18.96186065673828,0.0
AFGC,2023-02-17,22.530000686645508,22.530000686645508,22.395000457763672,22.399999618530273,3000,18.902793884277344,0.0
AFGC,2023-02-21,22.239999771118164,22.239999771118164,21.8700008392334,22.110000610351562,7600,18.658071517944336,0.0
AFGC,2023-02-22,21.81999969482422,22.290000915527344,21.81999969482422,21.90999984741211,2000,18.489290237426758,0.0
AFGC,2023-02-23,22.280000686645508,22.280000686645508,21.899999618530273,22.200000762939453,2200,18.734018325805664,0.0
AFGC,2023-02-24,22.110000610351562,22.149999618530273,21.725000381469727,22.1200008392334,2800,18.6665096282959,0.0
AFGC,2023-02-27,22.049999237060547,22.200000762939453,21.670000076293945,22.200000762939453,3600,18.734018325805664,0.0
AFGC,2023-02-28,21.969999313354492,22.079999923706055,21.549999237060547,21.549999237060547,14800,18.451467514038086,0.32
AFGC,2023-03-01,21.6200008392334,21.979999542236328,21.547000885009766,21.690000534057617,5900,18.571334838867188,0.0
AFGC,2023-03-02,21.670000076293945,21.756000518798828,21.329999923706055,21.440000534057617,4300,18.357280731201172,0.0
AFGC,2023-03-03,21.684999465942383,21.94700050354004,21.6200008392334,21.850000381469727,6300,18.708332061767578,0.0
AFGC,2023-03-06,21.729999542236328,22.030000686645508,21.558000564575195,21.989999771118164,3700,18.82819938659668,0.0
AFGC,2023-03-07,22.09000015258789,22.100000381469727,21.760000228881836,21.93000030517578,2500,18.776826858520508,0.0
AFGC,2023-03-08,21.940000534057617,21.940000534057617,21.922000885009766,21.940000534057617,1400,18.785388946533203,0.0
AFGC,2023-03-09,21.809999465942383,21.95599937438965,21.15999984741211,21.170000076293945,4600,18.1261043548584,0.0
AFGC,2023-03-10,20.395999908447266,21.520000457763672,20.395999908447266,20.559999465942383,4500,17.603811264038086,0.0
AFGC,2023-03-13,20.65999984741211,20.65999984741211,19.700000762939453,20.170000076293945,10700,17.269886016845703,0.0
AFGC,2023-03-14,20.280000686645508,21.299999237060547,20.204999923706055,20.864999771118164,5600,17.864959716796875,0.0
AFGC,2023-03-15,20.190000534057617,20.399999618530273,19.90999984741211,20.200000762939453,7600,17.295574188232422,0.0
AFGC,2023-03-16,19.979999542236328,21.040000915527344,19.979999542236328,20.479999542236328,18300,17.535314559936523,0.0
AFGC,2023-03-17,20.600000381469727,20.600000381469727,19.981000900268555,20.579999923706055,4700,17.620935440063477,0.0
AFGC,2023-03-20,20.260000228881836,20.260000228881836,20.0,20.0,5400,17.12432861328125,0.0
AFGC,2023-03-21,20.149999618530273,21.0,19.93000030517578,20.475000381469727,20600,17.531036376953125,0.0
AFGC,2023-03-22,20.309999465942383,20.90999984741211,20.309999465942383,20.639999389648438,4100,17.672306060791016,0.0
AFGC,2023-03-23,20.690000534057617,20.780000686645508,19.979999542236328,19.979999542236328,8500,17.107208251953125,0.0
AFGC,2023-03-24,20.25,20.25,19.09000015258789,19.350000381469727,17700,16.56778907775879,0.0
AFGC,2023-03-27,19.530000686645508,19.68000030517578,19.09000015258789,19.190000534057617,18900,16.430795669555664,0.0
AFGC,2023-03-28,19.399999618530273,19.75,18.81999969482422,18.959999084472656,24000,16.233863830566406,0.0
AFGC,2023-03-29,19.110000610351562,20.06999969482422,19.0,19.100000381469727,19200,16.353736877441406,0.0
AFGC,2023-03-30,19.25,19.704999923706055,18.959999084472656,19.309999465942383,28900,16.533540725708008,0.0
AFGC,2023-03-31,19.329999923706055,19.8799991607666,19.139999389648438,19.34000015258789,201900,16.559228897094727,0.0
AFGC,2023-04-03,19.469999313354492,20.3700008392334,19.469999313354492,20.360000610351562,28300,17.432571411132812,0.0
AFGC,2023-04-04,20.170000076293945,20.65999984741211,20.170000076293945,20.649999618530273,20700,17.68086814880371,0.0
AFGC,2023-04-05,20.350000381469727,20.770000457763672,20.350000381469727,20.549999237060547,11100,17.595247268676758,0.0
AFGC,2023-04-06,20.540000915527344,20.829999923706055,20.540000915527344,20.75,3600,17.76649284362793,0.0
AFGC,2023-04-10,20.829999923706055,21.149999618530273,20.760000228881836,21.149999618530273,6800,18.108980178833008,0.0
AFGC,2023-04-11,21.010000228881836,21.270000457763672,21.010000228881836,21.270000457763672,3800,18.21172332763672,0.0
AFGC,2023-04-12,21.290000915527344,21.540000915527344,21.290000915527344,21.479999542236328,7500,18.391529083251953,0.0
AFGC,2023-04-13,21.479999542236328,21.989999771118164,21.420000076293945,21.850000381469727,11200,18.708332061767578,0.0
AFGC,2023-04-14,21.860000610351562,21.878000259399414,21.649999618530273,21.850000381469727,4000,18.708332061767578,0.0
AFGC,2023-04-17,21.8700008392334,22.163999557495117,21.649999618530273,22.149999618530273,16300,18.965194702148438,0.0
AFGC,2023-04-18,22.200000762939453,22.389999389648438,22.0049991607666,22.389999389648438,6500,19.17068862915039,0.0
AFGC,2023-04-19,22.170000076293945,22.385000228881836,21.719999313354492,22.0,19000,18.836761474609375,0.0
AFGC,2023-04-20,21.899999618530273,22.334999084472656,21.899999618530273,22.125,12800,18.943788528442383,0.0
AFGC,2023-04-21,22.149999618530273,22.569000244140625,22.149999618530273,22.389999389648438,4300,19.17068862915039,0.0
AFGC,2023-04-24,22.530000686645508,22.690000534057617,22.0,22.530000686645508,5400,19.290557861328125,0.0
AFGC,2023-04-25,22.079999923706055,22.6299991607666,22.079999923706055,22.6299991607666,2800,19.376178741455078,0.0
AFGC,2023-04-26,21.360000610351562,22.704999923706055,21.360000610351562,22.420000076293945,7200,19.19637107849121,0.0
AFGC,2023-04-27,22.395000457763672,22.450000762939453,22.200000762939453,22.450000762939453,6800,19.222063064575195,0.0
AFGC,2023-04-28,22.299999237060547,23.25,21.93000030517578,22.940000534057617,38600,19.64160919189453,0.0
AFGC,2023-05-01,22.940000534057617,23.049999237060547,22.388999938964844,22.700000762939453,18900,19.43611717224121,0.0
AFGC,2023-05-02,22.549999237060547,22.610000610351562,21.969999313354492,22.290000915527344,5500,19.085065841674805,0.0
AFGC,2023-05-03,22.351999282836914,22.447999954223633,21.799999237060547,22.447999954223633,10300,19.220346450805664,0.0
AFGC,2023-05-04,22.229999542236328,22.229999542236328,20.670000076293945,20.75,6300,17.76649284362793,0.0
AFGC,2023-05-05,21.040000915527344,21.893999099731445,21.040000915527344,21.420000076293945,6800,18.340158462524414,0.0
AFGC,2023-05-08,21.15999984741211,21.329999923706055,21.110000610351562,21.239999771118164,9300,18.1860408782959,0.0
AFGC,2023-05-09,21.239999771118164,21.239999771118164,20.8799991607666,21.0,3900,17.980546951293945,0.0
AFGC,2023-05-10,21.0,21.68000030517578,20.850000381469727,21.299999237060547,8100,18.23741340637207,0.0
AFGC,2023-05-11,21.049999237060547,21.3799991607666,21.01300048828125,21.170000076293945,21900,18.1261043548584,0.0
AFGC,2023-05-12,21.25,21.530000686645508,21.020000457763672,21.329999923706055,6600,18.263097763061523,0.0
AFGC,2023-05-15,21.450000762939453,21.450000762939453,20.850000381469727,21.15999984741211,5300,18.11754035949707,0.0
AFGC,2023-05-16,21.790000915527344,21.790000915527344,21.079999923706055,21.09000015258789,10200,18.057605743408203,0.0
AFGC,2023-05-17,21.398000717163086,21.6200008392334,21.100000381469727,21.559999465942383,4400,18.46002769470215,0.0
AFGC,2023-05-18,21.440000534057617,21.899999618530273,21.148000717163086,21.40999984741211,58000,18.33159637451172,0.0
AFGC,2023-05-19,21.6299991607666,21.6299991607666,20.670000076293945,21.079999923706055,5000,18.049043655395508,0.0
AFGC,2023-05-22,21.200000762939453,21.200000762939453,20.601999282836914,20.81999969482422,10200,17.82642936706543,0.0
AFGC,2023-05-23,20.84000015258789,20.84000015258789,20.790000915527344,20.84000015258789,2600,17.84355354309082,0.0
AFGC,2023-05-24,20.8700008392334,20.8700008392334,20.520000457763672,20.670000076293945,11400,17.697996139526367,0.0
AFGC,2023-05-25,20.739999771118164,20.850000381469727,20.530000686645508,20.549999237060547,4400,17.595247268676758,0.0
AFGC,2023-05-26,20.270000457763672,20.860000610351562,20.270000457763672,20.770000457763672,3600,17.78361701965332,0.0
AFGC,2023-05-30,20.799999237060547,21.059999465942383,20.75,21.059999465942383,5600,18.03192138671875,0.0
AFGC,2023-05-31,20.6299991607666,21.040000915527344,20.18000030517578,20.950000762939453,33300,18.21449851989746,0.32
AFGC,2023-06-01,20.700000762939453,21.149999618530273,20.700000762939453,21.020000457763672,7900,18.275360107421875,0.0
AFGC,2023-06-02,21.239999771118164,21.469999313354492,21.200000762939453,21.399999618530273,11700,18.605741500854492,0.0
AFGC,2023-06-05,21.399999618530273,21.450000762939453,21.15999984741211,21.25,3300,18.475326538085938,0.0
AFGC,2023-06-06,21.06999969482422,21.530000686645508,21.0,21.43000030517578,14200,18.631824493408203,0.0
AFGC,2023-06-07,21.500999450683594,21.500999450683594,21.211999893188477,21.350000381469727,2900,18.56226921081543,0.0
AFGC,2023-06-08,20.940000534057617,21.55699920654297,20.940000534057617,21.399999618530273,5500,18.605741500854492,0.0
AFGC,2023-06-09,21.309999465942383,21.579999923706055,21.125999450683594,21.399999618530273,4600,18.605741500854492,0.0
AFGC,2023-06-12,21.201000213623047,21.3700008392334,21.020000457763672,21.270000457763672,6100,18.492713928222656,0.0
AFGC,2023-06-13,21.229999542236328,21.260000228881836,21.139999389648438,21.229999542236328,4600,18.457935333251953,0.0
AFGC,2023-06-14,21.09000015258789,21.170000076293945,21.049999237060547,21.139999389648438,5600,18.379688262939453,0.0
AFGC,2023-06-15,21.15999984741211,21.229999542236328,20.950000762939453,21.139999389648438,3200,18.379688262939453,0.0
AFGC,2023-06-16,21.0,21.239999771118164,20.799999237060547,21.219999313354492,5700,18.449241638183594,0.0
AFGC,2023-06-20,21.149999618530273,21.149999618530273,20.68000030517578,20.93000030517578,6200,18.197111129760742,0.0
AFGC,2023-06-21,20.75,21.030000686645508,20.75,20.90999984741211,11400,18.179719924926758,0.0
AFGC,2023-06-22,20.75,21.02899932861328,20.75,20.889999389648438,2200,18.162334442138672,0.0
AFGC,2023-06-23,20.889999389648438,21.030000686645508,20.889999389648438,20.899999618530273,4000,18.17102813720703,0.0
AFGC,2023-06-26,21.020000457763672,21.25,20.899999618530273,21.1200008392334,2600,18.362300872802734,0.0
AFGC,2023-06-27,20.993000030517578,21.132999420166016,20.969999313354492,21.049999237060547,1300,18.301443099975586,0.0
AFGC,2023-06-28,20.969999313354492,21.25,20.969999313354492,21.1299991607666,4600,18.370996475219727,0.0
AFGC,2023-06-29,21.049999237060547,21.198999404907227,20.579999923706055,21.059999465942383,3300,18.310134887695312,0.0
AFGC,2023-06-30,20.829999923706055,21.729999542236328,20.829999923706055,21.670000076293945,22200,18.84048843383789,0.0
AFGC,2023-07-03,21.3700008392334,21.549999237060547,21.3700008392334,21.549999237060547,1300,18.736156463623047,0.0
AFGC,2023-07-05,21.920000076293945,22.010000228881836,21.610000610351562,21.610000610351562,5700,18.78832244873047,0.0
AFGC,2023-07-06,21.09600067138672,21.29400062561035,20.975000381469727,20.975000381469727,2200,18.236236572265625,0.0
AFGC,2023-07-07,21.04199981689453,21.075000762939453,20.649999618530273,20.8700008392334,5300,18.144947052001953,0.0
AFGC,2023-07-10,21.1200008392334,21.399999618530273,20.840999603271484,21.020000457763672,2900,18.275360107421875,0.0
AFGC,2023-07-11,21.128999710083008,21.128999710083008,20.809999465942383,20.979999542236328,2800,18.240583419799805,0.0
AFGC,2023-07-12,20.937000274658203,21.381999969482422,20.84000015258789,21.079999923706055,3400,18.327524185180664,0.0
AFGC,2023-07-13,21.184999465942383,21.209999084472656,21.040000915527344,21.209999084472656,2900,18.440549850463867,0.0
AFGC,2023-07-14,21.209999084472656,21.209999084472656,21.0,21.0,4200,18.257970809936523,0.0
AFGC,2023-07-17,21.15999984741211,21.15999984741211,21.010000228881836,21.010000228881836,2600,18.266664505004883,0.0
AFGC,2023-07-18,21.149999618530273,21.200000762939453,21.0,21.0,4800,18.257970809936523,0.0
AFGC,2023-07-19,21.155000686645508,21.309999465942383,21.100000381469727,21.280000686645508,6100,18.50141143798828,0.0
AFGC,2023-07-20,21.260000228881836,21.437999725341797,21.25,21.25,4000,18.475326538085938,0.0
AFGC,2023-07-21,21.30299949645996,21.30299949645996,21.149999618530273,21.149999618530273,4100,18.388383865356445,0.0
AFGC,2023-07-24,21.260000228881836,21.260000228881836,20.950000762939453,21.0,5100,18.257970809936523,0.0
AFGC,2023-07-25,21.0,21.444000244140625,21.0,21.440000534057617,18900,18.640518188476562,0.0
AFGC,2023-07-26,21.368000030517578,21.389999389648438,21.36400032043457,21.389999389648438,4000,18.5970458984375,0.0
AFGC,2023-07-27,21.700000762939453,21.700000762939453,21.06999969482422,21.149999618530273,6300,18.388383865356445,0.0
AFGC,2023-07-28,21.209999084472656,21.209999084472656,20.719999313354492,20.940000534057617,13000,18.2058048248291,0.0
AFGC,2023-07-31,21.010000228881836,21.09000015258789,20.915000915527344,20.959999084472656,9400,18.22319221496582,0.0
AFGC,2023-08-01,20.899999618530273,21.09000015258789,20.649999618530273,20.850000381469727,10400,18.12755584716797,0.0
AFGC,2023-08-02,20.65999984741211,20.739999771118164,20.503999710083008,20.6200008392334,5300,17.927587509155273,0.0
AFGC,2023-08-03,20.420000076293945,20.520000457763672,20.3700008392334,20.43000030517578,4800,17.76239776611328,0.0
AFGC,2023-08-04,20.43000030517578,20.690000534057617,20.3700008392334,20.59000015258789,5800,17.901506423950195,0.0
AFGC,2023-08-07,20.59000015258789,20.610000610351562,20.329999923706055,20.510000228881836,5700,17.83194923400879,0.0
AFGC,2023-08-08,20.3799991607666,20.520000457763672,20.25,20.5,4000,17.82325553894043,0.0
AFGC,2023-08-09,20.479999542236328,20.520000457763672,20.309999465942383,20.420000076293945,3000,17.753704071044922,0.0
AFGC,2023-08-10,20.5,20.799999237060547,20.5,20.65999984741211,31100,17.962364196777344,0.0
AFGC,2023-08-11,20.729999542236328,20.729999542236328,20.510000228881836,20.579999923706055,2600,17.89280891418457,0.0
AFGC,2023-08-14,20.479999542236328,20.770000457763672,20.469999313354492,20.579999923706055,4200,17.89280891418457,0.0
AFGC,2023-08-15,20.3700008392334,20.402999877929688,20.280000686645508,20.280000686645508,3200,17.63198471069336,0.0
AFGC,2023-08-16,20.450000762939453,20.450000762939453,20.040000915527344,20.040000915527344,4800,17.423322677612305,0.0
AFGC,2023-08-17,20.06999969482422,20.06999969482422,19.8700008392334,19.979999542236328,4500,17.371156692504883,0.0
AFGC,2023-08-18,19.850000381469727,19.950000762939453,19.579999923706055,19.68000030517578,6800,17.11033058166504,0.0
AFGC,2023-08-21,19.5,19.75,19.5,19.579999923706055,5500,17.02338409423828,0.0
AFGC,2023-08-22,19.510000228881836,19.899999618530273,19.510000228881836,19.68000030517578,4900,17.11033058166504,0.0
AFGC,2023-08-23,19.690000534057617,20.0,19.65999984741211,20.0,4800,17.38854217529297,0.0
AFGC,2023-08-24,20.049999237060547,20.136999130249023,20.049999237060547,20.100000381469727,8500,17.47548484802246,0.0
AFGC,2023-08-25,20.016000747680664,20.016000747680664,20.016000747680664,20.016000747680664,1500,17.402454376220703,0.0
AFGC,2023-08-28,19.959999084472656,20.200000762939453,19.93000030517578,19.959999084472656,4900,17.353763580322266,0.0
AFGC,2023-08-29,19.959999084472656,20.10300064086914,19.729999542236328,20.10300064086914,21400,17.47809410095215,0.0
AFGC,2023-08-30,19.916000366210938,20.149999618530273,19.90999984741211,20.030000686645508,3200,17.414627075195312,0.0
AFGC,2023-08-31,19.790000915527344,20.149999618530273,19.666000366210938,20.149999618530273,23700,17.803386688232422,0.32
AFGC,2023-09-01,19.979999542236328,20.040000915527344,19.979999542236328,20.040000915527344,1700,17.706195831298828,0.0
AFGC,2023-09-05,19.889999389648438,20.049999237060547,19.84000015258789,19.84000015258789,4500,17.52948760986328,0.0
AFGC,2023-09-06,19.84000015258789,20.049999237060547,19.75,19.8799991607666,4000,17.5648250579834,0.0
AFGC,2023-09-07,19.65999984741211,20.049999237060547,19.65999984741211,19.81999969482422,3500,17.51181411743164,0.0
AFGC,2023-09-08,19.899999618530273,20.049999237060547,19.815000534057617,19.8799991607666,4400,17.5648250579834,0.0
AFGC,2023-09-11,19.8799991607666,19.937999725341797,19.84000015258789,19.937999725341797,3900,17.616073608398438,0.0
AFGC,2023-09-12,19.924999237060547,19.924999237060547,19.760000228881836,19.860000610351562,4200,17.54715919494629,0.0
AFGC,2023-09-13,19.854999542236328,19.979999542236328,19.71299934387207,19.9689998626709,2900,17.64345932006836,0.0
AFGC,2023-09-14,19.920000076293945,20.15999984741211,19.809999465942383,20.030000686645508,6900,17.697359085083008,0.0
AFGC,2023-09-15,19.81999969482422,20.09000015258789,19.81999969482422,19.979999542236328,9100,17.653182983398438,0.0
AFGC,2023-09-18,20.040000915527344,20.190000534057617,19.950000762939453,20.190000534057617,5200,17.838726043701172,0.0
AFGC,2023-09-19,20.079999923706055,20.280000686645508,19.979999542236328,20.079999923706055,11300,17.741539001464844,0.0
AFGC,2023-09-20,20.0,20.270000457763672,20.0,20.200000762939453,3600,17.847562789916992,0.0
AFGC,2023-09-21,20.0,20.0,19.739999771118164,19.760000228881836,6600,17.458805084228516,0.0
AFGC,2023-09-22,19.770000457763672,19.860000610351562,19.709999084472656,19.860000610351562,4800,17.54715919494629,0.0
AFGC,2023-09-25,19.709999084472656,19.780000686645508,19.649999618530273,19.649999618530273,2200,17.36161231994629,0.0
AFGC,2023-09-26,19.600000381469727,19.690000534057617,19.540000915527344,19.56999969482422,7700,17.29092788696289,0.0
AFGC,2023-09-27,19.510000228881836,19.670000076293945,19.40399932861328,19.604000091552734,7800,17.320968627929688,0.0
AFGC,2023-09-28,19.700000762939453,19.809999465942383,19.6299991607666,19.649999618530273,19900,17.36161231994629,0.0
AFGC,2023-09-29,19.700000762939453,20.139999389648438,19.700000762939453,20.139999389648438,24800,17.79454803466797,0.0
AFGC,2023-10-02,19.969999313354492,20.1299991607666,19.700000762939453,20.1299991607666,6700,17.785715103149414,0.0
AFGC,2023-10-03,19.829999923706055,19.829999923706055,19.149999618530273,19.5,11400,17.229082107543945,0.0
AFGC,2023-10-04,19.5,20.110000610351562,19.5,20.049999237060547,34900,17.715030670166016,0.0
AFGC,2023-10-05,19.940000534057617,20.190000534057617,19.479999542236328,19.600000381469727,8000,17.317434310913086,0.0
AFGC,2023-10-06,19.479999542236328,20.1299991607666,19.420000076293945,20.1299991607666,12100,17.785715103149414,0.0
AFGC,2023-10-09,19.940000534057617,20.0,19.725000381469727,19.979999542236328,4900,17.653182983398438,0.0
AFGC,2023-10-10,19.809999465942383,20.3700008392334,19.809999465942383,20.209999084472656,6200,17.856393814086914,0.0
AFGC,2023-10-11,20.229999542236328,20.655000686645508,20.222000122070312,20.399999618530273,3700,18.024269104003906,0.0
AFGC,2023-10-12,20.447999954223633,20.549999237060547,20.0,20.0,7700,17.670854568481445,0.0
AFGC,2023-10-13,19.90999984741211,20.135000228881836,19.309999465942383,19.309999465942383,5100,17.06120491027832,0.0
AFGC,2023-10-16,19.420000076293945,19.770000457763672,19.270000457763672,19.270000457763672,7900,17.025867462158203,0.0
AFGC,2023-10-17,19.360000610351562,19.700000762939453,18.889999389648438,18.889999389648438,6100,16.69011878967285,0.0
AFGC,2023-10-18,18.8700008392334,19.489999771118164,18.639999389648438,18.639999389648438,5700,16.469234466552734,0.0
AFGC,2023-10-19,18.91900062561035,19.038999557495117,18.459999084472656,18.459999084472656,3400,16.310195922851562,0.0
AFGC,2023-10-20,18.420000076293945,18.75,18.229999542236328,18.3799991607666,9500,16.239513397216797,0.0
AFGC,2023-10-23,18.40999984741211,18.64699935913086,18.40999984741211,18.510000228881836,8900,16.354372024536133,0.0
AFGC,2023-10-24,18.610000610351562,18.889999389648438,18.600000381469727,18.889999389648438,7400,16.69011878967285,0.0
AFGC,2023-10-25,18.809999465942383,19.038999557495117,18.799999237060547,18.979999542236328,6700,16.76963996887207,0.0
AFGC,2023-10-26,19.21500015258789,19.219999313354492,18.860000610351562,19.100000381469727,4400,16.87566566467285,0.0
AFGC,2023-10-27,18.790000915527344,19.072999954223633,18.420000076293945,18.889999389648438,8200,16.69011878967285,0.0
AFGC,2023-10-30,18.8700008392334,18.988000869750977,18.600000381469727,18.920000076293945,3700,16.71662712097168,0.0
AFGC,2023-10-31,18.763999938964844,19.110000610351562,18.763999938964844,19.110000610351562,14000,16.88450050354004,0.0
AFGC,2023-11-01,19.114999771118164,19.809999465942383,19.114999771118164,19.799999237060547,4300,17.494142532348633,0.0
AFGC,2023-11-02,20.3799991607666,20.780000686645508,20.155000686645508,20.780000686645508,8400,18.360017776489258,0.0
AFGC,2023-11-03,21.8700008392334,21.8799991607666,21.149999618530273,21.420000076293945,13500,18.92548370361328,0.0
AFGC,2023-11-06,21.31999969482422,21.34600067138672,20.954999923706055,21.302000045776367,12000,18.821226119995117,0.0
AFGC,2023-11-07,21.290000915527344,21.290000915527344,20.520000457763672,21.15999984741211,8000,18.69576072692871,0.0
AFGC,2023-11-08,20.899999618530273,21.1299991607666,20.440000534057617,20.479999542236328,7000,18.094953536987305,0.0
AFGC,2023-11-09,20.729999542236328,20.729999542236328,19.799999237060547,19.799999237060547,6300,17.494142532348633,0.0
AFGC,2023-11-10,19.860000610351562,19.905000686645508,19.700000762939453,19.799999237060547,11400,17.494142532348633,0.0
AFGC,2023-11-13,19.68000030517578,20.079999923706055,19.68000030517578,19.809999465942383,7100,17.502979278564453,0.0
AFGC,2023-11-14,20.25,20.469999313354492,20.15999984741211,20.15999984741211,5500,17.812219619750977,0.0
AFGC,2023-11-15,20.235000610351562,20.235000610351562,19.93000030517578,20.010000228881836,15100,17.6796875,0.0
AFGC,2023-11-16,19.979999542236328,20.299999237060547,19.979999542236328,20.100000381469727,6800,17.759206771850586,0.0
AFGC,2023-11-17,20.020000457763672,20.25,19.969999313354492,20.100000381469727,13900,17.759206771850586,0.0
AFGC,2023-11-20,20.110000610351562,20.280000686645508,20.110000610351562,20.18000030517578,15400,17.829891204833984,0.0
AFGC,2023-11-21,20.190000534057617,20.280000686645508,19.920000076293945,19.959999084472656,14100,17.635509490966797,0.0
AFGC,2023-11-22,20.020000457763672,20.09000015258789,19.68000030517578,19.709999084472656,9300,17.41462516784668,0.0
AFGC,2023-11-24,19.760000228881836,20.030000686645508,19.760000228881836,19.864999771118164,4900,17.55157470703125,0.0
AFGC,2023-11-27,19.8799991607666,20.1200008392334,19.860000610351562,20.1200008392334,6400,17.776880264282227,0.0
AFGC,2023-11-28,20.226999282836914,20.329999923706055,20.200000762939453,20.329999923706055,3900,17.96242332458496,0.0
AFGC,2023-11-29,20.25,20.60099983215332,20.219999313354492,20.389999389648438,4500,18.015432357788086,0.0
AFGC,2023-11-30,20.149999618530273,20.389999389648438,20.010000228881836,20.389999389648438,15700,18.302677154541016,0.32
AFGC,2023-12-01,20.200000762939453,20.56999969482422,20.1299991607666,20.56999969482422,5700,18.464248657226562,0.0
AFGC,2023-12-04,20.25,20.639999389648438,20.18000030517578,20.288999557495117,12200,18.21201515197754,0.0
AFGC,2023-12-05,20.200000762939453,20.399999618530273,20.170000076293945,20.200000762939453,12200,18.13212776184082,0.0
AFGC,2023-12-06,20.25,20.540000915527344,20.020000457763672,20.309999465942383,10500,18.230867385864258,0.0
AFGC,2023-12-07,20.350000381469727,20.43000030517578,20.290000915527344,20.350000381469727,15800,18.266769409179688,0.0
AFGC,2023-12-08,20.149999618530273,20.405000686645508,20.059999465942383,20.149999618530273,4800,18.087244033813477,0.0
AFGC,2023-12-11,20.149999618530273,20.34000015258789,20.149999618530273,20.200000762939453,18000,18.13212776184082,0.0
AFGC,2023-12-12,20.149999618530273,20.388999938964844,20.149999618530273,20.229999542236328,13400,18.159053802490234,0.0
AFGC,2023-12-13,20.18000030517578,20.829999923706055,20.149999618530273,20.770000457763672,16400,18.643775939941406,0.0
AFGC,2023-12-14,20.940000534057617,21.170000076293945,20.56999969482422,21.0,14200,18.850231170654297,0.0
AFGC,2023-12-15,20.93000030517578,21.125999450683594,20.60099983215332,20.90999984741211,11000,18.76944351196289,0.0
AFGC,2023-12-18,20.780000686645508,20.81999969482422,20.489999771118164,20.770000457763672,12400,18.643775939941406,0.0
AFGC,2023-12-19,20.739999771118164,20.867000579833984,20.56999969482422,20.860000610351562,4100,18.72456169128418,0.0
AFGC,2023-12-20,20.690000534057617,21.03499984741211,20.59000015258789,20.8799991607666,16900,18.74251365661621,0.0
AFGC,2023-12-21,21.020000457763672,21.229999542236328,20.93000030517578,21.020000457763672,12000,18.86818504333496,0.0
AFGC,2023-12-22,21.149999618530273,21.459999084472656,20.94499969482422,21.229999542236328,16500,19.056684494018555,0.0
AFGC,2023-12-26,21.325000762939453,21.440000534057617,21.209999084472656,21.31999969482422,8100,19.13747215270996,0.0
AFGC,2023-12-27,21.450000762939453,21.850000381469727,21.283000946044922,21.850000381469727,10500,19.613216400146484,0.0
AFGC,2023-12-28,21.889999389648438,21.93000030517578,21.709999084472656,21.709999084472656,21600,19.487546920776367,0.0
AFGC,2023-12-29,22.079999923706055,22.420000076293945,21.639999389648438,22.209999084472656,44000,19.936363220214844,0.0
AFGC,2024-01-02,22.045000076293945,22.138999938964844,22.045000076293945,22.1200008392334,5000,19.85557746887207,0.0
AFGC,2024-01-03,21.989999771118164,22.139999389648438,21.899999618530273,22.059999465942383,6000,19.801715850830078,0.0
AFGC,2024-01-04,22.15999984741211,22.239999771118164,22.0,22.229999542236328,5200,19.954313278198242,0.0
AFGC,2024-01-05,22.239999771118164,22.239999771118164,21.947999954223633,22.1200008392334,8000,19.85557746887207,0.0
AFGC,2024-01-08,22.18000030517578,22.209999084472656,21.979999542236328,22.100000381469727,11300,19.83762550354004,0.0
AFGC,2024-01-09,22.209999084472656,22.209999084472656,22.15999984741211,22.19499969482422,2200,19.92289924621582,0.0
AFGC,2024-01-10,22.0939998626709,22.29800033569336,22.0939998626709,22.200000762939453,3700,19.927387237548828,0.0
AFGC,2024-01-11,21.969999313354492,22.125,21.969999313354492,22.100000381469727,2600,19.83762550354004,0.0
AFGC,2024-01-12,22.149999618530273,22.280000686645508,22.059999465942383,22.280000686645508,8100,19.999197006225586,0.0
AFGC,2024-01-16,22.520000457763672,22.520000457763672,22.059999465942383,22.170000076293945,5900,19.90045738220215,0.0
AFGC,2024-01-17,21.959999084472656,22.075000762939453,21.959999084472656,22.075000762939453,1000,19.815181732177734,0.0
AFGC,2024-01-18,22.0,22.190000534057617,21.850000381469727,21.850000381469727,6700,19.613216400146484,0.0
AFGC,2024-01-19,22.014999389648438,22.399999618530273,21.8799991607666,22.399999618530273,5000,20.10691261291504,0.0
AFGC,2024-01-22,22.65999984741211,22.65999984741211,22.239999771118164,22.5,14500,20.196674346923828,0.0
AFGC,2024-01-23,22.4950008392334,22.639999389648438,22.270000457763672,22.600000381469727,4300,20.28643798828125,0.0
AFGC,2024-01-24,22.600000381469727,22.600000381469727,22.280000686645508,22.388999938964844,23000,20.09703826904297,0.0
AFGC,2024-01-25,22.55699920654297,22.899999618530273,22.297000885009766,22.899999618530273,7300,20.55572509765625,0.0
AFGC,2024-01-26,22.764999389648438,23.079999923706055,22.764999389648438,23.079999923706055,5000,20.717300415039062,0.0
AFGC,2024-01-29,23.079999923706055,23.25,22.790000915527344,23.25,8000,20.869897842407227,0.0
AFGC,2024-01-30,23.25,23.25,22.959999084472656,22.969999313354492,6500,20.618560791015625,0.0
AFGC,2024-01-31,22.959999084472656,22.959999084472656,22.170000076293945,22.209999084472656,40800,19.936363220214844,0.0
AFGC,2024-02-01,22.350000381469727,22.389999389648438,22.084999084472656,22.219999313354492,10500,19.94533920288086,0.0
AFGC,2024-02-02,22.139999389648438,22.139999389648438,21.770000457763672,21.920000076293945,7300,19.676050186157227,0.0
AFGC,2024-02-05,21.920000076293945,22.031999588012695,21.799999237060547,21.799999237060547,5000,19.568330764770508,0.0
AFGC,2024-02-06,21.579999923706055,21.665000915527344,21.344999313354492,21.469999313354492,15500,19.27211570739746,0.0
AFGC,2024-02-07,21.639999389648438,21.700000762939453,21.43000030517578,21.579999923706055,4100,19.3708553314209,0.0
AFGC,2024-02-08,21.670000076293945,21.780000686645508,21.520000457763672,21.780000686645508,8000,19.55038070678711,0.0
AFGC,2024-02-09,21.704999923706055,22.15999984741211,21.610000610351562,22.15999984741211,8400,19.891481399536133,0.0
AFGC,2024-02-12,22.190000534057617,22.5,22.110000610351562,22.299999237060547,20300,20.01715087890625,0.0
AFGC,2024-02-13,21.871999740600586,22.180999755859375,21.450000762939453,21.799999237060547,11700,19.568330764770508,0.0
AFGC,2024-02-14,21.809999465942383,21.850000381469727,21.709999084472656,21.709999084472656,5500,19.487546920776367,0.0
AFGC,2024-02-15,21.709999084472656,21.860000610351562,21.709999084472656,21.860000610351562,4400,19.622194290161133,0.0
AFGC,2024-02-16,21.760000228881836,22.0,21.579999923706055,21.770000457763672,8800,19.541406631469727,0.0
AFGC,2024-02-20,21.6299991607666,21.850000381469727,21.5,21.760000228881836,10900,19.532428741455078,0.0
AFGC,2024-02-21,22.049999237060547,22.049999237060547,21.520000457763672,21.756999969482422,5600,19.52973747253418,0.0
AFGC,2024-02-22,21.90999984741211,21.90999984741211,21.610000610351562,21.81999969482422,2400,19.586286544799805,0.0
AFGC,2024-02-23,21.809999465942383,22.14699935913086,21.809999465942383,22.010000228881836,5800,19.7568359375,0.0
AFGC,2024-02-26,22.121000289916992,22.121000289916992,22.0,22.079999923706055,5100,19.819671630859375,0.0
AFGC,2024-02-27,22.149999618530273,22.149999618530273,21.850000381469727,21.850000381469727,6000,19.613216400146484,0.0
AFGC,2024-02-28,21.850000381469727,21.850000381469727,21.709999084472656,21.799999237060547,5900,19.568330764770508,0.0
AFGC,2024-02-29,21.440000534057617,21.850000381469727,21.440000534057617,21.850000381469727,13800,19.905405044555664,0.32
AFGC,2024-03-01,21.850000381469727,21.954999923706055,21.555999755859375,21.625,4400,19.700429916381836,0.0
AFGC,2024-03-04,21.530000686645508,21.784000396728516,21.5,21.5,7100,19.58655548095703,0.0
AFGC,2024-03-05,21.649999618530273,21.770000457763672,21.459999084472656,21.719999313354492,7800,19.78697395324707,0.0
AFGC,2024-03-06,21.729999542236328,22.139999389648438,21.649999618530273,21.959999084472656,13300,20.005615234375,0.0
AFGC,2024-03-07,21.969999313354492,22.079999923706055,21.690000534057617,22.059999465942383,7500,20.09671401977539,0.0
AFGC,2024-03-08,21.969999313354492,22.100000381469727,21.889999389648438,21.989999771118164,6000,20.032943725585938,0.0
AFGC,2024-03-11,22.010000228881836,22.200000762939453,21.899999618530273,22.020000457763672,6200,20.060274124145508,0.0
AFGC,2024-03-12,22.200000762939453,22.280000686645508,22.010000228881836,22.040000915527344,7800,20.0784969329834,0.0
AFGC,2024-03-13,22.075000762939453,22.30699920654297,21.950000762939453,22.139999389648438,8000,20.16959571838379,0.0
AFGC,2024-03-14,22.040000915527344,22.040000915527344,21.65999984741211,21.989999771118164,9000,20.032943725585938,0.0
AFGC,2024-03-15,21.84000015258789,21.899999618530273,21.639999389648438,21.899999618530273,8800,19.950956344604492,0.0
AFGC,2024-03-18,21.82900047302246,22.06999969482422,21.65999984741211,21.850000381469727,7900,19.905405044555664,0.0
AFGC,2024-03-19,21.8799991607666,22.06999969482422,21.75,22.06999969482422,3300,20.105825424194336,0.0
AFGC,2024-03-20,22.13800048828125,22.3799991607666,22.020000457763672,22.3799991607666,13300,20.388235092163086,0.0
AFGC,2024-03-21,22.479999542236328,22.774999618530273,22.440000534057617,22.690000534057617,15000,20.6706485748291,0.0
AFGC,2024-03-22,22.670000076293945,22.84000015258789,22.489999771118164,22.81999969482422,15800,20.789077758789062,0.0
AFGC,2024-03-25,22.700000762939453,22.899999618530273,22.56999969482422,22.889999389648438,15600,20.852848052978516,0.0
AFGC,2024-03-26,22.93000030517578,22.93000030517578,22.594999313354492,22.594999313354492,4500,20.5841007232666,0.0
AFGC,2024-03-27,22.7549991607666,22.8700008392334,22.565000534057617,22.8700008392334,6000,20.83462905883789,0.0
AFGC,2024-03-28,22.899999618530273,23.09000015258789,22.8700008392334,22.8700008392334,14600,20.83462905883789,0.0
AFGC,2024-04-01,22.719999313354492,22.799999237060547,22.549999237060547,22.799999237060547,9200,20.770858764648438,0.0
AFGC,2024-04-02,22.68000030517578,22.68000030517578,22.399999618530273,22.510000228881836,10000,20.50666618347168,0.0
AFGC,2024-04-03,22.510000228881836,22.510000228881836,22.364999771118164,22.395999908447266,10400,20.402809143066406,0.0
AFGC,2024-04-04,22.469999313354492,22.573999404907227,22.469999313354492,22.545000076293945,2300,20.53855323791504,0.0
AFGC,2024-04-05,22.639999389648438,22.690000534057617,22.530000686645508,22.670000076293945,2100,20.652429580688477,0.0
AFGC,2024-04-08,22.68000030517578,22.68000030517578,22.25,22.25,7800,20.269807815551758,0.0
AFGC,2024-04-09,22.31999969482422,22.395000457763672,22.190000534057617,22.190000534057617,3700,20.21514892578125,0.0
AFGC,2024-04-10,22.020000457763672,22.229999542236328,21.520000457763672,21.610000610351562,11400,19.686765670776367,0.0
AFGC,2024-04-11,21.610000610351562,21.610000610351562,21.239999771118164,21.270000457763672,8200,19.377025604248047,0.0
AFGC,2024-04-12,21.309999465942383,21.469999313354492,21.309999465942383,21.309999465942383,5800,19.413463592529297,0.0
AFGC,2024-04-15,21.40999984741211,21.40999984741211,20.530000686645508,20.549999237060547,10800,18.721101760864258,0.0
AFGC,2024-04-16,20.450000762939453,21.260000228881836,20.450000762939453,20.649999618530273,4600,18.812204360961914,0.0
AFGC,2024-04-17,20.860000610351562,21.02899932861328,20.799999237060547,21.0,4900,19.131053924560547,0.0
AFGC,2024-04-18,21.059999465942383,21.059999465942383,20.639999389648438,20.760000228881836,6300,18.91241455078125,0.0
AFGC,2024-04-19,20.920000076293945,20.93400001525879,20.81999969482422,20.829999923706055,3000,18.97618293762207,0.0
AFGC,2024-04-22,20.899999618530273,21.030000686645508,20.860000610351562,20.95400047302246,2600,19.089147567749023,0.0
AFGC,2024-04-23,21.06999969482422,21.350000381469727,21.06999969482422,21.329999923706055,7000,19.431682586669922,0.0
AFGC,2024-04-24,21.329999923706055,21.329999923706055,21.0,21.170000076293945,5500,19.28592300415039,0.0
AFGC,2024-04-25,21.049999237060547,21.049999237060547,20.739999771118164,20.850000381469727,5200,18.994403839111328,0.0
AFGC,2024-04-26,21.1299991607666,21.270000457763672,20.950000762939453,21.1299991607666,3000,19.249483108520508,0.0
AFGC,2024-04-29,20.860000610351562,21.049999237060547,20.860000610351562,21.0,13600,19.131053924560547,0.0
AFGC,2024-04-30,21.0,21.0,20.68000030517578,20.68000030517578,4700,18.83953094482422,0.0
AFGC,2024-05-01,20.75,20.959999084472656,20.600000381469727,20.959999084472656,11300,19.0946102142334,0.0
AFGC,2024-05-02,20.889999389648438,20.889999389648438,20.743999481201172,20.85099983215332,1500,18.99531364440918,0.0
AFGC,2024-05-03,21.020000457763672,21.239999771118164,21.020000457763672,21.139999389648438,3400,19.25859260559082,0.0
AFGC,2024-05-06,21.260000228881836,21.329999923706055,21.211999893188477,21.270000457763672,2600,19.377025604248047,0.0
AFGC,2024-05-07,21.440000534057617,21.540000915527344,21.329999923706055,21.350000381469727,8600,19.44990348815918,0.0
AFGC,2024-05-08,21.3700008392334,21.420000076293945,21.054000854492188,21.139999389648438,6200,19.25859260559082,0.0
AFGC,2024-05-09,20.905000686645508,21.246999740600586,20.8700008392334,21.040000915527344,5500,19.16749382019043,0.0
AFGC,2024-05-10,20.989999771118164,21.316999435424805,20.920000076293945,20.93000030517578,4700,19.067283630371094,0.0
AFGC,2024-05-13,20.93000030517578,21.225000381469727,20.93000030517578,21.059999465942383,1600,19.185712814331055,0.0
AFGC,2024-05-14,21.010000228881836,21.17300033569336,20.93000030517578,20.93000030517578,7100,19.067283630371094,0.0
AFGC,2024-05-15,21.110000610351562,21.280000686645508,20.899999618530273,21.18000030517578,12400,19.295032501220703,0.0
AFGC,2024-05-16,21.1299991607666,21.34000015258789,21.059999465942383,21.204999923706055,3600,19.317808151245117,0.0
AFGC,2024-05-17,21.1200008392334,21.253999710083008,21.06999969482422,21.079999923706055,5200,19.203933715820312,0.0
AFGC,2024-05-20,21.110000610351562,21.18899917602539,21.100000381469727,21.100000381469727,3100,19.22215461730957,0.0
AFGC,2024-05-21,21.1200008392334,21.1200008392334,21.020000457763672,21.110000610351562,5500,19.231264114379883,0.0
AFGC,2024-05-22,21.190000534057617,21.200000762939453,21.024999618530273,21.024999618530273,5200,19.153827667236328,0.0
AFGC,2024-05-23,21.139999389648438,21.139999389648438,20.700000762939453,20.979999542236328,10900,19.11283302307129,0.0
AFGC,2024-05-24,20.979999542236328,21.170000076293945,20.979999542236328,21.15999984741211,8700,19.276813507080078,0.0
AFGC,2024-05-28,21.309999465942383,21.309999465942383,20.850000381469727,21.100000381469727,6600,19.22215461730957,0.0
AFGC,2024-05-29,20.934999465942383,21.0,20.670000076293945,20.760000228881836,8700,18.91241455078125,0.0
AFGC,2024-05-30,20.90999984741211,21.15999984741211,20.829999923706055,20.84000015258789,6400,18.985292434692383,0.0
AFGC,2024-05-31,20.610000610351562,20.889999389648438,20.559999465942383,20.56999969482422,8100,19.031553268432617,0.32
AFGC,2024-06-03,20.6200008392334,20.799999237060547,20.600000381469727,20.770000457763672,11700,19.216594696044922,0.0
AFGC,2024-06-04,20.850000381469727,21.014999389648438,20.850000381469727,20.850000381469727,11900,19.290613174438477,0.0
AFGC,2024-06-05,20.90999984741211,20.90999984741211,20.65999984741211,20.760000228881836,7300,19.20734405517578,0.0
AFGC,2024-06-06,20.799999237060547,20.829999923706055,20.6200008392334,20.829999923706055,9600,19.27210807800293,0.0
AFGC,2024-06-07,20.600000381469727,20.780000686645508,20.600000381469727,20.729999542236328,5800,19.17958641052246,0.0
AFGC,2024-06-10,20.81999969482422,20.81999969482422,20.520000457763672,20.549999237060547,6100,19.01304817199707,0.0
AFGC,2024-06-11,20.729999542236328,20.729999542236328,20.34000015258789,20.420000076293945,7500,18.892772674560547,0.0
AFGC,2024-06-12,20.59000015258789,21.049999237060547,20.584999084472656,20.6200008392334,6800,19.07781410217285,0.0
AFGC,2024-06-13,20.739999771118164,20.739999771118164,20.450000762939453,20.579999923706055,4800,19.04080581665039,0.0
AFGC,2024-06-14,20.6299991607666,20.764999389648438,20.530000686645508,20.549999237060547,6400,19.01304817199707,0.0
AFGC,2024-06-17,20.399999618530273,20.700000762939453,20.399999618530273,20.520000457763672,10600,18.985294342041016,0.0
AFGC,2024-06-18,20.56999969482422,20.75,20.56999969482422,20.729999542236328,6200,19.17958641052246,0.0
AFGC,2024-06-20,20.709999084472656,20.84000015258789,20.540000915527344,20.81999969482422,13400,19.262855529785156,0.0
AFGC,2024-06-21,20.899999618530273,20.989999771118164,20.84000015258789,20.850000381469727,4200,19.290613174438477,0.0
AFGC,2024-06-24,20.889999389648438,20.979999542236328,20.889999389648438,20.899999618530273,5600,19.336872100830078,0.0
AFGC,2024-06-25,20.90999984741211,21.0,20.75,20.889999389648438,5200,19.327621459960938,0.0
AFGC,2024-06-26,20.90999984741211,20.969999313354492,20.8799991607666,20.8799991607666,3700,19.31836700439453,0.0
AFGC,2024-06-27,20.799999237060547,20.899999618530273,20.799999237060547,20.81999969482422,2200,19.262855529785156,0.0
AFGC,2024-06-28,20.75,20.899999618530273,20.649999618530273,20.81999969482422,7600,19.262855529785156,0.0
AFGC,2024-07-01,20.899999618530273,20.899999618530273,20.635000228881836,20.690000534057617,9100,19.142580032348633,0.0
AFGC,2024-07-02,20.709999084472656,20.84000015258789,20.709999084472656,20.709999084472656,6100,19.161081314086914,0.0
AFGC,2024-07-03,20.81999969482422,21.06999969482422,20.790000915527344,20.889999389648438,9500,19.327621459960938,0.0
AFGC,2024-07-05,20.920000076293945,21.05500030517578,20.920000076293945,20.920000076293945,5000,19.355375289916992,0.0
AFGC,2024-07-08,21.010000228881836,21.070999145507812,20.950000762939453,21.010000228881836,7000,19.43864631652832,0.0
AFGC,2024-07-09,20.950000762939453,20.99799919128418,20.820999145507812,20.820999145507812,3500,19.263778686523438,0.0
AFGC,2024-07-10,20.899999618530273,21.013999938964844,20.75,20.93000030517578,3900,19.3646297454834,0.0
AFGC,2024-07-11,21.110000610351562,21.3700008392334,21.110000610351562,21.209999084472656,10700,19.623685836791992,0.0
AFGC,2024-07-12,21.3799991607666,21.5,21.350000381469727,21.350000381469727,4900,19.753217697143555,0.0
AFGC,2024-07-15,21.280000686645508,21.479999542236328,21.280000686645508,21.31999969482422,6400,19.725460052490234,0.0
AFGC,2024-07-16,21.4060001373291,21.44499969482422,21.360000610351562,21.44499969482422,2900,19.84111213684082,0.0
AFGC,2024-07-17,21.344999313354492,21.43000030517578,21.299999237060547,21.299999237060547,3100,19.706954956054688,0.0
AFGC,2024-07-18,21.43000030517578,21.476999282836914,21.378000259399414,21.39299964904785,3600,19.792999267578125,0.0
AFGC,2024-07-19,21.389999389648438,21.399999618530273,21.344999313354492,21.350000381469727,2200,19.753217697143555,0.0
AFGC,2024-07-22,21.469999313354492,21.469999313354492,21.354000091552734,21.440000534057617,3600,19.83648681640625,0.0
AFGC,2024-07-23,21.3799991607666,21.479999542236328,21.15999984741211,21.329999923706055,8700,19.734712600708008,0.0
AFGC,2024-07-24,21.329999923706055,21.329999923706055,20.989999771118164,20.989999771118164,4000,19.42013931274414,0.0
AFGC,2024-07-25,21.100000381469727,21.110000610351562,21.100000381469727,21.100000381469727,4200,19.521915435791016,0.0
AFGC,2024-07-26,21.2549991607666,21.329999923706055,21.200000762939453,21.25,3900,19.660696029663086,0.0
AFGC,2024-07-29,21.299999237060547,21.299999237060547,21.110000610351562,21.229999542236328,7200,19.642192840576172,0.0
AFGC,2024-07-30,21.23200035095215,21.280000686645508,21.200000762939453,21.229999542236328,4800,19.642192840576172,0.0
AFGC,2024-07-31,21.25,21.420000076293945,21.21299934387207,21.420000076293945,8200,19.81797981262207,0.0
AFGC,2024-08-01,21.56999969482422,21.59000015258789,21.350000381469727,21.559999465942383,9500,19.947509765625,0.0
AFGC,2024-08-02,21.354999542236328,21.600000381469727,21.354999542236328,21.600000381469727,7100,19.984519958496094,0.0
AFGC,2024-08-05,21.360000610351562,21.6299991607666,21.1299991607666,21.363000869750977,9200,19.765247344970703,0.0
AFGC,2024-08-06,21.280000686645508,21.600000381469727,21.149999618530273,21.56999969482422,7300,19.956762313842773,0.0
AFGC,2024-08-07,21.43000030517578,21.722999572753906,21.350000381469727,21.579999923706055,4100,19.966014862060547,0.0
AFGC,2024-08-08,21.475000381469727,21.600000381469727,21.40999984741211,21.600000381469727,7100,19.984519958496094,0.0
AFGC,2024-08-09,21.600000381469727,21.600000381469727,21.549999237060547,21.549999237060547,2300,19.93825912475586,0.0
AFGC,2024-08-12,21.549999237060547,21.549999237060547,21.329999923706055,21.350000381469727,4000,19.753217697143555,0.0
AFGC,2024-08-13,21.486000061035156,21.565000534057617,21.350000381469727,21.565000534057617,3700,19.952136993408203,0.0
AFGC,2024-08-14,21.510000228881836,21.68000030517578,21.510000228881836,21.670000076293945,7800,20.049283981323242,0.0
AFGC,2024-08-15,21.655000686645508,21.690000534057617,21.559999465942383,21.649999618530273,2300,20.030778884887695,0.0
AFGC,2024-08-16,21.780000686645508,21.799999237060547,21.6200008392334,21.6299991607666,3800,20.012271881103516,0.0
AFGC,2024-08-19,21.6299991607666,21.81999969482422,21.6299991607666,21.700000762939453,2400,20.07703971862793,0.0
AFGC,2024-08-20,21.639999389648438,21.760000228881836,21.639999389648438,21.760000228881836,2300,20.132551193237305,0.0
AFGC,2024-08-21,21.93000030517578,21.969999313354492,21.89900016784668,21.920000076293945,5300,20.28058624267578,0.0
AFGC,2024-08-22,21.920000076293945,21.989999771118164,21.860000610351562,21.860000610351562,5500,20.225074768066406,0.0
AFGC,2024-08-23,21.799999237060547,22.200000762939453,21.799999237060547,22.200000762939453,13600,20.53964614868164,0.0
AFGC,2024-08-26,22.329999923706055,22.440000534057617,22.315000534057617,22.315000534057617,15700,20.64604377746582,0.0
AFGC,2024-08-27,22.329999923706055,22.3799991607666,22.229999542236328,22.360000610351562,4800,20.68767738342285,0.0
AFGC,2024-08-28,22.3700008392334,22.5,22.360000610351562,22.434999465942383,6300,20.757068634033203,0.0
AFGC,2024-08-29,22.559999465942383,22.6299991607666,22.559999465942383,22.6299991607666,8800,20.93748664855957,0.0
AFGC,2024-08-30,22.360000610351562,22.360000610351562,21.8700008392334,21.8700008392334,28800,20.524555206298828,0.32
AFGC,2024-09-03,21.8700008392334,21.899999618530273,21.719999313354492,21.75,9000,20.411935806274414,0.0
AFGC,2024-09-04,21.760000228881836,21.829999923706055,21.520000457763672,21.829999923706055,5600,20.487014770507812,0.0
AFGC,2024-09-05,21.934999465942383,21.94499969482422,21.920000076293945,21.940000534057617,4600,20.59025001525879,0.0
AFGC,2024-09-06,21.950000762939453,22.049999237060547,21.68000030517578,21.90999984741211,7000,20.56209373474121,0.0
AFGC,2024-09-09,21.90999984741211,22.079999923706055,21.90999984741211,22.040000915527344,4800,20.684097290039062,0.0
AFGC,2024-09-10,21.969999313354492,22.15999984741211,21.90999984741211,22.0,7000,20.646554946899414,0.0
AFGC,2024-09-11,21.979999542236328,22.049999237060547,21.8700008392334,21.979999542236328,2700,20.62778663635254,0.0
AFGC,2024-09-12,22.079999923706055,22.280000686645508,22.049999237060547,22.280000686645508,4800,20.909332275390625,0.0
AFGC,2024-09-13,22.302000045776367,22.3700008392334,22.200000762939453,22.299999237060547,5000,20.928096771240234,0.0
AFGC,2024-09-16,22.25,22.420000076293945,22.25,22.420000076293945,5800,21.04071807861328,0.0
AFGC,2024-09-17,22.309999465942383,22.600000381469727,22.309999465942383,22.4950008392334,3300,21.11110496520996,0.0
AFGC,2024-09-18,22.3799991607666,22.59000015258789,22.3799991607666,22.469999313354492,6100,21.087642669677734,0.0
AFGC,2024-09-19,22.56999969482422,22.610000610351562,22.483999252319336,22.490999221801758,3700,21.107349395751953,0.0
AFGC,2024-09-20,22.479999542236328,22.69499969482422,22.479999542236328,22.649999618530273,6500,21.256567001342773,0.0
AFGC,2024-09-23,22.40999984741211,22.565000534057617,22.399999618530273,22.559999465942383,4000,21.172103881835938,0.0
AFGC,2024-09-24,22.649999618530273,22.739999771118164,22.43000030517578,22.700000762939453,7300,21.303491592407227,0.0
AFGC,2024-09-25,22.584999084472656,22.704999923706055,22.3799991607666,22.670000076293945,11600,21.27533721923828,0.0
AFGC,2024-09-26,22.670000076293945,22.790000915527344,22.56999969482422,22.770000457763672,8600,21.369186401367188,0.0
AFGC,2024-09-27,22.670000076293945,22.780000686645508,22.530000686645508,22.600000381469727,7400,21.209644317626953,0.0
AFGC,2024-09-30,22.729999542236328,22.729999542236328,22.34000015258789,22.450000762939453,8800,21.068872451782227,0.0
AFGC,2024-10-01,22.450000762939453,22.729999542236328,22.450000762939453,22.540000915527344,8400,21.153335571289062,0.0
AFGC,2024-10-02,22.573999404907227,22.850000381469727,22.520000457763672,22.56999969482422,10200,21.181489944458008,0.0
AFGC,2024-10-03,22.65999984741211,22.780000686645508,22.6299991607666,22.649999618530273,3700,21.256567001342773,0.0
AFGC,2024-10-04,22.6299991607666,22.760000228881836,22.389999389648438,22.75,13300,21.35041618347168,0.0
AFGC,2024-10-07,22.579999923706055,22.65999984741211,22.510000228881836,22.649999618530273,9600,21.256567001342773,0.0
AFGC,2024-10-08,22.649999618530273,22.790000915527344,22.530000686645508,22.760000228881836,9000,21.35980224609375,0.0
AFGC,2024-10-09,23.110000610351562,23.110000610351562,22.76300048828125,22.979999542236328,7100,21.566267013549805,0.0
AFGC,2024-10-10,22.836000442504883,23.003999710083008,22.799999237060547,22.8700008392334,10500,21.463037490844727,0.0
AFGC,2024-10-11,22.799999237060547,23.110000610351562,22.781999588012695,23.079999923706055,8700,21.660112380981445,0.0
AFGC,2024-10-14,23.040000915527344,23.049999237060547,22.760000228881836,22.90999984741211,4500,21.500574111938477,0.0
AFGC,2024-10-15,22.899999618530273,23.229999542236328,22.899999618530273,23.190000534057617,9100,21.763347625732422,0.0
AFGC,2024-10-16,23.190000534057617,23.3700008392334,23.07900047302246,23.239999771118164,8000,21.810270309448242,0.0
AFGC,2024-10-17,23.360000610351562,23.420000076293945,23.25,23.25,3700,21.819658279418945,0.0
AFGC,2024-10-18,23.25,23.270000457763672,23.059999465942383,23.219999313354492,4100,21.791501998901367,0.0
AFGC,2024-10-21,23.07200050354004,23.219999313354492,22.90999984741211,22.90999984741211,3500,21.500574111938477,0.0
AFGC,2024-10-22,22.899999618530273,23.0,22.8799991607666,23.0,5500,21.585037231445312,0.0
AFGC,2024-10-23,22.856000900268555,22.979999542236328,22.618999481201172,22.618999481201172,5500,21.227474212646484,0.0
AFGC,2024-10-24,22.6200008392334,22.964000701904297,22.520000457763672,22.520000457763672,9700,21.134565353393555,0.0
AFGC,2024-10-25,22.698999404907227,22.80299949645996,22.489999771118164,22.610000610351562,8400,21.219030380249023,0.0
AFGC,2024-10-28,22.5,22.780000686645508,22.399999618530273,22.639999389648438,5700,21.247182846069336,0.0
AFGC,2024-10-29,22.270000457763672,22.586000442504883,22.209999084472656,22.43600082397461,3200,21.05573272705078,0.0
AFGC,2024-10-30,22.525999069213867,22.63800048828125,22.450000762939453,22.450000762939453,2100,21.068872451782227,0.0
AFGC,2024-10-31,22.281999588012695,22.479999542236328,22.15999984741211,22.479999542236328,3800,21.097026824951172,0.0
AFGC,2024-11-01,22.149999618530273,22.791000366210938,22.149999618530273,22.399999618530273,4500,21.021947860717773,0.0
AFGC,2024-11-04,22.344999313354492,22.485000610351562,22.344999313354492,22.350000381469727,4100,20.975025177001953,0.0
AFGC,2024-11-05,22.40999984741211,22.614999771118164,22.40999984741211,22.59000015258789,4500,21.200260162353516,0.0
AFGC,2024-11-06,22.59000015258789,22.59000015258789,22.3799991607666,22.3799991607666,4200,21.0031795501709,0.0
AFGC,2024-11-07,22.5,22.700000762939453,22.420000076293945,22.420000076293945,2500,21.04071807861328,0.0
AFGC,2024-11-08,22.503999710083008,22.93000030517578,22.503999710083008,22.93000030517578,5700,21.51934051513672,0.0
AFGC,2024-11-11,22.950000762939453,22.950000762939453,22.600000381469727,22.6200008392334,4400,21.228416442871094,0.0
AFGC,2024-11-12,22.469999313354492,22.469999313354492,22.079999923706055,22.09000015258789,12500,20.731021881103516,0.0
AFGC,2024-11-13,22.201000213623047,22.29199981689453,22.110000610351562,22.229999542236328,12300,20.862407684326172,0.0
AFGC,2024-11-14,22.224000930786133,22.31999969482422,22.117000579833984,22.16699981689453,5900,20.803281784057617,0.0
AFGC,2024-11-15,22.190000534057617,22.3700008392334,22.190000534057617,22.239999771118164,8100,20.87179183959961,0.0
AFGC,2024-11-18,22.25,22.364999771118164,22.239999771118164,22.239999771118164,4300,20.87179183959961,0.0
AFGC,2024-11-19,22.1299991607666,22.26099967956543,21.950000762939453,21.959999084472656,4500,20.6090145111084,0.0
AFGC,2024-11-20,21.90999984741211,22.0,21.75,21.75,9600,20.411935806274414,0.0
AFGC,2024-11-21,22.010000228881836,22.301000595092773,21.993000030517578,22.1200008392334,4800,20.75917625427246,0.0
AFGC,2024-11-22,22.15999984741211,22.25,22.15999984741211,22.229999542236328,3600,20.862407684326172,0.0
AFGC,2024-11-25,22.459999084472656,22.6200008392334,22.343000411987305,22.3700008392334,5600,20.99379539489746,0.0
AFGC,2024-11-26,22.332000732421875,22.3700008392334,22.15999984741211,22.15999984741211,6000,20.79671287536621,0.0
AFGC,2024-11-27,22.170000076293945,22.25,22.170000076293945,22.211000442504883,5800,20.84457778930664,0.0
AFGC,2024-11-29,22.05299949645996,22.099000930786133,22.011999130249023,22.099000930786133,2100,21.042634963989258,0.32
AFGC,2024-12-02,21.950000762939453,22.211000442504883,21.8799991607666,21.95199966430664,8000,20.902660369873047,0.0
AFGC,2024-12-03,21.950000762939453,22.040000915527344,21.75,21.90999984741211,6500,20.862667083740234,0.0
AFGC,2024-12-04,21.90999984741211,21.93400001525879,21.663000106811523,21.8700008392334,3400,20.824581146240234,0.0
AFGC,2024-12-05,21.729999542236328,22.0,21.700000762939453,21.979999542236328,4800,20.9293212890625,0.0
AFGC,2024-12-06,21.77199935913086,21.905000686645508,21.77199935913086,21.905000686645508,2100,20.857906341552734,0.0
AFGC,2024-12-09,21.799999237060547,21.899999618530273,21.68000030517578,21.739999771118164,3300,20.700794219970703,0.0
AFGC,2024-12-10,21.84000015258789,21.86199951171875,21.520000457763672,21.719999313354492,3900,20.68174934387207,0.0
AFGC,2024-12-11,21.7549991607666,21.763999938964844,21.57900047302246,21.579999923706055,7500,20.54844093322754,0.0
AFGC,2024-12-12,21.56999969482422,21.714000701904297,21.260000228881836,21.350000381469727,5800,20.329437255859375,0.0
AFGC,2024-12-13,21.360000610351562,21.450000762939453,21.25,21.31999969482422,6000,20.30086898803711,0.0
AFGC,2024-12-16,21.2810001373291,21.389999389648438,21.010000228881836,21.010000228881836,13400,20.00568962097168,0.0
AFGC,2024-12-17,21.0,21.25,20.989999771118164,21.15999984741211,7400,20.14851951599121,0.0
AFGC,2024-12-18,21.010000228881836,21.200000762939453,20.600000381469727,20.679000854492188,20300,19.69051170349121,0.0
AFGC,2024-12-19,20.844999313354492,20.889999389648438,20.260000228881836,20.420000076293945,9100,19.443891525268555,0.0
AFGC,2024-12-20,20.420000076293945,20.600000381469727,20.420000076293945,20.510000228881836,10700,19.529590606689453,0.0
AFGC,2024-12-23,20.420000076293945,20.459999084472656,20.299999237060547,20.420000076293945,12700,19.443891525268555,0.0
AFGC,2024-12-24,20.399999618530273,20.399999618530273,20.239999771118164,20.299999237060547,3100,19.329626083374023,0.0
AFGC,2024-12-26,20.100000381469727,20.3799991607666,20.09000015258789,20.329999923706055,20800,19.358192443847656,0.0
AFGC,2024-12-27,20.139999389648438,20.19499969482422,20.09000015258789,20.1200008392334,9600,19.158233642578125,0.0
AFGC,2024-12-30,20.08799934387207,20.280000686645508,20.040000915527344,20.18000030517578,12300,19.21536636352539,0.0
AFGC,2024-12-31,20.113000869750977,20.356000900268555,19.799999237060547,19.979999542236328,96600,19.024925231933594,0.0
AFGC,2025-01-02,20.1200008392334,20.440000534057617,20.1200008392334,20.43000030517578,20800,19.453414916992188,0.0
AFGC,2025-01-03,20.469999313354492,20.93000030517578,20.469999313354492,20.8799991607666,38600,19.88190269470215,0.0
AFGC,2025-01-06,20.8799991607666,20.8799991607666,20.719999313354492,20.75,9400,19.75811767578125,0.0
AFGC,2025-01-07,20.479999542236328,20.584999084472656,20.190000534057617,20.280000686645508,7500,19.310585021972656,0.0
AFGC,2025-01-08,20.229999542236328,20.336000442504883,19.940000534057617,20.049999237060547,6100,19.091575622558594,0.0
AFGC,2025-01-10,20.040000915527344,20.229999542236328,19.540000915527344,19.600000381469727,10600,18.663087844848633,0.0
AFGC,2025-01-13,19.479999542236328,19.572999954223633,19.299999237060547,19.469999313354492,15800,18.539302825927734,0.0
AFGC,2025-01-14,19.399999618530273,19.600000381469727,19.399999618530273,19.59000015258789,8700,18.653568267822266,0.0
AFGC,2025-01-15,19.850000381469727,20.11199951171875,19.850000381469727,20.079999923706055,11100,19.12014389038086,0.0
AFGC,2025-01-16,20.0,20.280000686645508,20.0,20.139999389648438,9100,19.177274703979492,0.0
AFGC,2025-01-17,20.25,20.25,19.959999084472656,20.100000381469727,10600,19.139188766479492,0.0
AFGC,2025-01-21,20.1200008392334,20.489999771118164,20.1200008392334,20.420000076293945,15600,19.443891525268555,0.0
AFGC,2025-01-22,20.459999084472656,20.5049991607666,20.25,20.360000610351562,11000,19.386760711669922,0.0
AFGC,2025-01-23,20.170000076293945,20.34000015258789,20.121000289916992,20.190000534057617,14200,19.224885940551758,0.0
AFGC,2025-01-24,20.190000534057617,20.420000076293945,20.190000534057617,20.219999313354492,6100,19.25345230102539,0.0
AFGC,2025-01-27,20.510000228881836,20.530000686645508,20.25,20.510000228881836,13000,19.529590606689453,0.0
AFGC,2025-01-28,20.350000381469727,20.41200065612793,20.270000457763672,20.3700008392334,5700,19.396284103393555,0.0
AFGC,2025-01-29,20.395000457763672,20.5,20.110000610351562,20.149999618530273,15900,19.186798095703125,0.0
AFGC,2025-01-30,20.25,20.399999618530273,20.25,20.389999389648438,9200,19.415325164794922,0.0
AFGC,2025-01-31,20.350000381469727,20.520000457763672,20.06999969482422,20.06999969482422,25100,19.11062240600586,0.0
AFGC,2025-02-03,20.309999465942383,20.350000381469727,19.950000762939453,20.110000610351562,35800,19.148710250854492,0.0
AFGC,2025-02-04,20.170000076293945,20.229999542236328,20.124000549316406,20.18000030517578,3900,19.21536636352539,0.0
AFGC,2025-02-05,20.329999923706055,20.454999923706055,20.270000457763672,20.34000015258789,14900,19.36771583557129,0.0
AFGC,2025-02-06,20.3799991607666,20.479999542236328,20.239999771118164,20.260000228881836,17700,19.291540145874023,0.0
AFGC,2025-02-07,20.260000228881836,20.34000015258789,20.15999984741211,20.18000030517578,12300,19.21536636352539,0.0
AFGC,2025-02-10,20.350000381469727,20.530000686645508,20.309999465942383,20.40999984741211,11400,19.434370040893555,0.0
AFGC,2025-02-11,20.399999618530273,20.479999542236328,20.309999465942383,20.34000015258789,5300,19.36771583557129,0.0
AFGC,2025-02-12,20.290000915527344,20.309999465942383,20.110000610351562,20.219999313354492,14000,19.25345230102539,0.0
AFGC,2025-02-13,20.1299991607666,20.530000686645508,20.1299991607666,20.479999542236328,6700,19.501022338867188,0.0
AFGC,2025-02-14,20.68000030517578,20.68000030517578,20.579999923706055,20.65999984741211,5600,19.672420501708984,0.0
AFGC,2025-02-18,20.68000030517578,20.979999542236328,20.68000030517578,20.920000076293945,18800,19.91999053955078,0.0
AFGC,2025-02-19,20.899999618530273,20.899999618530273,20.690000534057617,20.829999923706055,5600,19.834291458129883,0.0
AFGC,2025-02-20,20.827999114990234,21.03499984741211,20.739999771118164,20.770000457763672,8000,19.77716064453125,0.0
AFGC,2025-02-21,21.110000610351562,21.114999771118164,20.780000686645508,20.802000045776367,3600,19.807632446289062,0.0
AFGC,2025-02-24,20.8799991607666,20.979999542236328,20.812000274658203,20.8799991607666,5900,19.88190269470215,0.0
AFGC,2025-02-25,21.239999771118164,21.239999771118164,20.829999923706055,21.020000457763672,4200,20.015209197998047,0.0
AFGC,2025-02-26,21.125,21.18000030517578,20.829999923706055,20.829999923706055,5000,19.834291458129883,0.0
AFGC,2025-02-27,20.8799991607666,21.020000457763672,20.84000015258789,20.84000015258789,3800,19.84381675720215,0.0
AFGC,2025-02-28,20.770000457763672,20.969999313354492,20.530000686645508,20.540000915527344,9700,19.8631591796875,0.32
AFGC,2025-03-03,20.68000030517578,20.700000762939453,20.5,20.5,5000,19.824474334716797,0.0
AFGC,2025-03-04,20.5,20.61400032043457,20.299999237060547,20.34000015258789,7300,19.66974639892578,0.0
AFGC,2025-03-05,20.326000213623047,20.849000930786133,20.260000228881836,20.260000228881836,4300,19.592384338378906,0.0
AFGC,2025-03-06,20.450000762939453,20.450000762939453,20.1299991607666,20.1299991607666,3800,19.46666717529297,0.0
AFGC,2025-03-07,20.45800018310547,20.45800018310547,19.850000381469727,19.90999984741211,4000,19.253917694091797,0.0
AFGC,2025-03-10,20.030000686645508,20.030000686645508,19.709999084472656,19.709999084472656,5100,19.060504913330078,0.0
AFGC,2025-03-11,19.652999877929688,19.979999542236328,19.469999313354492,19.479999542236328,7600,18.838085174560547,0.0
AFGC,2025-03-12,19.676000595092773,19.676000595092773,19.3700008392334,19.459999084472656,9200,18.818744659423828,0.0
AFGC,2025-03-13,19.684999465942383,19.684999465942383,19.469999313354492,19.600000381469727,5200,18.954132080078125,0.0
AFGC,2025-03-14,19.600000381469727,20.066999435424805,19.600000381469727,19.600000381469727,6300,18.954132080078125,0.0
AFGC,2025-03-17,19.684999465942383,20.1200008392334,19.59000015258789,19.799999237060547,3700,19.147541046142578,0.0
AFGC,2025-03-18,19.649999618530273,19.812999725341797,19.583999633789062,19.639999389648438,4600,18.992815017700195,0.0
AFGC,2025-03-19,20.054000854492188,20.054000854492188,19.65999984741211,19.739999771118164,4600,19.08951759338379,0.0
AFGC,2025-03-20,19.649999618530273,20.1200008392334,19.649999618530273,19.65999984741211,7500,19.01215362548828,0.0
AFGC,2025-03-21,19.540000915527344,19.65999984741211,19.510000228881836,19.65999984741211,5500,19.01215362548828,0.0
AFGC,2025-03-24,19.75,19.790000915527344,19.549999237060547,19.638999938964844,12800,18.991846084594727,0.0
AFGC,2025-03-25,19.690000534057617,19.690000534057617,19.559999465942383,19.6299991607666,6600,18.983142852783203,0.0
AFGC,2025-03-26,19.613000869750977,19.698999404907227,19.350000381469727,19.375,9300,18.73654556274414,0.0
AFGC,2025-03-27,19.450000762939453,19.52199935913086,19.31999969482422,19.389999389648438,4400,18.75105094909668,0.0
AFGC,2025-03-28,19.483999252319336,19.483999252319336,19.309999465942383,19.350000381469727,4900,18.712369918823242,0.0
AFGC,2025-03-31,19.399999618530273,19.520000457763672,19.364999771118164,19.520000457763672,5200,18.876768112182617,0.0
AFGC,2025-04-01,19.514999389648438,19.639999389648438,19.450000762939453,19.559999465942383,5000,18.915449142456055,0.0
AFGC,2025-04-02,19.450000762939453,19.6299991607666,19.25,19.5,7200,18.8574275970459,0.0
AFGC,2025-04-03,19.3799991607666,19.54599952697754,19.040000915527344,19.1200008392334,8200,18.48995018005371,0.0
AFGC,2025-04-04,19.010000228881836,19.020000457763672,18.579999923706055,18.979999542236328,10100,18.354562759399414,0.0
AFGC,2025-04-07,18.56999969482422,19.200000762939453,18.5,18.780000686645508,8500,18.16115379333496,0.0
AFGC,2025-04-08,18.937000274658203,18.937000274658203,18.610000610351562,18.700000762939453,21000,18.083789825439453,0.0
AFGC,2025-04-09,18.6200008392334,19.200000762939453,18.6200008392334,19.00200080871582,7100,18.375839233398438,0.0
AFGC,2025-04-10,19.469999313354492,19.469999313354492,18.43000030517578,18.43000030517578,8000,17.82268524169922,0.0
AFGC,2025-04-11,18.40999984741211,18.700000762939453,18.200000762939453,18.309999465942383,6000,17.706640243530273,0.0
AFGC,2025-04-14,18.600000381469727,18.6200008392334,18.327999114990234,18.40999984741211,10100,17.8033447265625,0.0
AFGC,2025-04-15,18.420000076293945,18.604000091552734,18.420000076293945,18.44499969482422,6300,17.837190628051758,0.0
AFGC,2025-04-16,18.40999984741211,18.665000915527344,18.40999984741211,18.549999237060547,4300,17.938730239868164,0.0
AFGC,2025-04-17,18.790000915527344,18.790000915527344,18.538000106811523,18.549999237060547,2900,17.938730239868164,0.0
AFGC,2025-04-21,18.510000228881836,18.540000915527344,18.34000015258789,18.520000457763672,7700,17.90972137451172,0.0
AFGC,2025-04-22,18.753999710083008,18.850000381469727,18.549999237060547,18.6200008392334,5700,18.006425857543945,0.0
AFGC,2025-04-23,19.100000381469727,19.100000381469727,18.729999542236328,18.860000610351562,3200,18.23851776123047,0.0
AFGC,2025-04-24,18.899999618530273,19.1299991607666,18.899999618530273,19.108999252319336,9200,18.479310989379883,0.0
AFGC,2025-04-25,19.02199935913086,19.100000381469727,18.959999084472656,18.959999084472656,2800,18.335220336914062,0.0
AFGC,2025-04-28,18.95400047302246,19.25,18.916000366210938,19.079999923706055,11400,18.45126724243164,0.0
AFGC,2025-04-29,19.135000228881836,19.270000457763672,19.0,19.030000686645508,3400,18.40291404724121,0.0
AFGC,2025-04-30,18.969999313354492,19.1200008392334,18.902999877929688,18.920000076293945,6600,18.296539306640625,0.0
AFGC,2025-05-01,19.200000762939453,19.200000762939453,18.75,18.780000686645508,6400,18.16115379333496,0.0
AFGC,2025-05-02,18.809999465942383,19.049999237060547,18.75,18.780000686645508,4000,18.16115379333496,0.0
AFGC,2025-05-05,18.75,19.22599983215332,18.649999618530273,18.753999710083008,9200,18.136009216308594,0.0
AFGC,2025-05-06,18.760000228881836,18.825000762939453,18.489999771118164,18.809999465942383,7700,18.190162658691406,0.0
AFGC,2025-05-07,18.850000381469727,19.0,18.700000762939453,18.850000381469727,4700,18.228845596313477,0.0
AFGC,2025-05-08,18.89299964904785,19.0,18.89299964904785,18.91900062561035,4000,18.295574188232422,0.0
AFGC,2025-05-09,18.989999771118164,18.989999771118164,18.841999053955078,18.940000534057617,4700,18.315881729125977,0.0
AFGC,2025-05-12,19.0,19.299999237060547,18.90999984741211,18.920000076293945,17200,18.296539306640625,0.0
AFGC,2025-05-13,19.0,19.121999740600586,18.770000457763672,19.052000045776367,2000,18.424190521240234,0.0
AFGC,2025-05-14,18.989999771118164,18.989999771118164,18.729999542236328,18.770000457763672,6200,18.15148162841797,0.0
AFGC,2025-05-15,18.836000442504883,18.93000030517578,18.690000534057617,18.809999465942383,7800,18.190162658691406,0.0
AFGC,2025-05-16,18.989999771118164,18.989999771118164,18.84000015258789,18.940000534057617,4200,18.315881729125977,0.0
AFGC,2025-05-19,18.780000686645508,19.030000686645508,18.645999908447266,18.84000015258789,4300,18.219175338745117,0.0
AFGC,2025-05-20,18.844999313354492,19.06999969482422,18.84000015258789,18.8700008392334,3600,18.248188018798828,0.0
AFGC,2025-05-21,18.799999237060547,18.860000610351562,18.5,18.5,7800,17.890378952026367,0.0
AFGC,2025-05-22,18.40999984741211,18.795000076293945,18.40999984741211,18.579999923706055,9200,17.967742919921875,0.0
AFGC,2025-05-23,18.584999084472656,18.735000610351562,18.579999923706055,18.6299991607666,6200,18.016096115112305,0.0
AFGC,2025-05-27,18.860000610351562,18.950000762939453,18.649999618530273,18.90999984741211,5100,18.286869049072266,0.0
AFGC,2025-05-28,18.729999542236328,18.854999542236328,18.700000762939453,18.795000076293945,6900,18.1756591796875,0.0
AFGC,2025-05-29,18.80500030517578,18.832000732421875,18.715999603271484,18.75,4900,18.13214111328125,0.0
AFGC,2025-05-30,18.459999084472656,18.59000015258789,18.049999237060547,18.059999465942383,56100,17.76811981201172,0.32
AFGC,2025-06-02,18.100000381469727,18.187000274658203,18.010000228881836,18.110000610351562,19700,17.81731414794922,0.0
AFGC,2025-06-03,18.170000076293945,18.290000915527344,18.139999389648438,18.209999084472656,25000,17.915695190429688,0.0
AFGC,2025-06-04,18.309999465942383,18.489999771118164,18.270000457763672,18.3700008392334,11500,18.07311248779297,0.0
AFGC,2025-06-05,18.420000076293945,18.760000228881836,18.3799991607666,18.450000762939453,12900,18.151819229125977,0.0
AFGC,2025-06-06,18.489999771118164,18.610000610351562,18.350000381469727,18.43000030517578,14300,18.13214111328125,0.0
AFGC,2025-06-09,18.440000534057617,18.56999969482422,18.440000534057617,18.551000595092773,5400,18.25118637084961,0.0
AFGC,2025-06-10,18.549999237060547,18.670000076293945,18.389999389648438,18.670000076293945,7100,18.368263244628906,0.0
AFGC,2025-06-11,18.670000076293945,18.73900032043457,18.329999923706055,18.540000915527344,8900,18.24036407470703,0.0
AFGC,2025-06-12,18.329999923706055,18.549999237060547,18.329999923706055,18.399999618530273,6000,18.102624893188477,0.0
AFGC,2025-06-13,18.3799991607666,18.3799991607666,18.2549991607666,18.350000381469727,7400,18.053434371948242,0.0
AFGC,2025-06-16,18.329999923706055,18.51099967956543,18.270000457763672,18.31999969482422,15100,18.02391815185547,0.0
AFGC,2025-06-17,18.385000228881836,18.520000457763672,18.299999237060547,18.3700008392334,7200,18.07311248779297,0.0
AFGC,2025-06-18,18.450000762939453,18.5,18.280000686645508,18.280000686645508,4900,17.98456573486328,0.0
AFGC,2025-06-20,18.500999450683594,18.531999588012695,18.39900016784668,18.40999984741211,6300,18.112464904785156,0.0
AFGC,2025-06-23,18.5,18.597000122070312,18.34000015258789,18.489999771118164,5100,18.191171646118164,0.0
AFGC,2025-06-24,18.549999237060547,18.739999771118164,18.549999237060547,18.729999542236328,4200,18.427291870117188,0.0
AFGC,2025-06-25,18.729999542236328,18.770000457763672,18.698999404907227,18.760000228881836,2900,18.45680809020996,0.0
AFGC,2025-06-26,18.84000015258789,19.155000686645508,18.714000701904297,19.024999618530273,4100,18.717525482177734,0.0
AFGC,2025-06-27,19.020000457763672,19.020000457763672,18.739999771118164,18.739999771118164,5400,18.437131881713867,0.0
AFGC,2025-06-30,18.809999465942383,19.02899932861328,18.670000076293945,19.0,8200,18.692928314208984,0.0
AFGC,2025-07-01,18.989999771118164,19.190000534057617,18.84000015258789,19.15999984741211,5500,18.850343704223633,0.0
AFGC,2025-07-02,19.049999237060547,19.3700008392334,19.049999237060547,19.350000381469727,7400,19.037273406982422,0.0
AFGC,2025-07-03,19.329999923706055,19.440000534057617,19.239999771118164,19.350000381469727,7200,19.037273406982422,0.0
AFGC,2025-07-07,19.329999923706055,19.329999923706055,19.059999465942383,19.09000015258789,11300,18.781475067138672,0.0
AFGC,2025-07-08,19.040000915527344,19.190000534057617,19.040000915527344,19.190000534057617,5900,18.879859924316406,0.0
AFGC,2025-07-09,19.110000610351562,19.325000762939453,19.110000610351562,19.238000869750977,2300,18.92708396911621,0.0
AFGC,2025-07-10,19.202999114990234,19.489999771118164,19.200000762939453,19.489999771118164,6800,19.175010681152344,0.0
AFGC,2025-07-11,19.450000762939453,19.489999771118164,19.15999984741211,19.25200080871582,11200,18.94085693359375,0.0
AFGC,2025-07-14,19.29800033569336,19.445999145507812,19.15999984741211,19.15999984741211,4200,18.850343704223633,0.0
AFGC,2025-07-15,19.079999923706055,19.299999237060547,19.059999465942383,19.059999465942383,8200,18.7519588470459,0.0
AFGC,2025-07-16,19.020000457763672,19.187999725341797,18.954999923706055,18.959999084472656,24000,18.653573989868164,0.0
AFGC,2025-07-17,19.149999618530273,19.229999542236328,19.020000457763672,19.15999984741211,13300,18.850343704223633,0.0
AFGC,2025-07-18,19.1200008392334,19.299999237060547,19.020999908447266,19.125,11700,18.815908432006836,0.0
AFGC,2025-07-21,19.209999084472656,19.280000686645508,19.020000457763672,19.079999923706055,25200,18.771636962890625,0.0
AFGC,2025-07-22,18.969999313354492,19.100000381469727,18.969999313354492,19.040000915527344,11100,18.732284545898438,0.0
AFGC,2025-07-23,18.90999984741211,19.059999465942383,18.90999984741211,18.950000762939453,5900,18.64373779296875,0.0
AFGC,2025-07-24,18.920000076293945,18.950000762939453,18.8700008392334,18.899999618530273,8400,18.594545364379883,0.0
AFGC,2025-07-25,18.90999984741211,19.04599952697754,18.850000381469727,18.850000381469727,9700,18.545352935791016,0.0
AFGC,2025-07-28,18.889999389648438,18.922000885009766,18.799999237060547,18.809999465942383,13200,18.505998611450195,0.0
AFGC,2025-07-29,18.850000381469727,18.940000534057617,18.81999969482422,18.829999923706055,28000,18.525676727294922,0.0
AFGC,2025-07-30,18.809999465942383,18.976999282836914,18.780000686645508,18.850000381469727,30200,18.545352935791016,0.0
AFGC,2025-07-31,18.8700008392334,18.889999389648438,18.780000686645508,18.850000381469727,29600,18.545352935791016,0.0
AFGC,2025-08-01,18.889999389648438,18.979999542236328,18.801000595092773,18.850000381469727,30400,18.545352935791016,0.0
AFGC,2025-08-04,18.950000762939453,19.110000610351562,18.93000030517578,19.110000610351562,19400,18.801151275634766,0.0
AFGC,2025-08-05,19.149999618530273,19.299999237060547,19.1299991607666,19.18000030517578,17400,18.870019912719727,0.0
AFGC,2025-08-06,19.200000762939453,19.219999313354492,18.975000381469727,19.020000457763672,13100,18.71260643005371,0.0
AFGC,2025-08-07,19.100000381469727,19.209999084472656,18.950000762939453,19.020000457763672,7400,18.71260643005371,0.0
AFGC,2025-08-08,19.0,19.099000930786133,19.0,19.059999465942383,8000,18.7519588470459,0.0
AFGC,2025-08-11,19.1200008392334,19.15999984741211,19.114999771118164,19.139999389648438,8500,18.830665588378906,0.0
AFGC,2025-08-12,19.139999389648438,19.25,19.139999389648438,19.239999771118164,7200,18.92905044555664,0.0
AFGC,2025-08-13,19.31999969482422,19.420000076293945,19.270000457763672,19.3799991607666,10100,19.066787719726562,0.0
AFGC,2025-08-14,19.309999465942383,19.38599967956543,19.156999588012695,19.229999542236328,17400,18.919212341308594,0.0
AFGC,2025-08-15,19.34000015258789,19.34000015258789,19.15999984741211,19.190000534057617,15100,18.879859924316406,0.0
AFGC,2025-08-18,19.280000686645508,19.34000015258789,19.270000457763672,19.299999237060547,11500,18.988079071044922,0.0
AFGC,2025-08-19,19.34000015258789,19.459999084472656,19.329999923706055,19.40999984741211,21400,19.096302032470703,0.0
AFGC,2025-08-20,19.450000762939453,19.6200008392334,19.43000030517578,19.6200008392334,11900,19.30290985107422,0.0
AFGC,2025-08-21,19.590999603271484,19.5939998626709,19.440000534057617,19.559999465942383,10600,19.243877410888672,0.0
AFGC,2025-08-22,19.56999969482422,19.899999618530273,19.56999969482422,19.829999923706055,30700,19.5095157623291,0.0
AFGC,2025-08-25,19.719999313354492,19.93000030517578,19.719999313354492,19.90999984741211,30900,19.58822250366211,0.0
AFGC,2025-08-26,19.899999618530273,19.90999984741211,19.770000457763672,19.84000015258789,12300,19.51935386657715,0.0
AFGC,2025-08-27,19.780000686645508,19.899999618530273,19.780000686645508,19.850000381469727,16800,19.529191970825195,0.0
AFGC,2025-08-28,19.93000030517578,19.93000030517578,19.780000686645508,19.799999237060547,7200,19.479999542236328,0.0
AFGC,2025-08-29,19.5,19.565000534057617,19.270000457763672,19.31999969482422,30000,19.31999969482422,0.32
AFGC,2025-09-02,19.139999389648438,19.385000228881836,19.139999389648438,19.260000228881836,8100,19.260000228881836,0.0
AFGC,2025-09-03,19.299999237060547,19.42799949645996,19.299999237060547,19.40999984741211,7400,19.40999984741211,0.0
AFGC,2025-09-04,19.420000076293945,19.540000915527344,19.290000915527344,19.530000686645508,12100,19.530000686645508,0.0
AFGC,2025-09-05,19.700000762939453,19.899999618530273,19.59000015258789,19.829999923706055,17600,19.829999923706055,0.0
AFGC,2025-09-08,19.950000762939453,20.483999252319336,19.93600082397461,20.229999542236328,27400,20.229999542236328,0.0
AFGC,2025-09-09,20.209999084472656,20.25,20.09000015258789,20.18000030517578,10300,20.18000030517578,0.0
AFGC,2025-09-10,20.225000381469727,20.225000381469727,20.020000457763672,20.18000030517578,4600,20.18000030517578,0.0
AFGC,2025-09-11,20.190000534057617,20.399999618530273,20.190000534057617,20.350000381469727,7500,20.350000381469727,0.0
AFGC,2025-09-12,20.299999237060547,20.5,20.280000686645508,20.40999984741211,46700,20.40999984741211,0.0
AFGC,2025-09-15,20.530000686645508,20.530000686645508,20.329999923706055,20.43000030517578,7400,20.43000030517578,0.0
AFGC,2025-09-16,20.40999984741211,20.6299991607666,20.38599967956543,20.520000457763672,17100,20.520000457763672,0.0
AFGC,2025-09-17,20.520000457763672,20.649999618530273,20.510000228881836,20.600000381469727,29900,20.600000381469727,0.0
AFGC,2025-09-18,20.670000076293945,20.780000686645508,20.670000076293945,20.780000686645508,54200,20.780000686645508,0.0
AFGC,2025-09-19,20.670000076293945,20.770000457763672,20.670000076293945,20.709999084472656,4100,20.709999084472656,0.0
AFGC,2025-09-22,20.636999130249023,20.725000381469727,20.634000778198242,20.709999084472656,7400,20.709999084472656,0.0
AFGC,2025-09-23,20.690000534057617,20.690000534057617,20.663999557495117,20.690000534057617,10400,20.690000534057617,0.0
AFGC,2025-09-24,20.799999237060547,20.799999237060547,20.610000610351562,20.690000534057617,13400,20.690000534057617,0.0
AFGC,2025-09-25,20.638999938964844,20.642000198364258,20.540000915527344,20.540000915527344,3200,20.540000915527344,0.0
AFGC,2025-09-26,20.64299964904785,20.64299964904785,20.5,20.520000457763672,5000,20.520000457763672,0.0
AFGC,2025-09-29,20.65399932861328,20.68000030517578,20.5,20.559999465942383,4600,20.559999465942383,0.0
