symbol,date,open,high,low,close,volume,adjclose,dividends
AHYB,2021-11-18,50.09000015258789,50.099998474121094,50.064998626708984,50.064998626708984,300,40.53157043457031,0.0
AHYB,2021-11-19,50.01499938964844,50.01499938964844,50.0099983215332,50.0099983215332,300,40.487060546875,0.0
AHYB,2021-11-22,49.83700180053711,49.83700180053711,49.83700180053711,49.83700180053711,100,40.34698486328125,0.0
AHYB,2021-11-23,49.7599983215332,49.7599983215332,49.73699951171875,49.73699951171875,100,40.26602554321289,0.0
AHYB,2021-11-24,49.66899871826172,49.66899871826172,49.66899871826172,49.66899871826172,100,40.21097946166992,0.0
AHYB,2021-11-26,49.249000549316406,49.263999938964844,49.249000549316406,49.263999938964844,100,39.88311004638672,0.0
AHYB,2021-11-29,49.52299880981445,49.52299880981445,49.52299880981445,49.52299880981445,100,40.09278106689453,0.0
AHYB,2021-11-30,49.415000915527344,49.415000915527344,49.415000915527344,49.415000915527344,100,40.00533676147461,0.0
AHYB,2021-12-01,49.4630012512207,49.4630012512207,49.4630012512207,49.4630012512207,0,40.04420852661133,0.0
AHYB,2021-12-02,49.65999984741211,49.65999984741211,49.65999984741211,49.65999984741211,0,40.20370101928711,0.0
AHYB,2021-12-03,49.67499923706055,49.67499923706055,49.67499923706055,49.67499923706055,0,40.21583557128906,0.0
AHYB,2021-12-06,49.814998626708984,49.814998626708984,49.814998626708984,49.814998626708984,100,40.32918167114258,0.0
AHYB,2021-12-07,50.08399963378906,50.08399963378906,50.08399963378906,50.08399963378906,100,40.546958923339844,0.0
AHYB,2021-12-08,50.06999969482422,50.06999969482422,50.06999969482422,50.06999969482422,0,40.535621643066406,0.0
AHYB,2021-12-09,50.04999923706055,50.04999923706055,49.986000061035156,49.986000061035156,100,40.46763229370117,0.0
AHYB,2021-12-10,50.0,50.0,50.0,50.0,100,40.478946685791016,0.0
AHYB,2021-12-13,49.99700164794922,49.99700164794922,49.99700164794922,49.99700164794922,0,40.47653579711914,0.0
AHYB,2021-12-14,49.915000915527344,49.915000915527344,49.915000915527344,49.915000915527344,0,40.41014862060547,0.0
AHYB,2021-12-15,50.03900146484375,50.03900146484375,50.03900146484375,50.03900146484375,100,40.51051330566406,0.0
AHYB,2021-12-16,49.720001220703125,49.720001220703125,49.720001220703125,49.720001220703125,100,40.49505615234375,0.3
AHYB,2021-12-17,49.67499923706055,49.67499923706055,49.67499923706055,49.67499923706055,100,40.45840072631836,0.0
AHYB,2021-12-20,49.689998626708984,49.689998626708984,49.689998626708984,49.689998626708984,100,40.47062683105469,0.0
AHYB,2021-12-21,49.81999969482422,49.90999984741211,49.81999969482422,49.900001525878906,284800,40.641658782958984,0.0
AHYB,2021-12-22,50.02000045776367,50.03499984741211,50.02000045776367,50.03499984741211,100,40.7515983581543,0.0
AHYB,2021-12-23,50.130001068115234,50.15299987792969,50.130001068115234,50.15299987792969,300,40.847713470458984,0.0
AHYB,2021-12-27,50.19200134277344,50.25,50.19200134277344,50.25,400,40.92672348022461,0.0
AHYB,2021-12-28,50.215999603271484,50.224998474121094,50.215999603271484,50.220001220703125,8900,40.90227508544922,0.0
AHYB,2021-12-29,50.150001525878906,50.20000076293945,50.150001525878906,50.20000076293945,1500,40.885990142822266,0.0
AHYB,2021-12-30,50.209999084472656,50.209999084472656,50.14500045776367,50.14500045776367,800,40.84120559692383,0.0
AHYB,2021-12-31,50.1510009765625,50.20000076293945,50.1510009765625,50.185001373291016,600,40.87377166748047,0.0
AHYB,2022-01-03,50.1150016784668,50.1150016784668,50.1150016784668,50.1150016784668,300,40.8167610168457,0.0
AHYB,2022-01-04,50.04999923706055,50.060001373291016,50.04999923706055,50.060001373291016,300,40.771968841552734,0.0
AHYB,2022-01-05,50.040000915527344,50.040000915527344,49.8650016784668,49.8650016784668,400,40.6131477355957,0.0
AHYB,2022-01-06,49.816001892089844,49.834999084472656,49.779998779296875,49.779998779296875,300,40.54393768310547,0.0
AHYB,2022-01-07,49.709999084472656,49.709999084472656,49.67499923706055,49.67499923706055,300,40.45840072631836,0.0
AHYB,2022-01-10,49.60200119018555,49.61000061035156,49.60200119018555,49.61000061035156,500,40.40546417236328,0.0
AHYB,2022-01-11,49.709999084472656,49.744998931884766,49.709999084472656,49.744998931884766,400,40.515411376953125,0.0
AHYB,2022-01-12,49.8489990234375,49.8489990234375,49.8489990234375,49.8489990234375,200,40.60011291503906,0.0
AHYB,2022-01-13,49.86000061035156,49.86000061035156,49.775001525878906,49.775001525878906,200,40.53984832763672,0.0
AHYB,2022-01-14,49.810001373291016,49.810001373291016,49.810001373291016,49.810001373291016,300,40.568355560302734,0.0
AHYB,2022-01-18,49.599998474121094,49.599998474121094,49.51499938964844,49.51499938964844,800,40.32807922363281,0.0
AHYB,2022-01-19,49.54199981689453,49.54199981689453,49.494998931884766,49.494998931884766,3000,40.311790466308594,0.0
AHYB,2022-01-20,49.39400100708008,49.39400100708008,49.39400100708008,49.39400100708008,200,40.22954177856445,0.0
AHYB,2022-01-21,49.439998626708984,49.439998626708984,49.27199935913086,49.27199935913086,334800,40.13018035888672,0.0
AHYB,2022-01-24,49.196998596191406,49.33000183105469,49.196998596191406,49.33000183105469,1900,40.17741394042969,0.0
AHYB,2022-01-25,49.15999984741211,49.18000030517578,49.15999984741211,49.18000030517578,400,40.05524826049805,0.0
AHYB,2022-01-26,49.310001373291016,49.36000061035156,49.10900115966797,49.10900115966797,500,39.99742126464844,0.0
AHYB,2022-01-27,49.15999984741211,49.165000915527344,48.85499954223633,48.85499954223633,600,39.7905387878418,0.0
AHYB,2022-01-28,48.70000076293945,48.80099868774414,48.650001525878906,48.80099868774414,1800,39.74656677246094,0.0
AHYB,2022-01-31,48.7760009765625,48.81999969482422,48.77000045776367,48.810001373291016,2900,39.75388717651367,0.0
AHYB,2022-02-01,48.78799819946289,48.935001373291016,48.78799819946289,48.935001373291016,1000,39.941627502441406,0.105
AHYB,2022-02-02,49.029998779296875,49.029998779296875,49.025001525878906,49.025001525878906,700,40.015079498291016,0.0
AHYB,2022-02-03,48.79999923706055,48.84000015258789,48.71900177001953,48.71900177001953,800,39.76532745361328,0.0
AHYB,2022-02-04,48.52000045776367,48.52000045776367,48.470001220703125,48.470001220703125,800,39.56208419799805,0.0
AHYB,2022-02-07,48.4109992980957,48.4109992980957,48.38100051879883,48.38100051879883,200,39.48943328857422,0.0
AHYB,2022-02-08,48.52000045776367,48.529998779296875,48.5,48.5099983215332,1100,39.59473419189453,0.0
AHYB,2022-02-09,48.720001220703125,48.720001220703125,48.67300033569336,48.67300033569336,400,39.72777557373047,0.0
AHYB,2022-02-10,48.53499984741211,48.53499984741211,48.22999954223633,48.22999954223633,800,39.36619186401367,0.0
AHYB,2022-02-11,48.237998962402344,48.237998962402344,47.99399948120117,47.99399948120117,900,39.17355728149414,0.0
AHYB,2022-02-14,47.84700012207031,47.849998474121094,47.810001373291016,47.810001373291016,700,39.02338790893555,0.0
AHYB,2022-02-15,47.939998626708984,47.959999084472656,47.880001068115234,47.90999984741211,238200,39.10499572753906,0.0
AHYB,2022-02-16,48.0,48.0,48.0,48.0,0,39.17845916748047,0.0
AHYB,2022-02-17,47.939998626708984,47.974998474121094,47.939998626708984,47.970001220703125,600,39.15397644042969,0.0
AHYB,2022-02-18,47.970001220703125,47.970001220703125,47.93000030517578,47.93000030517578,600,39.121315002441406,0.0
AHYB,2022-02-22,47.939998626708984,47.98400115966797,47.849998474121094,47.869998931884766,1500,39.072357177734375,0.0
AHYB,2022-02-23,47.96500015258789,47.96500015258789,47.88999938964844,47.88999938964844,300,39.08867645263672,0.0
AHYB,2022-02-24,47.92599868774414,47.92599868774414,47.92599868774414,47.92599868774414,500,39.1180534362793,0.0
AHYB,2022-02-25,48.1510009765625,48.31399917602539,48.150001525878906,48.31399917602539,700,39.43474578857422,0.0
AHYB,2022-02-28,48.262001037597656,48.31700134277344,48.262001037597656,48.31700134277344,400,39.43720626831055,0.0
AHYB,2022-03-01,48.060001373291016,48.060001373291016,47.97100067138672,47.97100067138672,600,39.30364227294922,0.183
AHYB,2022-03-02,48.15800094604492,48.15800094604492,48.145999908447266,48.145999908447266,400,39.447025299072266,0.0
AHYB,2022-03-03,48.08000183105469,48.08000183105469,48.03900146484375,48.03900146484375,300,39.359371185302734,0.0
AHYB,2022-03-04,47.80699920654297,47.80699920654297,47.775001525878906,47.775001525878906,200,39.143062591552734,0.0
AHYB,2022-03-07,47.54999923706055,47.58000183105469,47.32699966430664,47.32699966430664,900,38.7760009765625,0.0
AHYB,2022-03-08,47.380001068115234,47.380001068115234,47.19900131225586,47.19900131225586,500,38.6711311340332,0.0
AHYB,2022-03-09,47.400001525878906,47.54499816894531,47.400001525878906,47.54499816894531,1100,38.954620361328125,0.0
AHYB,2022-03-10,47.20000076293945,47.22999954223633,47.165000915527344,47.172000885009766,1100,38.649017333984375,0.0
AHYB,2022-03-11,46.939998626708984,46.939998626708984,46.83300018310547,46.83300018310547,800,38.37125778198242,0.0
AHYB,2022-03-14,46.5369987487793,46.5369987487793,46.30500030517578,46.30500030517578,500,37.93866729736328,0.0
AHYB,2022-03-15,46.53799819946289,46.68899917602539,46.53799819946289,46.65999984741211,2600,38.22951889038086,0.0
AHYB,2022-03-16,47.06100082397461,47.24100112915039,46.709999084472656,47.24100112915039,600,38.70555877685547,0.0
AHYB,2022-03-17,47.36000061035156,47.5359992980957,47.36000061035156,47.5359992980957,700,38.94724655151367,0.0
AHYB,2022-03-18,47.45000076293945,47.672000885009766,47.45000076293945,47.672000885009766,700,39.058677673339844,0.0
AHYB,2022-03-21,47.250999450683594,47.250999450683594,47.22800064086914,47.22800064086914,400,38.694889068603516,0.0
AHYB,2022-03-22,47.18000030517578,47.40700149536133,47.18000030517578,47.40700149536133,800,38.8415641784668,0.0
AHYB,2022-03-23,47.26100158691406,47.26100158691406,47.26100158691406,47.26100158691406,100,38.721946716308594,0.0
AHYB,2022-03-24,47.327999114990234,47.327999114990234,47.327999114990234,47.327999114990234,300,38.776824951171875,0.0
AHYB,2022-03-25,47.27799987792969,47.27799987792969,47.04399871826172,47.04399871826172,400,38.54413986206055,0.0
AHYB,2022-03-28,47.095001220703125,47.29999923706055,47.095001220703125,47.29999923706055,400,38.753883361816406,0.0
AHYB,2022-03-29,47.599998474121094,47.85300064086914,47.599998474121094,47.85300064086914,700,39.20697784423828,0.0
AHYB,2022-03-30,47.70600128173828,47.70600128173828,47.70600128173828,47.70600128173828,300,39.0865364074707,0.0
AHYB,2022-03-31,47.689998626708984,47.689998626708984,47.584999084472656,47.584999084472656,400,38.987396240234375,0.0
AHYB,2022-04-01,47.29999923706055,47.375,47.29999923706055,47.375,500,38.98820495605469,0.211
AHYB,2022-04-04,47.53499984741211,47.685001373291016,47.53499984741211,47.685001373291016,300,39.24332809448242,0.0
AHYB,2022-04-05,47.150001525878906,47.150001525878906,47.150001525878906,47.150001525878906,100,38.80305099487305,0.0
AHYB,2022-04-06,46.810001373291016,46.83700180053711,46.810001373291016,46.83700180053711,400,38.54545593261719,0.0
AHYB,2022-04-07,46.900001525878906,46.900001525878906,46.7400016784668,46.74100112915039,700,38.466453552246094,0.0
AHYB,2022-04-08,46.540000915527344,46.540000915527344,46.48400115966797,46.48400115966797,1000,38.25495147705078,0.0
AHYB,2022-04-11,46.290000915527344,46.290000915527344,46.12300109863281,46.12300109863281,700,37.957855224609375,0.0
AHYB,2022-04-12,46.630001068115234,46.630001068115234,46.457000732421875,46.457000732421875,300,38.232723236083984,0.0
AHYB,2022-04-13,46.60900115966797,46.73099899291992,46.60900115966797,46.73099899291992,900,38.458229064941406,0.0
AHYB,2022-04-14,46.441001892089844,46.441001892089844,46.441001892089844,46.441001892089844,200,38.21955108642578,0.0
AHYB,2022-04-18,46.36000061035156,46.42399978637695,46.33000183105469,46.3650016784668,1800,38.15701675415039,0.0
AHYB,2022-04-19,46.375,46.375,46.375,46.375,300,38.16524887084961,0.0
AHYB,2022-04-20,46.558998107910156,46.558998107910156,46.459999084472656,46.459999084472656,500,38.235206604003906,0.0
AHYB,2022-04-21,46.310001373291016,46.310001373291016,46.19499969482422,46.19499969482422,200,38.017112731933594,0.0
AHYB,2022-04-22,46.04999923706055,46.04999923706055,45.92399978637695,45.96099853515625,500,37.82453536987305,0.0
AHYB,2022-04-25,45.970001220703125,45.9900016784668,45.970001220703125,45.9900016784668,900,37.84839630126953,0.0
AHYB,2022-04-26,46.060001373291016,46.12099838256836,46.03799819946289,46.03799819946289,400,37.88790512084961,0.0
AHYB,2022-04-27,46.0,46.0,45.78300094604492,45.78300094604492,200,37.67803955078125,0.0
AHYB,2022-04-28,46.0099983215332,46.025001525878906,46.0099983215332,46.025001525878906,400,37.87720489501953,0.0
AHYB,2022-04-29,45.650001525878906,45.70000076293945,45.46900177001953,45.46900177001953,600,37.419639587402344,0.0
AHYB,2022-05-02,45.310001373291016,45.310001373291016,45.11000061035156,45.24700164794922,900,37.38163757324219,0.176
AHYB,2022-05-03,45.4900016784668,45.540000915527344,45.40999984741211,45.45800018310547,800,37.55595016479492,0.0
AHYB,2022-05-04,45.97999954223633,45.97999954223633,45.97999954223633,45.97999954223633,300,37.98720932006836,0.0
AHYB,2022-05-05,45.141998291015625,45.16899871826172,45.141998291015625,45.16899871826172,400,37.31718063354492,0.0
AHYB,2022-05-06,44.87699890136719,44.948001861572266,44.86000061035156,44.948001861572266,1200,37.134605407714844,0.0
AHYB,2022-05-09,44.599998474121094,44.599998474121094,44.474998474121094,44.474998474121094,300,36.74382400512695,0.0
AHYB,2022-05-10,44.87300109863281,44.87300109863281,44.56999969482422,44.69499969482422,1300,36.92558288574219,0.0
AHYB,2022-05-11,44.599998474121094,44.599998474121094,44.50699996948242,44.50699996948242,1700,36.77027130126953,0.0
AHYB,2022-05-12,44.470001220703125,44.50699996948242,44.25,44.41999816894531,1100,36.69838333129883,0.0
AHYB,2022-05-13,44.52899932861328,44.62699890136719,44.40999984741211,44.48500061035156,3600,36.752098083496094,0.0
AHYB,2022-05-16,44.4900016784668,44.50899887084961,44.41999816894531,44.41999816894531,600,36.69838333129883,0.0
AHYB,2022-05-17,44.400001525878906,44.400001525878906,44.37900161743164,44.37900161743164,1300,36.66451644897461,0.0
AHYB,2022-05-18,44.11600112915039,44.11600112915039,44.040000915527344,44.084999084472656,800,36.421630859375,0.0
AHYB,2022-05-19,44.209999084472656,44.38999938964844,44.209999084472656,44.38999938964844,600,36.67359924316406,0.0
AHYB,2022-05-20,44.474998474121094,44.474998474121094,44.257999420166016,44.358001708984375,900,36.64716339111328,0.0
AHYB,2022-05-23,44.439998626708984,44.439998626708984,44.435001373291016,44.435001373291016,400,36.71077346801758,0.0
AHYB,2022-05-24,44.5099983215332,44.689998626708984,44.5099983215332,44.689998626708984,900,36.92144775390625,0.0
AHYB,2022-05-25,44.970001220703125,45.277000427246094,44.970001220703125,45.277000427246094,800,37.40640640258789,0.0
AHYB,2022-05-26,45.78499984741211,45.8849983215332,45.78499984741211,45.8849983215332,300,37.908714294433594,0.0
AHYB,2022-05-27,46.02399826049805,46.30500030517578,46.02399826049805,46.30500030517578,1000,38.25572204589844,0.0
AHYB,2022-05-31,45.99700164794922,45.99700164794922,45.86000061035156,45.97600173950195,1400,37.983909606933594,0.0
AHYB,2022-06-01,45.65999984741211,45.709999084472656,45.625,45.625,2300,37.847862243652344,0.187
AHYB,2022-06-02,45.685001373291016,45.78499984741211,45.68000030517578,45.78499984741211,900,37.98058319091797,0.0
AHYB,2022-06-03,45.52000045776367,45.520999908447266,45.470001220703125,45.470001220703125,800,37.719295501708984,0.0
AHYB,2022-06-06,45.375999450683594,45.375999450683594,45.1619987487793,45.1619987487793,200,37.46378707885742,0.0
AHYB,2022-06-07,45.069000244140625,45.290000915527344,45.069000244140625,45.290000915527344,400,37.569969177246094,0.0
AHYB,2022-06-08,44.95000076293945,44.95500183105469,44.875999450683594,44.875999450683594,1100,37.226524353027344,0.0
AHYB,2022-06-09,44.724998474121094,44.724998474121094,44.50299835205078,44.50299835205078,500,36.91710662841797,0.0
AHYB,2022-06-10,43.69499969482422,43.82699966430664,43.69499969482422,43.82699966430664,300,36.35634994506836,0.0
AHYB,2022-06-13,42.36899948120117,42.88999938964844,42.36899948120117,42.51900100708008,800,35.27131271362305,0.0
AHYB,2022-06-14,42.84000015258789,42.935001373291016,42.39500045776367,42.70899963378906,1700,35.42890930175781,0.0
AHYB,2022-06-15,43.34400177001953,43.525001525878906,43.11000061035156,43.48400115966797,1700,36.07180404663086,0.0
AHYB,2022-06-16,42.608001708984375,42.7859992980957,42.54999923706055,42.7859992980957,3200,35.492794036865234,0.0
AHYB,2022-06-17,42.880001068115234,43.04199981689453,42.880001068115234,43.04199981689453,500,35.705162048339844,0.0
AHYB,2022-06-21,43.255001068115234,43.255001068115234,42.88600158691406,42.88600158691406,1100,35.57575225830078,0.0
AHYB,2022-06-22,42.880001068115234,42.95100021362305,42.87200164794922,42.87200164794922,1100,35.564144134521484,0.0
AHYB,2022-06-23,43.19499969482422,43.19499969482422,43.19499969482422,43.19499969482422,200,35.83207702636719,0.0
AHYB,2022-06-24,43.290000915527344,43.40599822998047,43.290000915527344,43.40599822998047,200,36.00709533691406,0.0
AHYB,2022-06-27,43.26499938964844,43.26499938964844,43.23099899291992,43.23099899291992,200,35.86193084716797,0.0
AHYB,2022-06-28,42.77799987792969,42.77799987792969,42.77799987792969,42.77799987792969,200,35.48615646362305,0.0
AHYB,2022-06-29,42.529998779296875,42.62799835205078,42.529998779296875,42.56999969482422,1000,35.3136100769043,0.0
AHYB,2022-06-30,42.43000030517578,42.645999908447266,42.43000030517578,42.595001220703125,3000,35.334346771240234,0.0
AHYB,2022-07-01,42.76900100708008,42.76900100708008,42.76900100708008,42.76900100708008,100,35.62841796875,0.179
AHYB,2022-07-05,42.709999084472656,42.709999084472656,42.709999084472656,42.709999084472656,100,35.57925796508789,0.0
AHYB,2022-07-06,42.6349983215332,42.6349983215332,42.560001373291016,42.599998474121094,400,35.487632751464844,0.0
AHYB,2022-07-07,42.93000030517578,43.198001861572266,42.93000030517578,43.198001861572266,400,35.985801696777344,0.0
AHYB,2022-07-08,43.08000183105469,43.26900100708008,43.08000183105469,43.26900100708008,500,36.0449333190918,0.0
AHYB,2022-07-11,43.095001220703125,43.099998474121094,43.095001220703125,43.099998474121094,200,35.904144287109375,0.0
AHYB,2022-07-12,43.18000030517578,43.236000061035156,43.18000030517578,43.236000061035156,300,36.01744079589844,0.0
AHYB,2022-07-13,43.119998931884766,43.185001373291016,43.09000015258789,43.185001373291016,1000,35.97495651245117,0.0
AHYB,2022-07-14,43.10100173950195,43.10100173950195,43.10100173950195,43.10100173950195,100,35.90498733520508,0.0
AHYB,2022-07-15,43.58599853515625,43.58599853515625,43.58599853515625,43.58599853515625,200,36.30900573730469,0.0
AHYB,2022-07-18,43.17599868774414,43.17599868774414,43.17599868774414,43.17599868774414,200,35.96745300292969,0.0
AHYB,2022-07-19,43.79499816894531,43.79499816894531,43.79499816894531,43.79499816894531,100,36.48310470581055,0.0
AHYB,2022-07-20,44.11600112915039,44.11600112915039,43.98500061035156,43.98500061035156,300,36.64138412475586,0.0
AHYB,2022-07-21,44.250999450683594,44.5260009765625,44.250999450683594,44.5260009765625,200,37.09206771850586,0.0
AHYB,2022-07-22,44.56999969482422,44.68899917602539,44.426998138427734,44.426998138427734,600,37.00959777832031,0.0
AHYB,2022-07-25,44.409000396728516,44.409000396728516,44.409000396728516,44.409000396728516,400,36.994606018066406,0.0
AHYB,2022-07-26,44.25400161743164,44.25400161743164,44.112998962402344,44.112998962402344,200,36.748016357421875,0.0
AHYB,2022-07-27,44.54100036621094,44.54100036621094,44.54100036621094,44.54100036621094,100,37.104576110839844,0.0
AHYB,2022-07-28,45.025001525878906,45.025001525878906,45.025001525878906,45.025001525878906,0,37.50776290893555,0.0
AHYB,2022-07-29,44.9900016784668,45.11000061035156,44.9900016784668,45.11000061035156,300,37.57856750488281,0.0
AHYB,2022-08-01,44.97700119018555,44.97700119018555,44.959999084472656,44.959999084472656,300,37.59779357910156,0.173
AHYB,2022-08-02,44.900001525878906,44.900001525878906,44.80699920654297,44.80699920654297,400,37.469844818115234,0.0
AHYB,2022-08-03,45.178001403808594,45.178001403808594,45.178001403808594,45.178001403808594,100,37.78010559082031,0.0
AHYB,2022-08-04,45.24300003051758,45.24300003051758,45.24300003051758,45.24300003051758,100,37.8344612121582,0.0
AHYB,2022-08-05,45.029998779296875,45.106998443603516,44.9379997253418,45.106998443603516,900,37.720733642578125,0.0
AHYB,2022-08-08,45.138999938964844,45.138999938964844,45.138999938964844,45.138999938964844,100,37.74748992919922,0.0
AHYB,2022-08-09,44.82899856567383,44.82899856567383,44.82899856567383,44.82899856567383,100,37.488250732421875,0.0
AHYB,2022-08-10,45.41299819946289,45.4370002746582,45.36000061035156,45.4370002746582,1600,37.99669647216797,0.0
AHYB,2022-08-11,45.16999816894531,45.16999816894531,45.16999816894531,45.16999816894531,100,37.77341079711914,0.0
AHYB,2022-08-12,45.52299880981445,45.59000015258789,45.52299880981445,45.59000015258789,300,38.12464141845703,0.0
AHYB,2022-08-15,45.529998779296875,45.529998779296875,45.529998779296875,45.529998779296875,100,38.074466705322266,0.0
AHYB,2022-08-16,45.38999938964844,45.38999938964844,45.33000183105469,45.36399841308594,800,37.93565368652344,0.0
AHYB,2022-08-17,45.09000015258789,45.09000015258789,44.952999114990234,44.952999114990234,200,37.59195327758789,0.0
AHYB,2022-08-18,45.06399917602539,45.10499954223633,45.06399917602539,45.06700134277344,400,37.68727493286133,0.0
AHYB,2022-08-19,44.6510009765625,44.6510009765625,44.59000015258789,44.619998931884766,1200,37.31346893310547,0.0
AHYB,2022-08-22,44.2400016784668,44.2400016784668,44.15399932861328,44.15399932861328,500,36.92377471923828,0.0
AHYB,2022-08-23,44.2400016784668,44.27399826049805,44.2400016784668,44.266998291015625,400,37.01829147338867,0.0
AHYB,2022-08-24,44.28499984741211,44.28499984741211,44.28499984741211,44.28499984741211,100,37.03333282470703,0.0
AHYB,2022-08-25,44.66400146484375,44.66400146484375,44.66400146484375,44.66400146484375,100,37.350276947021484,0.0
AHYB,2022-08-26,44.28900146484375,44.319000244140625,43.999000549316406,43.999000549316406,800,36.794166564941406,0.0
AHYB,2022-08-29,43.922000885009766,43.922000885009766,43.83300018310547,43.83300018310547,300,36.65534973144531,0.0
AHYB,2022-08-30,43.566001892089844,43.566001892089844,43.566001892089844,43.566001892089844,100,36.43206787109375,0.0
AHYB,2022-08-31,43.310001373291016,43.319000244140625,43.11000061035156,43.319000244140625,2500,36.22552490234375,0.0
AHYB,2022-09-01,43.22999954223633,43.22999954223633,43.22999954223633,43.22999954223633,100,36.31034851074219,0.19
AHYB,2022-09-02,43.619998931884766,43.619998931884766,43.191001892089844,43.191001892089844,100,36.2775993347168,0.0
AHYB,2022-09-06,43.099998474121094,43.112998962402344,43.099998474121094,43.112998962402344,500,36.21207046508789,0.0
AHYB,2022-09-07,43.62200164794922,43.62200164794922,43.62200164794922,43.62200164794922,100,36.63959503173828,0.0
AHYB,2022-09-08,43.654998779296875,43.814998626708984,43.654998779296875,43.814998626708984,300,36.80171585083008,0.0
AHYB,2022-09-09,43.98500061035156,43.98500061035156,43.98500061035156,43.98500061035156,200,36.944496154785156,0.0
AHYB,2022-09-12,44.10499954223633,44.112998962402344,44.10499954223633,44.112998962402344,200,37.05200958251953,0.0
AHYB,2022-09-13,43.415000915527344,43.415000915527344,43.2400016784668,43.2400016784668,200,36.31875228881836,0.0
AHYB,2022-09-14,43.470001220703125,43.470001220703125,43.28499984741211,43.28499984741211,200,36.35655212402344,0.0
AHYB,2022-09-15,43.07699966430664,43.07699966430664,43.07699966430664,43.07699966430664,200,36.18183898925781,0.0
AHYB,2022-09-16,43.117000579833984,43.117000579833984,43.117000579833984,43.117000579833984,0,36.2154426574707,0.0
AHYB,2022-09-19,43.33399963378906,43.33399963378906,43.33399963378906,43.33399963378906,100,36.39771270751953,0.0
AHYB,2022-09-20,42.98899841308594,42.98899841308594,42.900001525878906,42.93899917602539,1000,36.0659294128418,0.0
AHYB,2022-09-21,43.042999267578125,43.042999267578125,42.858001708984375,42.858001708984375,400,35.997894287109375,0.0
AHYB,2022-09-22,42.608001708984375,42.608001708984375,42.608001708984375,42.608001708984375,300,35.78791809082031,0.0
AHYB,2022-09-23,42.060001373291016,42.106998443603516,42.060001373291016,42.106998443603516,600,35.36711502075195,0.0
AHYB,2022-09-26,41.810001373291016,41.810001373291016,41.560001373291016,41.599998474121094,2100,34.94125747680664,0.0
AHYB,2022-09-27,41.750999450683594,41.750999450683594,41.53300094604492,41.53300094604492,400,34.884986877441406,0.0
AHYB,2022-09-28,41.939998626708984,42.189998626708984,41.939998626708984,42.189998626708984,300,35.43681335449219,0.0
AHYB,2022-09-29,41.75,41.84700012207031,41.75,41.84700012207031,200,35.148719787597656,0.0
AHYB,2022-09-30,42.02899932861328,42.02899932861328,41.617000579833984,41.617000579833984,200,34.955535888671875,0.0
AHYB,2022-10-03,41.790000915527344,41.91699981689453,41.790000915527344,41.91699981689453,300,35.370697021484375,0.192
AHYB,2022-10-04,42.56800079345703,42.65800094604492,42.54999923706055,42.65800094604492,300,35.9959716796875,0.0
AHYB,2022-10-05,42.29999923706055,42.59000015258789,42.29999923706055,42.5890007019043,600,35.93775177001953,0.0
AHYB,2022-10-06,42.470001220703125,42.55799865722656,42.43600082397461,42.43600082397461,700,35.80864334106445,0.0
AHYB,2022-10-07,42.20000076293945,42.20000076293945,41.9900016784668,42.005001068115234,400,35.4449577331543,0.0
AHYB,2022-10-10,41.52899932861328,41.52899932861328,41.52899932861328,41.52899932861328,300,35.043296813964844,0.0
AHYB,2022-10-11,41.625,41.625,41.625,41.625,100,35.124305725097656,0.0
AHYB,2022-10-12,41.70199966430664,41.777000427246094,41.66999816894531,41.73099899291992,1700,35.2137451171875,0.0
AHYB,2022-10-13,41.52000045776367,41.775001525878906,41.52000045776367,41.775001525878906,400,35.25087356567383,0.0
AHYB,2022-10-14,41.720001220703125,41.720001220703125,41.63999938964844,41.63999938964844,300,35.136966705322266,0.0
AHYB,2022-10-17,42.09000015258789,42.12200164794922,42.060001373291016,42.12200164794922,700,35.5436897277832,0.0
AHYB,2022-10-18,42.29999923706055,42.375,42.29999923706055,42.375,800,35.757171630859375,0.0
AHYB,2022-10-19,41.97999954223633,42.01599884033203,41.97999954223633,42.01599884033203,200,35.4542350769043,0.0
AHYB,2022-10-20,42.150001525878906,42.150001525878906,41.821998596191406,41.821998596191406,200,35.29054260253906,0.0
AHYB,2022-10-21,42.119998931884766,42.150001525878906,42.119998931884766,42.141998291015625,300,35.56056213378906,0.0
AHYB,2022-10-24,42.16999816894531,42.27000045776367,42.16999816894531,42.27000045776367,400,35.6685676574707,0.0
AHYB,2022-10-25,42.58000183105469,42.61000061035156,42.58000183105469,42.61000061035156,200,35.955474853515625,0.0
AHYB,2022-10-26,42.7400016784668,42.7400016784668,42.70899963378906,42.70899963378906,300,36.03901290893555,0.0
AHYB,2022-10-27,43.066001892089844,43.066001892089844,43.066001892089844,43.066001892089844,100,36.34025573730469,0.0
AHYB,2022-10-28,43.2859992980957,43.36000061035156,43.2859992980957,43.36000061035156,300,36.58835220336914,0.0
AHYB,2022-10-31,42.86000061035156,42.891998291015625,42.775001525878906,42.775001525878906,400,36.09470748901367,0.0
AHYB,2022-11-01,42.71900177001953,42.808998107910156,42.71900177001953,42.808998107910156,200,36.27347946166992,0.177
AHYB,2022-11-02,42.720001220703125,42.720001220703125,42.42399978637695,42.42399978637695,300,35.94725799560547,0.0
AHYB,2022-11-03,42.20800018310547,42.20800018310547,42.20800018310547,42.20800018310547,200,35.76424789428711,0.0
AHYB,2022-11-04,42.452999114990234,42.452999114990234,42.452999114990234,42.452999114990234,100,35.97182846069336,0.0
AHYB,2022-11-07,42.529998779296875,42.529998779296875,42.428001403808594,42.474998474121094,1200,35.990474700927734,0.0
AHYB,2022-11-08,42.47999954223633,42.47999954223633,42.465999603271484,42.465999603271484,200,35.98285675048828,0.0
AHYB,2022-11-09,42.43600082397461,42.43600082397461,42.03900146484375,42.03900146484375,800,35.621036529541016,0.0
AHYB,2022-11-10,43.141998291015625,43.233001708984375,43.060001373291016,43.233001708984375,300,36.63276672363281,0.0
AHYB,2022-11-11,43.382999420166016,43.382999420166016,43.382999420166016,43.382999420166016,100,36.75986099243164,0.0
AHYB,2022-11-14,43.0629997253418,43.0629997253418,43.0629997253418,43.0629997253418,200,36.48871612548828,0.0
AHYB,2022-11-15,43.375,43.45199966430664,43.2599983215332,43.45199966430664,800,36.81830978393555,0.0
AHYB,2022-11-16,43.33100128173828,43.40800094604492,43.33100128173828,43.391998291015625,700,36.767478942871094,0.0
AHYB,2022-11-17,43.11600112915039,43.196998596191406,43.11600112915039,43.196998596191406,500,36.60226058959961,0.0
AHYB,2022-11-18,43.229000091552734,43.30500030517578,43.229000091552734,43.30500030517578,200,36.69375991821289,0.0
AHYB,2022-11-21,43.220001220703125,43.297000885009766,43.220001220703125,43.297000885009766,200,36.68698501586914,0.0
AHYB,2022-11-22,43.41899871826172,43.573001861572266,43.41899871826172,43.573001861572266,400,36.92085266113281,0.0
AHYB,2022-11-23,43.790000915527344,43.79999923706055,43.75199890136719,43.790000915527344,2100,37.10472869873047,0.0
AHYB,2022-11-25,43.72100067138672,43.72100067138672,43.72100067138672,43.72100067138672,100,37.046260833740234,0.0
AHYB,2022-11-28,43.279998779296875,43.279998779296875,43.275001525878906,43.275001525878906,300,36.66835021972656,0.0
AHYB,2022-11-29,43.42900085449219,43.45600128173828,43.42900085449219,43.45600128173828,300,36.821720123291016,0.0
AHYB,2022-11-30,43.38199996948242,44.00199890136719,43.38199996948242,44.00199890136719,800,37.28435516357422,0.0
AHYB,2022-12-01,43.790000915527344,43.94200134277344,43.790000915527344,43.94200134277344,300,37.40522766113281,0.202
AHYB,2022-12-02,43.9370002746582,43.9370002746582,43.9370002746582,43.9370002746582,300,37.40097427368164,0.0
AHYB,2022-12-05,43.900001525878906,43.900001525878906,43.56999969482422,43.60100173950195,2200,37.11497116088867,0.0
AHYB,2022-12-06,43.439998626708984,43.439998626708984,43.439998626708984,43.439998626708984,400,36.9779052734375,0.0
AHYB,2022-12-07,43.52199935913086,43.66400146484375,43.52199935913086,43.66400146484375,600,37.168582916259766,0.0
AHYB,2022-12-08,43.65700149536133,43.65700149536133,43.65700149536133,43.65700149536133,200,37.16263198852539,0.0
AHYB,2022-12-09,43.66899871826172,43.77000045776367,43.66899871826172,43.6870002746582,1400,37.18815994262695,0.0
AHYB,2022-12-12,43.72999954223633,43.76900100708008,43.709999084472656,43.76900100708008,800,37.25796890258789,0.0
AHYB,2022-12-13,44.0099983215332,44.21500015258789,44.0099983215332,44.21500015258789,400,37.63762283325195,0.0
AHYB,2022-12-14,44.220001220703125,44.220001220703125,43.84000015258789,44.00600051879883,400,37.459712982177734,0.0
AHYB,2022-12-15,43.61600112915039,43.61600112915039,43.61600112915039,43.61600112915039,300,37.295536041259766,0.198
AHYB,2022-12-16,43.470001220703125,43.470001220703125,43.36899948120117,43.40999984741211,1400,37.119380950927734,0.0
AHYB,2022-12-19,43.22999954223633,43.22999954223633,43.20100021362305,43.21799850463867,600,36.9552001953125,0.0
AHYB,2022-12-20,43.141998291015625,43.141998291015625,43.11600112915039,43.11600112915039,1700,36.86798858642578,0.0
AHYB,2022-12-21,43.44300079345703,43.44300079345703,43.44300079345703,43.44300079345703,400,37.14761734008789,0.0
AHYB,2022-12-22,43.29999923706055,43.29999923706055,43.19200134277344,43.19599914550781,400,36.93639373779297,0.0
AHYB,2022-12-23,43.16999816894531,43.332000732421875,43.15999984741211,43.332000732421875,800,37.05267333984375,0.0
AHYB,2022-12-27,43.15399932861328,43.15399932861328,42.8650016784668,42.8650016784668,400,36.65337371826172,0.0
AHYB,2022-12-28,42.849998474121094,42.849998474121094,42.31399917602539,42.31399917602539,400,36.18220901489258,0.0
AHYB,2022-12-29,42.88999938964844,42.88999938964844,42.88999938964844,42.88999938964844,100,36.674747467041016,0.0
AHYB,2022-12-30,42.89799880981445,42.89799880981445,42.89799880981445,42.89799880981445,0,36.68157958984375,0.0
AHYB,2023-01-03,43.108001708984375,43.108001708984375,42.98099899291992,42.98099899291992,500,36.75255584716797,0.0
AHYB,2023-01-04,43.2599983215332,43.441001892089844,43.2599983215332,43.441001892089844,700,37.14588928222656,0.0
AHYB,2023-01-05,43.27799987792969,43.36399841308594,43.27799987792969,43.36399841308594,400,37.08004379272461,0.0
AHYB,2023-01-06,43.78799819946289,43.94200134277344,43.78799819946289,43.94200134277344,200,37.57429885864258,0.0
AHYB,2023-01-09,44.11800003051758,44.11800003051758,44.08100128173828,44.09600067138672,600,37.70598220825195,0.0
AHYB,2023-01-10,43.986000061035156,44.064998626708984,43.986000061035156,44.064998626708984,400,37.679481506347656,0.0
AHYB,2023-01-11,44.30500030517578,44.30500030517578,44.30500030517578,44.30500030517578,200,37.88468933105469,0.0
AHYB,2023-01-12,44.52000045776367,44.595001220703125,44.52000045776367,44.595001220703125,800,38.132659912109375,0.0
AHYB,2023-01-13,44.59000015258789,44.599998474121094,44.59000015258789,44.599998474121094,300,38.13694763183594,0.0
AHYB,2023-01-17,44.529998779296875,44.529998779296875,44.48699951171875,44.48699951171875,1000,38.04031753540039,0.0
AHYB,2023-01-18,44.8489990234375,44.8489990234375,44.5260009765625,44.529998779296875,700,38.07707977294922,0.0
AHYB,2023-01-19,44.29199981689453,44.29199981689453,44.29199981689453,44.29199981689453,300,37.873565673828125,0.0
AHYB,2023-01-20,44.24700164794922,44.37699890136719,44.18000030517578,44.37699890136719,1100,37.946266174316406,0.0
AHYB,2023-01-23,44.32500076293945,44.32500076293945,44.32500076293945,44.32500076293945,300,37.90180206298828,0.0
AHYB,2023-01-24,44.25,44.358001708984375,44.25,44.358001708984375,700,37.93001174926758,0.0
AHYB,2023-01-25,44.20100021362305,44.36199951171875,44.20000076293945,44.36199951171875,700,37.933433532714844,0.0
AHYB,2023-01-26,44.380001068115234,44.439998626708984,44.29999923706055,44.439998626708984,2900,38.00012969970703,0.0
AHYB,2023-01-27,44.400001525878906,44.400001525878906,44.29999923706055,44.33000183105469,500,37.90605926513672,0.0
AHYB,2023-01-30,44.15999984741211,44.15999984741211,44.10300064086914,44.10300064086914,200,37.71196365356445,0.0
AHYB,2023-01-31,44.2599983215332,44.44300079345703,44.2599983215332,44.44300079345703,700,38.00269317626953,0.0
AHYB,2023-02-01,44.6609992980957,44.6609992980957,44.6609992980957,44.6609992980957,100,38.348716735839844,0.185
AHYB,2023-02-02,44.867000579833984,44.867000579833984,44.867000579833984,44.867000579833984,100,38.5256233215332,0.0
AHYB,2023-02-03,44.68000030517578,44.68000030517578,44.4370002746582,44.4370002746582,600,38.15639114379883,0.0
AHYB,2023-02-06,44.20199966430664,44.20199966430664,44.20199966430664,44.20199966430664,100,37.95460891723633,0.0
AHYB,2023-02-07,44.180999755859375,44.38800048828125,44.180999755859375,44.38800048828125,900,38.114322662353516,0.0
AHYB,2023-02-08,44.198001861572266,44.198001861572266,44.198001861572266,44.198001861572266,100,37.951171875,0.0
AHYB,2023-02-09,44.231998443603516,44.231998443603516,43.94599914550781,43.94599914550781,400,37.73478698730469,0.0
AHYB,2023-02-10,43.665000915527344,43.68000030517578,43.597999572753906,43.597999572753906,800,37.435970306396484,0.0
AHYB,2023-02-13,43.63399887084961,43.70800018310547,43.63399887084961,43.70800018310547,200,37.53042221069336,0.0
AHYB,2023-02-14,43.5099983215332,43.742000579833984,43.5099983215332,43.71500015258789,31500,37.53644561767578,0.0
AHYB,2023-02-15,43.54999923706055,43.652000427246094,43.54999923706055,43.652000427246094,1000,37.482337951660156,0.0
AHYB,2023-02-16,43.400001525878906,43.47999954223633,43.319000244140625,43.319000244140625,1100,37.1964111328125,0.0
AHYB,2023-02-17,43.25,43.48699951171875,43.25,43.48699951171875,1000,37.34066390991211,0.0
AHYB,2023-02-21,42.97700119018555,43.0,42.83300018310547,42.83300018310547,800,36.77909851074219,0.0
AHYB,2023-02-22,43.060001373291016,43.25,43.060001373291016,43.099998474121094,600,37.00835037231445,0.0
AHYB,2023-02-23,43.33000183105469,43.47200012207031,43.27000045776367,43.47200012207031,900,37.32778549194336,0.0
AHYB,2023-02-24,43.290000915527344,43.290000915527344,43.189998626708984,43.220001220703125,1700,37.11139678955078,0.0
AHYB,2023-02-27,43.375999450683594,43.45399856567383,43.375999450683594,43.45399856567383,200,37.31233215332031,0.0
AHYB,2023-02-28,43.388999938964844,43.444000244140625,43.388999938964844,43.40599822998047,400,37.27111053466797,0.0
AHYB,2023-03-01,43.130001068115234,43.130001068115234,43.130001068115234,43.130001068115234,100,37.19866943359375,0.192
AHYB,2023-03-02,43.119998931884766,43.150001525878906,43.119998931884766,43.150001525878906,200,37.215911865234375,0.0
AHYB,2023-03-03,43.619998931884766,43.619998931884766,43.58100128173828,43.58100128173828,300,37.587646484375,0.0
AHYB,2023-03-06,43.619998931884766,43.619998931884766,43.57500076293945,43.57500076293945,300,37.58246612548828,0.0
AHYB,2023-03-07,43.32500076293945,43.32500076293945,43.32500076293945,43.32500076293945,300,37.36684799194336,0.0
AHYB,2023-03-08,43.29100036621094,43.33000183105469,43.06999969482422,43.12099838256836,800,37.190895080566406,0.0
AHYB,2023-03-09,43.279998779296875,43.310001373291016,42.9109992980957,42.9109992980957,900,37.0097770690918,0.0
AHYB,2023-03-10,43.08000183105469,43.08000183105469,42.90999984741211,42.93600082397461,2100,37.031341552734375,0.0
AHYB,2023-03-13,42.88800048828125,43.16999816894531,42.78300094604492,42.78300094604492,1800,36.899383544921875,0.0
AHYB,2023-03-14,43.119998931884766,43.22999954223633,43.04999923706055,43.084999084472656,600,37.15985870361328,0.0
AHYB,2023-03-15,42.900001525878906,42.933998107910156,42.900001525878906,42.933998107910156,500,37.029624938964844,0.0
AHYB,2023-03-16,42.99100112915039,43.23400115966797,42.99100112915039,43.23400115966797,800,37.28837203979492,0.0
AHYB,2023-03-17,43.0099983215332,43.0099983215332,42.96500015258789,43.00699996948242,800,37.092586517333984,0.0
AHYB,2023-03-20,43.04899978637695,43.04999923706055,42.8849983215332,42.89799880981445,1300,36.99856948852539,0.0
AHYB,2023-03-21,43.2400016784668,43.356998443603516,43.18000030517578,43.356998443603516,1400,37.394447326660156,0.0
AHYB,2023-03-22,43.310001373291016,43.52000045776367,43.310001373291016,43.382999420166016,1000,37.416873931884766,0.0
AHYB,2023-03-23,43.540000915527344,43.540000915527344,43.255001068115234,43.255001068115234,900,37.30647659301758,0.0
AHYB,2023-03-24,43.19900131225586,43.242000579833984,43.19900131225586,43.242000579833984,300,37.29527282714844,0.0
AHYB,2023-03-27,43.29399871826172,43.29399871826172,43.14799880981445,43.14799880981445,500,37.21419143676758,0.0
AHYB,2023-03-28,43.08000183105469,43.15700149536133,43.08000183105469,43.15700149536133,300,37.221954345703125,0.0
AHYB,2023-03-29,43.45199966430664,43.6349983215332,43.45199966430664,43.6349983215332,1600,37.634212493896484,0.0
AHYB,2023-03-30,43.77000045776367,43.88800048828125,43.63999938964844,43.88800048828125,1800,37.8524169921875,0.0
AHYB,2023-03-31,44.11000061035156,44.349998474121094,44.11000061035156,44.349998474121094,1800,38.250892639160156,0.0
AHYB,2023-04-03,44.09000015258789,44.16699981689453,44.040000915527344,44.16699981689453,7400,38.262149810791016,0.196
AHYB,2023-04-04,44.15999984741211,44.15999984741211,43.99700164794922,43.99700164794922,900,38.114871978759766,0.0
AHYB,2023-04-05,44.06999969482422,44.06999969482422,43.75199890136719,43.75199890136719,2000,37.90263748168945,0.0
AHYB,2023-04-06,43.779998779296875,43.9900016784668,43.779998779296875,43.957000732421875,400,38.08023452758789,0.0
AHYB,2023-04-10,43.849998474121094,43.90700149536133,43.849998474121094,43.90700149536133,500,38.03691482543945,0.0
AHYB,2023-04-11,43.93000030517578,44.0099983215332,43.93000030517578,44.0,900,38.11747741699219,0.0
AHYB,2023-04-12,44.04800033569336,44.04800033569336,43.96799850463867,43.96799850463867,900,38.089752197265625,0.0
AHYB,2023-04-13,44.279998779296875,44.279998779296875,44.22700119018555,44.22700119018555,400,38.31414031982422,0.0
AHYB,2023-04-14,44.209999084472656,44.209999084472656,44.1150016784668,44.12300109863281,1600,38.22403335571289,0.0
AHYB,2023-04-17,44.018001556396484,44.018001556396484,43.92499923706055,44.01100158691406,1700,38.12700653076172,0.0
AHYB,2023-04-18,44.130001068115234,44.130001068115234,43.97999954223633,44.0620002746582,2900,38.17119598388672,0.0
AHYB,2023-04-19,43.909000396728516,43.909000396728516,43.88800048828125,43.89099884033203,700,38.023048400878906,0.0
AHYB,2023-04-20,43.85900115966797,43.86199951171875,43.80500030517578,43.80500030517578,2200,37.94855880737305,0.0
AHYB,2023-04-21,43.85100173950195,43.981998443603516,43.845001220703125,43.94300079345703,3300,38.0681037902832,0.0
AHYB,2023-04-24,44.0,44.077999114990234,44.0,44.077999114990234,6500,38.18504333496094,0.0
AHYB,2023-04-25,44.071998596191406,44.071998596191406,43.99399948120117,43.99399948120117,900,38.11227798461914,0.0
AHYB,2023-04-26,43.90999984741211,43.90999984741211,43.84000015258789,43.84000015258789,600,37.97886276245117,0.0
AHYB,2023-04-27,44.0,44.06999969482422,43.941001892089844,44.02000045776367,2100,38.13479995727539,0.0
AHYB,2023-04-28,44.04999923706055,44.185001373291016,44.04999923706055,44.137001037597656,3300,38.23616027832031,0.0
AHYB,2023-05-01,43.84199905395508,43.84199905395508,43.7130012512207,43.7130012512207,1500,38.02564239501953,0.182
AHYB,2023-05-02,43.650001525878906,43.755001068115234,43.650001525878906,43.755001068115234,300,38.06217575073242,0.0
AHYB,2023-05-03,43.70899963378906,43.70899963378906,43.70899963378906,43.70899963378906,100,38.02216720581055,0.0
AHYB,2023-05-04,43.59600067138672,43.6150016784668,43.59600067138672,43.6150016784668,400,37.94040298461914,0.0
AHYB,2023-05-05,43.84000015258789,43.84000015258789,43.79100036621094,43.79100036621094,400,38.0934944152832,0.0
AHYB,2023-05-08,43.6150016784668,43.689998626708984,43.6150016784668,43.689998626708984,1100,38.005645751953125,0.0
AHYB,2023-05-09,43.604000091552734,43.604000091552734,43.604000091552734,43.604000091552734,400,37.93083572387695,0.0
AHYB,2023-05-10,43.757999420166016,43.81999969482422,43.7400016784668,43.81999969482422,1100,38.118736267089844,0.0
AHYB,2023-05-11,43.75,43.77000045776367,43.75,43.77000045776367,200,38.075233459472656,0.0
AHYB,2023-05-12,43.59000015258789,43.630001068115234,43.59000015258789,43.630001068115234,700,37.95343780517578,0.0
AHYB,2023-05-15,43.63800048828125,43.650001525878906,43.63800048828125,43.641998291015625,400,37.963890075683594,0.0
AHYB,2023-05-16,43.5,43.5,43.362998962402344,43.362998962402344,800,37.7211799621582,0.0
AHYB,2023-05-17,43.45199966430664,43.49800109863281,43.439998626708984,43.49800109863281,1300,37.83861541748047,0.0
AHYB,2023-05-18,43.512001037597656,43.512001037597656,43.512001037597656,43.512001037597656,100,37.850799560546875,0.0
AHYB,2023-05-19,43.577999114990234,43.59000015258789,43.51499938964844,43.51499938964844,500,37.85340118408203,0.0
AHYB,2023-05-22,43.619998931884766,43.7400016784668,43.619998931884766,43.70600128173828,1000,38.019554138183594,0.0
AHYB,2023-05-23,43.63999938964844,43.63999938964844,43.4900016784668,43.4900016784668,1000,37.8316650390625,0.0
AHYB,2023-05-24,43.233001708984375,43.233001708984375,43.233001708984375,43.233001708984375,100,37.60810089111328,0.0
AHYB,2023-05-25,43.24100112915039,43.24100112915039,43.18000030517578,43.18000030517578,600,37.56199264526367,0.0
AHYB,2023-05-26,43.34000015258789,43.433998107910156,43.3129997253418,43.433998107910156,800,37.78293991088867,0.0
AHYB,2023-05-30,43.59000015258789,43.590999603271484,43.59000015258789,43.590999603271484,300,37.919517517089844,0.0
AHYB,2023-05-31,43.430999755859375,43.48500061035156,43.430999755859375,43.48500061035156,600,37.82731246948242,0.0
AHYB,2023-06-01,43.43000030517578,43.55500030517578,43.43000030517578,43.513999938964844,1000,38.03535079956055,0.209
AHYB,2023-06-02,43.7400016784668,43.7400016784668,43.7400016784668,43.7400016784668,400,38.23289489746094,0.0
AHYB,2023-06-05,43.625,43.625,43.625,43.625,100,38.132381439208984,0.0
AHYB,2023-06-06,43.724998474121094,43.724998474121094,43.724998474121094,43.724998474121094,200,38.219783782958984,0.0
AHYB,2023-06-07,43.5,43.51499938964844,43.5,43.51499938964844,200,38.03620529174805,0.0
AHYB,2023-06-08,43.73500061035156,43.73500061035156,43.73500061035156,43.73500061035156,300,38.22852325439453,0.0
AHYB,2023-06-09,43.810001373291016,43.810001373291016,43.77199935913086,43.77199935913086,200,38.260860443115234,0.0
AHYB,2023-06-12,43.805999755859375,43.805999755859375,43.766998291015625,43.766998291015625,300,38.256492614746094,0.0
AHYB,2023-06-13,43.85100173950195,43.85100173950195,43.790000915527344,43.790000915527344,2900,38.27659225463867,0.0
AHYB,2023-06-14,43.88999938964844,43.88999938964844,43.79600143432617,43.79600143432617,300,38.28184127807617,0.0
AHYB,2023-06-15,43.95000076293945,43.96799850463867,43.95000076293945,43.96799850463867,200,38.43218994140625,0.0
AHYB,2023-06-16,43.861000061035156,43.8849983215332,43.861000061035156,43.86399841308594,1300,38.341278076171875,0.0
AHYB,2023-06-20,43.849998474121094,43.849998474121094,43.814998626708984,43.814998626708984,300,38.29844665527344,0.0
AHYB,2023-06-21,43.65999984741211,43.709999084472656,43.65999984741211,43.709999084472656,200,38.2066650390625,0.0
AHYB,2023-06-22,43.57500076293945,43.57500076293945,43.57500076293945,43.57500076293945,100,38.088661193847656,0.0
AHYB,2023-06-23,43.529998779296875,43.529998779296875,43.4900016784668,43.505001068115234,8600,38.02747344970703,0.0
AHYB,2023-06-26,43.56999969482422,43.599998474121094,43.56999969482422,43.5989990234375,1300,38.109649658203125,0.0
AHYB,2023-06-27,43.65999984741211,43.709999084472656,43.65999984741211,43.709999084472656,300,38.2066650390625,0.0
AHYB,2023-06-28,43.72200012207031,43.92100143432617,43.72200012207031,43.92100143432617,400,38.3911018371582,0.0
AHYB,2023-06-29,43.7599983215332,43.808998107910156,43.75600051879883,43.808998107910156,600,38.29319763183594,0.0
AHYB,2023-06-30,43.97600173950195,44.150001525878906,43.970001220703125,44.060001373291016,10700,38.512603759765625,0.0
AHYB,2023-07-03,43.75600051879883,43.77000045776367,43.75600051879883,43.77000045776367,300,38.43269348144531,0.199
AHYB,2023-07-05,43.70000076293945,43.70000076293945,43.540000915527344,43.64500045776367,700,38.32293701171875,0.0
AHYB,2023-07-06,43.290000915527344,43.362998962402344,43.290000915527344,43.362998962402344,400,38.07532501220703,0.0
AHYB,2023-07-07,43.52000045776367,43.52000045776367,43.387001037597656,43.387001037597656,500,38.09640884399414,0.0
AHYB,2023-07-10,43.540000915527344,43.630001068115234,43.540000915527344,43.58399963378906,2200,38.26938247680664,0.0
AHYB,2023-07-11,43.689998626708984,43.78200149536133,43.68000030517578,43.78200149536133,1500,38.44322967529297,0.0
AHYB,2023-07-12,44.13999938964844,44.13999938964844,44.12799835205078,44.12799835205078,500,38.747047424316406,0.0
AHYB,2023-07-13,44.29999923706055,44.400001525878906,44.2599983215332,44.400001525878906,800,38.985877990722656,0.0
AHYB,2023-07-14,44.097999572753906,44.097999572753906,44.097999572753906,44.097999572753906,200,38.720703125,0.0
AHYB,2023-07-17,44.130001068115234,44.198001861572266,44.130001068115234,44.198001861572266,200,38.80850601196289,0.0
AHYB,2023-07-18,44.34000015258789,44.34000015258789,44.310001373291016,44.310001373291016,200,38.90684509277344,0.0
AHYB,2023-07-19,44.38399887084961,44.38399887084961,44.35900115966797,44.35900115966797,400,38.949886322021484,0.0
AHYB,2023-07-20,44.11000061035156,44.18000030517578,44.11000061035156,44.18000030517578,700,38.792701721191406,0.0
AHYB,2023-07-21,44.22800064086914,44.33399963378906,44.189998626708984,44.25699996948242,900,38.86030960083008,0.0
AHYB,2023-07-24,44.27000045776367,44.27000045776367,44.21500015258789,44.21500015258789,2600,38.82343292236328,0.0
AHYB,2023-07-25,44.130001068115234,44.15999984741211,44.130001068115234,44.15999984741211,800,38.775142669677734,0.0
AHYB,2023-07-26,44.21799850463867,44.349998474121094,44.20000076293945,44.349998474121094,1000,38.94197463989258,0.0
AHYB,2023-07-27,44.369998931884766,44.369998931884766,44.02899932861328,44.02899932861328,1000,38.660118103027344,0.0
AHYB,2023-07-28,44.310001373291016,44.310001373291016,44.25,44.25,500,38.85417175292969,0.0
AHYB,2023-07-31,44.38999938964844,44.38999938964844,44.38999938964844,44.38999938964844,100,38.977088928222656,0.0
AHYB,2023-08-01,44.21500015258789,44.21500015258789,43.95600128173828,43.95600128173828,100,38.74879455566406,0.175
AHYB,2023-08-02,43.845001220703125,43.845001220703125,43.845001220703125,43.845001220703125,100,38.65092849731445,0.0
AHYB,2023-08-03,43.70000076293945,43.70000076293945,43.70000076293945,43.70000076293945,100,38.52309799194336,0.0
AHYB,2023-08-04,44.0099983215332,44.04999923706055,43.92100143432617,43.92100143432617,500,38.717918395996094,0.0
AHYB,2023-08-07,43.9900016784668,43.999000549316406,43.92599868774414,43.999000549316406,1100,38.78668975830078,0.0
AHYB,2023-08-08,43.959999084472656,44.082000732421875,43.959999084472656,44.082000732421875,300,38.85984420776367,0.0
AHYB,2023-08-09,44.084999084472656,44.084999084472656,44.084999084472656,44.084999084472656,200,38.86249923706055,0.0
AHYB,2023-08-10,44.18000030517578,44.18000030517578,44.064998626708984,44.064998626708984,500,38.84486389160156,0.0
AHYB,2023-08-11,43.939998626708984,43.97100067138672,43.939998626708984,43.97100067138672,200,38.761993408203125,0.0
AHYB,2023-08-14,43.90399932861328,43.992000579833984,43.88999938964844,43.992000579833984,1000,38.780513763427734,0.0
AHYB,2023-08-15,43.948001861572266,43.948001861572266,43.87099838256836,43.87099838256836,400,38.67384719848633,0.0
AHYB,2023-08-16,43.91400146484375,43.91400146484375,43.75400161743164,43.75400161743164,500,38.57071304321289,0.0
AHYB,2023-08-17,43.72800064086914,43.72800064086914,43.57500076293945,43.57500076293945,700,38.41291046142578,0.0
AHYB,2023-08-18,43.659000396728516,43.70000076293945,43.63399887084961,43.63399887084961,800,38.46492385864258,0.0
AHYB,2023-08-21,43.512001037597656,43.6150016784668,43.512001037597656,43.6150016784668,600,38.448177337646484,0.0
AHYB,2023-08-22,43.59199905395508,43.63600158691406,43.59199905395508,43.63600158691406,400,38.46668243408203,0.0
AHYB,2023-08-23,43.880001068115234,43.97999954223633,43.880001068115234,43.97800064086914,800,38.76816940307617,0.0
AHYB,2023-08-24,43.81999969482422,43.81999969482422,43.72200012207031,43.72200012207031,500,38.542503356933594,0.0
AHYB,2023-08-25,43.82899856567383,43.9119987487793,43.82899856567383,43.9119987487793,600,38.70998001098633,0.0
AHYB,2023-08-28,44.06999969482422,44.06999969482422,44.06999969482422,44.06999969482422,100,38.84926223754883,0.0
AHYB,2023-08-29,44.319000244140625,44.319000244140625,44.319000244140625,44.319000244140625,400,39.06877136230469,0.0
AHYB,2023-08-30,44.31999969482422,44.31999969482422,44.290000915527344,44.292999267578125,500,39.04585266113281,0.0
AHYB,2023-08-31,44.290000915527344,44.3120002746582,44.290000915527344,44.3120002746582,300,39.06260299682617,0.0
AHYB,2023-09-01,44.09000015258789,44.09000015258789,44.09000015258789,44.09000015258789,100,39.05108642578125,0.209
AHYB,2023-09-05,43.948001861572266,43.95000076293945,43.86399841308594,43.86399841308594,900,38.850921630859375,0.0
AHYB,2023-09-06,43.779998779296875,43.78300094604492,43.7599983215332,43.78300094604492,500,38.7791748046875,0.0
AHYB,2023-09-07,43.91400146484375,43.91400146484375,43.91400146484375,43.91400146484375,300,38.895206451416016,0.0
AHYB,2023-09-08,44.02000045776367,44.02000045776367,43.882999420166016,43.882999420166016,400,38.86774826049805,0.0
AHYB,2023-09-11,43.89799880981445,43.94200134277344,43.89799880981445,43.94200134277344,500,38.92000198364258,0.0
AHYB,2023-09-12,43.90999984741211,43.90999984741211,43.88999938964844,43.88999938964844,600,38.87394714355469,0.0
AHYB,2023-09-13,43.94200134277344,44.040000915527344,43.94200134277344,44.0099983215332,500,38.98023986816406,0.0
AHYB,2023-09-14,44.051998138427734,44.051998138427734,44.04499816894531,44.04499816894531,200,39.011234283447266,0.0
AHYB,2023-09-15,44.00299835205078,44.00299835205078,43.93299865722656,43.93299865722656,1100,38.91204071044922,0.0
AHYB,2023-09-18,43.93199920654297,43.935001373291016,43.92100143432617,43.92100143432617,400,38.901405334472656,0.0
AHYB,2023-09-19,43.880001068115234,43.880001068115234,43.84400177001953,43.84400177001953,300,38.83320617675781,0.0
AHYB,2023-09-20,43.93600082397461,43.970001220703125,43.79999923706055,43.808998107910156,1300,38.80219650268555,0.0
AHYB,2023-09-21,43.61000061035156,43.61000061035156,43.52000045776367,43.5260009765625,500,38.551544189453125,0.0
AHYB,2023-09-22,43.70000076293945,43.70000076293945,43.599998474121094,43.61000061035156,800,38.62594985961914,0.0
AHYB,2023-09-25,43.53799819946289,43.54999923706055,43.525001525878906,43.525001525878906,600,38.55065155029297,0.0
AHYB,2023-09-26,43.470001220703125,43.470001220703125,43.35900115966797,43.35900115966797,2300,38.40362548828125,0.0
AHYB,2023-09-27,43.45000076293945,43.45000076293945,43.290000915527344,43.290000915527344,300,38.3425178527832,0.0
AHYB,2023-09-28,43.29499816894531,43.4900016784668,43.29499816894531,43.47600173950195,200,38.50724411010742,0.0
AHYB,2023-09-29,43.650001525878906,43.650001525878906,43.42399978637695,43.42399978637695,400,38.461204528808594,0.0
AHYB,2023-10-02,43.055999755859375,43.055999755859375,42.9630012512207,42.9630012512207,500,38.23515701293945,0.207
AHYB,2023-10-03,42.74800109863281,42.74800109863281,42.571998596191406,42.571998596191406,7500,37.887184143066406,0.0
AHYB,2023-10-04,42.66999816894531,42.77000045776367,42.5989990234375,42.77000045776367,13800,38.063385009765625,0.0
AHYB,2023-10-05,42.72999954223633,42.78499984741211,42.72999954223633,42.77199935913086,700,38.06517791748047,0.0
AHYB,2023-10-06,42.8650016784668,42.8650016784668,42.8650016784668,42.8650016784668,200,38.14794158935547,0.0
AHYB,2023-10-09,43.12799835205078,43.14799880981445,43.099998474121094,43.14799880981445,1000,38.3997917175293,0.0
AHYB,2023-10-10,43.16999816894531,43.19499969482422,43.15700149536133,43.15700149536133,1100,38.40781021118164,0.0
AHYB,2023-10-11,43.27000045776367,43.27000045776367,43.0099983215332,43.189998626708984,7300,38.437171936035156,0.0
AHYB,2023-10-12,43.02000045776367,43.069000244140625,42.92100143432617,42.92100143432617,600,38.19777297973633,0.0
AHYB,2023-10-13,42.96900177001953,42.96900177001953,42.8849983215332,42.8849983215332,700,38.16574478149414,0.0
AHYB,2023-10-16,42.88999938964844,42.91999816894531,42.87699890136719,42.87699890136719,1000,38.15861892700195,0.0
AHYB,2023-10-17,42.720001220703125,42.7599983215332,42.65999984741211,42.709999084472656,600,38.00999069213867,0.0
AHYB,2023-10-18,42.45600128173828,42.45600128173828,42.45600128173828,42.45600128173828,100,37.78395462036133,0.0
AHYB,2023-10-19,42.43000030517578,42.43000030517578,42.36399841308594,42.36399841308594,600,37.70206832885742,0.0
AHYB,2023-10-20,42.459999084472656,42.459999084472656,42.433998107910156,42.433998107910156,400,37.764366149902344,0.0
AHYB,2023-10-23,42.369998931884766,42.59199905395508,42.369998931884766,42.59199905395508,300,37.90497970581055,0.0
AHYB,2023-10-24,42.72999954223633,42.779998779296875,42.72999954223633,42.779998779296875,400,38.07229232788086,0.0
AHYB,2023-10-25,42.70000076293945,42.70000076293945,42.560001373291016,42.560001373291016,300,37.87650680541992,0.0
AHYB,2023-10-26,42.619998931884766,42.74800109863281,42.619998931884766,42.74800109863281,500,38.0438117980957,0.0
AHYB,2023-10-27,42.76499938964844,42.76499938964844,42.652000427246094,42.652000427246094,400,37.9583740234375,0.0
AHYB,2023-10-30,42.685001373291016,42.720001220703125,42.685001373291016,42.685001373291016,600,37.98774337768555,0.0
AHYB,2023-10-31,42.875999450683594,42.880001068115234,42.86399841308594,42.86399841308594,800,38.14705276489258,0.0
AHYB,2023-11-01,42.83000183105469,42.965999603271484,42.7400016784668,42.965999603271484,800,38.435997009277344,0.221
AHYB,2023-11-02,43.45000076293945,43.457000732421875,43.38100051879883,43.457000732421875,1100,38.87522888183594,0.0
AHYB,2023-11-03,43.689998626708984,43.86600112915039,43.689998626708984,43.86600112915039,900,39.24110794067383,0.0
AHYB,2023-11-06,43.779998779296875,43.779998779296875,43.689998626708984,43.689998626708984,900,39.08366012573242,0.0
AHYB,2023-11-07,43.672000885009766,43.672000885009766,43.6510009765625,43.665000915527344,800,39.061302185058594,0.0
AHYB,2023-11-08,43.70000076293945,43.70000076293945,43.630001068115234,43.69499969482422,1200,39.088134765625,0.0
AHYB,2023-11-09,43.6609992980957,43.6609992980957,43.435001373291016,43.435001373291016,800,38.855552673339844,0.0
AHYB,2023-11-10,43.553001403808594,43.64500045776367,43.553001403808594,43.64500045776367,800,39.04341125488281,0.0
AHYB,2023-11-13,43.61000061035156,43.61000061035156,43.58000183105469,43.58000183105469,400,38.98525619506836,0.0
AHYB,2023-11-14,44.04399871826172,44.04399871826172,44.04399871826172,44.04399871826172,200,39.40033721923828,0.0
AHYB,2023-11-15,43.9900016784668,43.9900016784668,43.88999938964844,43.88999938964844,500,39.262577056884766,0.0
AHYB,2023-11-16,43.90999984741211,43.94200134277344,43.900001525878906,43.94200134277344,900,39.30908966064453,0.0
AHYB,2023-11-17,43.979000091552734,44.029998779296875,43.979000091552734,44.01599884033203,1800,39.37528610229492,0.0
AHYB,2023-11-20,44.007999420166016,44.099998474121094,44.007999420166016,44.09400177001953,9500,39.445068359375,0.0
AHYB,2023-11-21,44.060001373291016,44.10300064086914,44.040000915527344,44.10300064086914,1300,39.4531135559082,0.0
AHYB,2023-11-22,44.1349983215332,44.21200180053711,43.970001220703125,44.21200180053711,6700,39.55062484741211,0.0
AHYB,2023-11-24,44.17900085449219,44.17900085449219,44.14500045776367,44.172000885009766,700,39.51483917236328,0.0
AHYB,2023-11-27,44.16899871826172,44.24100112915039,44.16899871826172,44.24100112915039,1100,39.576576232910156,0.0
AHYB,2023-11-28,44.319000244140625,44.38999938964844,44.25,44.38999938964844,1500,39.709861755371094,0.0
AHYB,2023-11-29,44.599998474121094,44.599998474121094,44.57500076293945,44.59000015258789,2100,39.888763427734375,0.0
AHYB,2023-11-30,44.41999816894531,44.51100158691406,44.40999984741211,44.51100158691406,1600,39.8181037902832,0.0
AHYB,2023-12-01,44.2400016784668,44.624000549316406,44.2400016784668,44.624000549316406,2100,40.11114501953125,0.213
AHYB,2023-12-04,44.45199966430664,44.52000045776367,44.45199966430664,44.52000045776367,900,40.01765441894531,0.0
AHYB,2023-12-05,44.459999084472656,44.57699966430664,44.459999084472656,44.57699966430664,1200,40.06889343261719,0.0
AHYB,2023-12-06,44.56100082397461,44.56100082397461,44.56100082397461,44.56100082397461,200,40.054500579833984,0.0
AHYB,2023-12-07,44.61000061035156,44.68000030517578,44.599998474121094,44.599998474121094,34700,40.08955764770508,0.0
AHYB,2023-12-08,44.54999923706055,44.58000183105469,44.48500061035156,44.58000183105469,1300,40.07158279418945,0.0
AHYB,2023-12-11,44.4900016784668,44.5,44.45899963378906,44.5,2300,39.99967956542969,0.0
AHYB,2023-12-12,44.45000076293945,44.63999938964844,44.45000076293945,44.63999938964844,800,40.12551498413086,0.0
AHYB,2023-12-13,45.17499923706055,45.17499923706055,45.17499923706055,45.17499923706055,300,40.60639953613281,0.0
AHYB,2023-12-14,45.50600051879883,45.50600051879883,45.37300109863281,45.45000076293945,14500,40.85359573364258,0.0
AHYB,2023-12-15,45.375,45.3849983215332,45.31999969482422,45.340999603271484,1100,40.75563430786133,0.0
AHYB,2023-12-18,45.220001220703125,45.220001220703125,45.060001373291016,45.11600112915039,4200,40.7420768737793,0.21
AHYB,2023-12-19,45.2599983215332,45.27199935913086,45.2599983215332,45.27199935913086,700,40.88295364379883,0.0
AHYB,2023-12-20,45.314998626708984,45.40999984741211,45.255001068115234,45.255001068115234,1200,40.86760330200195,0.0
AHYB,2023-12-21,45.41999816894531,45.439998626708984,45.31399917602539,45.42900085449219,25500,41.02473449707031,0.0
AHYB,2023-12-22,45.5099983215332,45.5099983215332,45.38999938964844,45.38999938964844,87600,40.98952102661133,0.0
AHYB,2023-12-26,45.369998931884766,45.459999084472656,45.369998931884766,45.459999084472656,2700,41.052730560302734,0.0
AHYB,2023-12-27,45.67599868774414,45.67599868774414,45.625,45.625,200,41.20173263549805,0.0
AHYB,2023-12-28,45.529998779296875,45.529998779296875,45.44200134277344,45.479000091552734,400,41.06988525390625,0.0
AHYB,2023-12-29,45.50600051879883,45.5260009765625,45.369998931884766,45.369998931884766,1800,40.97145462036133,0.0
AHYB,2024-01-02,45.189998626708984,45.27799987792969,45.17499923706055,45.21200180053711,2200,40.82876205444336,0.0
AHYB,2024-01-03,44.92599868774414,45.084999084472656,44.92599868774414,45.073001861572266,1100,40.703250885009766,0.0
AHYB,2024-01-04,45.040000915527344,45.13999938964844,44.91600036621094,44.91600036621094,7200,40.56147384643555,0.0
AHYB,2024-01-05,45.095001220703125,45.130001068115234,45.005001068115234,45.005001068115234,1200,40.641841888427734,0.0
AHYB,2024-01-08,45.15999984741211,45.22999954223633,45.130001068115234,45.22999954223633,2300,40.845027923583984,0.0
AHYB,2024-01-09,45.14899826049805,45.27399826049805,45.14899826049805,45.27399826049805,1400,40.884765625,0.0
AHYB,2024-01-10,45.361000061035156,45.400001525878906,45.35900115966797,45.35900115966797,2300,40.961517333984375,0.0
AHYB,2024-01-11,45.349998474121094,45.46900177001953,45.28799819946289,45.46900177001953,400,41.06086730957031,0.0
AHYB,2024-01-12,45.5359992980957,45.59000015258789,45.5359992980957,45.54999923706055,2900,41.13399887084961,0.0
AHYB,2024-01-16,45.435001373291016,45.435001373291016,45.290000915527344,45.290000915527344,500,40.899208068847656,0.0
AHYB,2024-01-17,45.14799880981445,45.189998626708984,45.14799880981445,45.15999984741211,700,40.78180694580078,0.0
AHYB,2024-01-18,45.189998626708984,45.25,45.15999984741211,45.25,3600,40.863094329833984,0.0
AHYB,2024-01-19,45.194000244140625,45.25400161743164,45.194000244140625,45.25400161743164,700,40.86669921875,0.0
AHYB,2024-01-22,45.37799835205078,45.37799835205078,45.310001373291016,45.310001373291016,900,40.91727066040039,0.0
AHYB,2024-01-23,45.220001220703125,45.27000045776367,45.220001220703125,45.27000045776367,800,40.88115310668945,0.0
AHYB,2024-01-24,45.5,45.5,45.268001556396484,45.268001556396484,700,40.87934112548828,0.0
AHYB,2024-01-25,45.470001220703125,45.59000015258789,45.470001220703125,45.566001892089844,900,41.14844512939453,0.0
AHYB,2024-01-26,45.597999572753906,45.597999572753906,45.540000915527344,45.540000915527344,900,41.124977111816406,0.0
AHYB,2024-01-29,45.500999450683594,45.5890007019043,45.500999450683594,45.5890007019043,500,41.16921615600586,0.0
AHYB,2024-01-30,45.54899978637695,45.599998474121094,45.540000915527344,45.58700180053711,1300,41.167423248291016,0.0
AHYB,2024-01-31,45.47100067138672,45.47100067138672,45.47100067138672,45.47100067138672,200,41.06265640258789,0.0
AHYB,2024-02-01,45.41600036621094,45.5099983215332,45.41600036621094,45.49100112915039,1100,41.27680206298828,0.216
AHYB,2024-02-02,45.31999969482422,45.31999969482422,45.30099868774414,45.30099868774414,500,41.10439682006836,0.0
AHYB,2024-02-05,45.130001068115234,45.130001068115234,45.09000015258789,45.12799835205078,1800,40.94742965698242,0.0
AHYB,2024-02-06,45.290000915527344,45.400001525878906,45.279998779296875,45.31700134277344,3800,41.118919372558594,0.0
AHYB,2024-02-07,45.380001068115234,45.380001068115234,45.33000183105469,45.34000015258789,600,41.13978958129883,0.0
AHYB,2024-02-08,45.3380012512207,45.356998443603516,45.3380012512207,45.349998474121094,4500,41.148868560791016,0.0
AHYB,2024-02-09,45.32099914550781,45.45000076293945,45.32099914550781,45.391998291015625,2000,41.186973571777344,0.0
AHYB,2024-02-12,45.36800003051758,45.42900085449219,45.30500030517578,45.30500030517578,1500,41.1080207824707,0.0
AHYB,2024-02-13,45.09000015258789,45.095001220703125,45.005001068115234,45.005001068115234,3000,40.83582305908203,0.0
AHYB,2024-02-14,45.16999816894531,45.17900085449219,45.16400146484375,45.16400146484375,1000,40.980098724365234,0.0
AHYB,2024-02-15,45.31999969482422,45.31999969482422,45.22999954223633,45.27199935913086,2900,41.07808303833008,0.0
AHYB,2024-02-16,45.20000076293945,45.20000076293945,45.15999984741211,45.15999984741211,1000,40.97645568847656,0.0
AHYB,2024-02-20,45.08000183105469,45.25,45.08000183105469,45.24599838256836,3200,41.05449295043945,0.0
AHYB,2024-02-21,45.2239990234375,45.22999954223633,45.13999938964844,45.172000885009766,2300,40.98735809326172,0.0
AHYB,2024-02-22,45.349998474121094,45.380001068115234,45.30500030517578,45.380001068115234,1200,41.17607498168945,0.0
AHYB,2024-02-23,45.3849983215332,45.439998626708984,45.380001068115234,45.4109992980957,1200,41.2042121887207,0.0
AHYB,2024-02-26,45.33000183105469,45.33000183105469,45.209999084472656,45.26100158691406,1800,41.06810760498047,0.0
AHYB,2024-02-27,45.279998779296875,45.349998474121094,45.27299880981445,45.27299880981445,3300,41.07899475097656,0.0
AHYB,2024-02-28,45.26900100708008,45.29999923706055,45.26900100708008,45.29999923706055,1700,41.1035041809082,0.0
AHYB,2024-02-29,45.38999938964844,45.38999938964844,45.323001861572266,45.323001861572266,800,41.12436294555664,0.0
AHYB,2024-03-01,45.20000076293945,45.26499938964844,45.20000076293945,45.25400161743164,1600,41.258384704589844,0.216
AHYB,2024-03-04,45.185001373291016,45.262001037597656,45.185001373291016,45.262001037597656,400,41.26568603515625,0.0
AHYB,2024-03-05,45.31999969482422,45.31999969482422,45.24399948120117,45.305999755859375,9200,41.305789947509766,0.0
AHYB,2024-03-06,45.33700180053711,45.4900016784668,45.33700180053711,45.34299850463867,3200,41.33951950073242,0.0
AHYB,2024-03-07,45.400001525878906,45.415000915527344,45.36000061035156,45.41299819946289,1500,41.403343200683594,0.0
AHYB,2024-03-08,45.52899932861328,45.52899932861328,45.41999816894531,45.41999816894531,2500,41.409732818603516,0.0
AHYB,2024-03-11,45.380001068115234,45.439998626708984,45.334999084472656,45.400001525878906,3900,41.3914909362793,0.0
AHYB,2024-03-12,45.38800048828125,45.43000030517578,45.31999969482422,45.382999420166016,3600,41.376007080078125,0.0
AHYB,2024-03-13,45.41999816894531,45.58000183105469,45.41999816894531,45.459999084472656,3100,41.44619369506836,0.0
AHYB,2024-03-14,45.25699996948242,45.25699996948242,45.20000076293945,45.20600128173828,800,41.2146110534668,0.0
AHYB,2024-03-15,45.15999984741211,45.2400016784668,45.15999984741211,45.236000061035156,800,41.24197006225586,0.0
AHYB,2024-03-18,45.40999984741211,45.40999984741211,45.310001373291016,45.31399917602539,3500,41.31308364868164,0.0
AHYB,2024-03-19,45.380001068115234,45.42499923706055,45.380001068115234,45.42499923706055,3200,41.41427230834961,0.0
AHYB,2024-03-20,45.439998626708984,45.566001892089844,45.439998626708984,45.566001892089844,300,41.54283142089844,0.0
AHYB,2024-03-21,45.599998474121094,45.599998474121094,45.55400085449219,45.56999969482422,800,41.54648208618164,0.0
AHYB,2024-03-22,45.61000061035156,45.63999938964844,45.58000183105469,45.58000183105469,1800,41.555599212646484,0.0
AHYB,2024-03-25,45.487998962402344,45.54999923706055,45.470001220703125,45.525001525878906,3000,41.50545883178711,0.0
AHYB,2024-03-26,45.435001373291016,45.435001373291016,45.42399978637695,45.42399978637695,400,41.41337585449219,0.0
AHYB,2024-03-27,45.5099983215332,45.62300109863281,45.5099983215332,45.62200164794922,1500,41.593894958496094,0.0
AHYB,2024-03-28,45.619998931884766,45.619998931884766,45.54499816894531,45.59000015258789,1700,41.56471633911133,0.0
AHYB,2024-04-01,45.16999816894531,45.2599983215332,45.16999816894531,45.22800064086914,2400,41.4145393371582,0.198
AHYB,2024-04-02,45.06999969482422,45.119998931884766,45.02000045776367,45.106998443603516,1100,41.30374526977539,0.0
AHYB,2024-04-03,45.040000915527344,45.189998626708984,45.040000915527344,45.15399932861328,4200,41.34678649902344,0.0
AHYB,2024-04-04,45.220001220703125,45.220001220703125,45.0880012512207,45.0880012512207,500,41.286354064941406,0.0
AHYB,2024-04-05,45.090999603271484,45.090999603271484,45.06800079345703,45.06800079345703,700,41.26803207397461,0.0
AHYB,2024-04-08,45.13999938964844,45.185001373291016,45.12099838256836,45.185001373291016,3500,41.37517547607422,0.0
AHYB,2024-04-09,45.20000076293945,45.290000915527344,45.20000076293945,45.237998962402344,800,41.4237060546875,0.0
AHYB,2024-04-10,44.91999816894531,44.965999603271484,44.84600067138672,44.84600067138672,1300,41.064762115478516,0.0
AHYB,2024-04-11,44.790000915527344,44.84600067138672,44.766998291015625,44.84600067138672,2200,41.064762115478516,0.0
AHYB,2024-04-12,44.83000183105469,44.83000183105469,44.77000045776367,44.814998626708984,4700,41.03635787963867,0.0
AHYB,2024-04-15,44.619998931884766,44.65999984741211,44.6150016784668,44.6150016784668,3800,40.853233337402344,0.0
AHYB,2024-04-16,44.540000915527344,44.56999969482422,44.45899963378906,44.45899963378906,1400,40.71038055419922,0.0
AHYB,2024-04-17,44.540000915527344,44.540000915527344,44.470001220703125,44.49399948120117,4000,40.742435455322266,0.0
AHYB,2024-04-18,44.540000915527344,44.577999114990234,44.50199890136719,44.577999114990234,900,40.8193473815918,0.0
AHYB,2024-04-19,44.689998626708984,44.70000076293945,44.61899948120117,44.61899948120117,1200,40.856895446777344,0.0
AHYB,2024-04-22,44.7599983215332,44.869998931884766,44.7599983215332,44.8489990234375,600,41.06749725341797,0.0
AHYB,2024-04-23,45.0099983215332,45.040000915527344,45.0099983215332,45.029998779296875,1500,41.23323440551758,0.0
AHYB,2024-04-24,44.91699981689453,44.91699981689453,44.91699981689453,44.91699981689453,100,41.12976837158203,0.0
AHYB,2024-04-25,44.70000076293945,44.814998626708984,44.70000076293945,44.814998626708984,500,41.03635787963867,0.0
AHYB,2024-04-26,44.9900016784668,44.9900016784668,44.94200134277344,44.94200134277344,1300,41.152652740478516,0.0
AHYB,2024-04-29,45.06999969482422,45.06999969482422,45.06999969482422,45.06999969482422,300,41.26987075805664,0.0
AHYB,2024-04-30,44.85499954223633,44.85499954223633,44.85499954223633,44.85499954223633,200,41.07299041748047,0.0
AHYB,2024-05-01,44.66400146484375,44.79499816894531,44.61000061035156,44.79499816894531,1600,41.242401123046875,0.244
AHYB,2024-05-02,44.86000061035156,44.97100067138672,44.86000061035156,44.97100067138672,1900,41.404441833496094,0.0
AHYB,2024-05-03,45.189998626708984,45.189998626708984,45.10599899291992,45.16899871826172,1600,41.58674240112305,0.0
AHYB,2024-05-06,45.23899841308594,45.25,45.23899841308594,45.25,2200,41.66131591796875,0.0
AHYB,2024-05-07,45.310001373291016,45.310001373291016,45.18000030517578,45.23899841308594,600,41.651180267333984,0.0
AHYB,2024-05-08,45.150001525878906,45.198001861572266,45.150001525878906,45.16299819946289,2100,41.581214904785156,0.0
AHYB,2024-05-09,45.167999267578125,45.220001220703125,45.090999603271484,45.20000076293945,1300,41.61528015136719,0.0
AHYB,2024-05-10,45.130001068115234,45.13999938964844,45.130001068115234,45.132999420166016,700,41.55359649658203,0.0
AHYB,2024-05-13,45.09000015258789,45.09000015258789,45.09000015258789,45.09000015258789,100,41.51401138305664,0.0
AHYB,2024-05-14,45.150001525878906,45.20000076293945,45.1150016784668,45.20000076293945,1300,41.61528015136719,0.0
AHYB,2024-05-15,45.36000061035156,45.39500045776367,45.36000061035156,45.39500045776367,2800,41.79481506347656,0.0
AHYB,2024-05-16,45.31800079345703,45.34000015258789,45.31800079345703,45.31800079345703,800,41.72393035888672,0.0
AHYB,2024-05-17,45.29999923706055,45.29999923706055,45.28499984741211,45.28499984741211,500,41.69353485107422,0.0
AHYB,2024-05-20,45.29499816894531,45.31999969482422,45.290000915527344,45.31100082397461,3400,41.71747970581055,0.0
AHYB,2024-05-21,45.369998931884766,45.369998931884766,45.314998626708984,45.314998626708984,900,41.721153259277344,0.0
AHYB,2024-05-22,45.220001220703125,45.25,45.20000076293945,45.20000076293945,600,41.61528015136719,0.0
AHYB,2024-05-23,45.15999984741211,45.21799850463867,45.09000015258789,45.09000015258789,2400,41.51401138305664,0.0
AHYB,2024-05-24,45.18000030517578,45.21099853515625,45.18000030517578,45.21099853515625,300,41.625404357910156,0.0
AHYB,2024-05-28,45.21500015258789,45.21500015258789,45.07099914550781,45.07099914550781,2700,41.49650192260742,0.0
AHYB,2024-05-29,44.96900177001953,44.96900177001953,44.96900177001953,44.96900177001953,200,41.40260314941406,0.0
AHYB,2024-05-30,45.099998474121094,45.099998474121094,45.08700180053711,45.08700180053711,200,41.5112419128418,0.0
AHYB,2024-05-31,45.1870002746582,45.244998931884766,45.185001373291016,45.244998931884766,2200,41.65670394897461,0.0
AHYB,2024-06-03,45.09000015258789,45.137001037597656,45.09000015258789,45.137001037597656,1200,41.76311492919922,0.223
AHYB,2024-06-04,45.130001068115234,45.189998626708984,45.130001068115234,45.189998626708984,1600,41.812156677246094,0.0
AHYB,2024-06-05,45.2599983215332,45.26100158691406,45.2599983215332,45.26100158691406,400,41.877845764160156,0.0
AHYB,2024-06-06,45.25,45.29999923706055,45.2400016784668,45.25400161743164,4500,41.87137222290039,0.0
AHYB,2024-06-07,45.06399917602539,45.11000061035156,45.06399917602539,45.095001220703125,900,41.72425079345703,0.0
AHYB,2024-06-10,45.055999755859375,45.111000061035156,45.055999755859375,45.111000061035156,3600,41.73905944824219,0.0
AHYB,2024-06-11,45.159000396728516,45.189998626708984,45.159000396728516,45.16600036621094,3400,41.789939880371094,0.0
AHYB,2024-06-12,45.4900016784668,45.4900016784668,45.380001068115234,45.380001068115234,2000,41.98795700073242,0.0
AHYB,2024-06-13,45.36899948120117,45.439998626708984,45.36899948120117,45.43199920654297,4400,42.03606033325195,0.0
AHYB,2024-06-14,45.369998931884766,45.369998931884766,45.16999816894531,45.25299835205078,5200,41.87043762207031,0.0
AHYB,2024-06-17,45.279998779296875,45.28499984741211,45.16999816894531,45.27000045776367,4400,41.886173248291016,0.0
AHYB,2024-06-18,45.290000915527344,45.38999938964844,45.290000915527344,45.38100051879883,800,41.9888801574707,0.0
AHYB,2024-06-20,45.27199935913086,45.400001525878906,45.27199935913086,45.39400100708008,2100,42.00090789794922,0.0
AHYB,2024-06-21,45.290000915527344,45.40800094604492,45.290000915527344,45.40800094604492,2900,42.01386260986328,0.0
AHYB,2024-06-24,45.43000030517578,45.439998626708984,45.4010009765625,45.41999816894531,2000,42.024959564208984,0.0
AHYB,2024-06-25,45.38999938964844,45.439998626708984,45.38999938964844,45.391998291015625,5100,41.999046325683594,0.0
AHYB,2024-06-26,45.34000015258789,45.34000015258789,45.305999755859375,45.305999755859375,300,41.91948318481445,0.0
AHYB,2024-06-27,45.279998779296875,45.37300109863281,45.279998779296875,45.37300109863281,1400,41.981483459472656,0.0
AHYB,2024-06-28,45.36000061035156,45.36000061035156,45.297000885009766,45.297000885009766,700,41.91115951538086,0.0
AHYB,2024-07-01,45.06999969482422,45.06999969482422,45.029998779296875,45.04999923706055,2100,41.87398147583008,0.207
AHYB,2024-07-02,45.099998474121094,45.16400146484375,45.071998596191406,45.16400146484375,1600,41.979942321777344,0.0
AHYB,2024-07-03,45.20800018310547,45.244998931884766,45.20800018310547,45.244998931884766,1000,42.05522918701172,0.0
AHYB,2024-07-05,45.34000015258789,45.470001220703125,45.34000015258789,45.43299865722656,2300,42.229976654052734,0.0
AHYB,2024-07-08,45.369998931884766,45.459999084472656,45.310001373291016,45.369998931884766,2000,42.171417236328125,0.0
AHYB,2024-07-09,45.36899948120117,45.369998931884766,45.358001708984375,45.358001708984375,1000,42.16027069091797,0.0
AHYB,2024-07-10,45.41999816894531,45.42499923706055,45.38999938964844,45.42499923706055,400,42.222537994384766,0.0
AHYB,2024-07-11,45.5359992980957,45.599998474121094,45.5359992980957,45.599998474121094,1300,42.385196685791016,0.0
AHYB,2024-07-12,45.63800048828125,45.72999954223633,45.61899948120117,45.70000076293945,1300,42.4781494140625,0.0
AHYB,2024-07-15,45.61000061035156,45.66699981689453,45.61000061035156,45.66699981689453,1200,42.447471618652344,0.0
AHYB,2024-07-16,45.74399948120117,45.87200164794922,45.74399948120117,45.86000061035156,2300,42.626869201660156,0.0
AHYB,2024-07-17,45.75,45.81999969482422,45.7400016784668,45.810001373291016,1500,42.58039855957031,0.0
AHYB,2024-07-18,45.7599983215332,45.810001373291016,45.70199966430664,45.810001373291016,2500,42.58039855957031,0.0
AHYB,2024-07-19,45.689998626708984,45.779998779296875,45.66999816894531,45.74300003051758,1600,42.51811599731445,0.0
AHYB,2024-07-22,45.768001556396484,45.810001373291016,45.768001556396484,45.808998107910156,1200,42.579463958740234,0.0
AHYB,2024-07-23,45.82400131225586,45.82400131225586,45.81999969482422,45.81999969482422,700,42.589691162109375,0.0
AHYB,2024-07-24,45.84000015258789,45.86899948120117,45.67300033569336,45.67300033569336,2000,42.45305252075195,0.0
AHYB,2024-07-25,45.76499938964844,45.775001525878906,45.715999603271484,45.715999603271484,800,42.493019104003906,0.0
AHYB,2024-07-26,45.78099822998047,45.849998474121094,45.7760009765625,45.8129997253418,4300,42.583187103271484,0.0
AHYB,2024-07-29,45.72999954223633,45.79999923706055,45.72999954223633,45.736000061035156,1700,42.5116081237793,0.0
AHYB,2024-07-30,45.75,45.750999450683594,45.70600128173828,45.750999450683594,900,42.52555465698242,0.0
AHYB,2024-07-31,45.86199951171875,45.95000076293945,45.86199951171875,45.92100143432617,4500,42.68357467651367,0.0
AHYB,2024-08-01,45.66999816894531,45.66999816894531,45.641998291015625,45.641998291015625,700,42.644325256347656,0.237
AHYB,2024-08-02,45.507999420166016,45.53499984741211,45.5,45.53499984741211,600,42.54435348510742,0.0
AHYB,2024-08-05,45.310001373291016,45.34600067138672,45.30099868774414,45.30099868774414,500,42.32572937011719,0.0
AHYB,2024-08-06,45.47999954223633,45.513999938964844,45.41400146484375,45.444000244140625,2000,42.459327697753906,0.0
AHYB,2024-08-07,45.61000061035156,45.685001373291016,45.48699951171875,45.49100112915039,1500,42.50324630737305,0.0
AHYB,2024-08-08,45.65999984741211,45.66999816894531,45.59000015258789,45.63399887084961,2300,42.6368522644043,0.0
AHYB,2024-08-09,45.604000091552734,45.625,45.569000244140625,45.60100173950195,2400,42.60602569580078,0.0
AHYB,2024-08-12,46.0,46.0,45.60100173950195,45.617000579833984,2600,42.620967864990234,0.0
AHYB,2024-08-13,45.720001220703125,45.86800003051758,45.720001220703125,45.86800003051758,4100,42.8554801940918,0.0
AHYB,2024-08-14,45.805999755859375,45.902000427246094,45.805999755859375,45.902000427246094,2400,42.88724899291992,0.0
AHYB,2024-08-15,45.88199996948242,45.93600082397461,45.875,45.93600082397461,1600,42.91901397705078,0.0
AHYB,2024-08-16,45.93000030517578,46.0369987487793,45.93000030517578,46.0369987487793,400,43.01338577270508,0.0
AHYB,2024-08-19,46.03900146484375,46.130001068115234,46.03900146484375,46.1150016784668,2100,43.08625793457031,0.0
AHYB,2024-08-20,46.097999572753906,46.097999572753906,46.060001373291016,46.06999969482422,1000,43.04422378540039,0.0
AHYB,2024-08-21,46.13999938964844,46.209999084472656,46.13999938964844,46.16999816894531,900,43.13764953613281,0.0
AHYB,2024-08-22,46.13999938964844,46.13999938964844,46.12200164794922,46.12200164794922,500,43.092803955078125,0.0
AHYB,2024-08-23,46.321998596191406,46.33000183105469,46.279998779296875,46.323001861572266,2100,43.280601501464844,0.0
AHYB,2024-08-26,46.34000015258789,46.43000030517578,46.220001220703125,46.22600173950195,3600,43.189979553222656,0.0
AHYB,2024-08-27,46.31999969482422,46.31999969482422,46.30500030517578,46.30500030517578,600,43.26377868652344,0.0
AHYB,2024-08-28,46.2599983215332,46.28499984741211,46.21099853515625,46.28499984741211,1200,43.24509811401367,0.0
AHYB,2024-08-29,46.32899856567383,46.34400177001953,46.290000915527344,46.34199905395508,1200,43.29835510253906,0.0
AHYB,2024-08-30,46.340999603271484,46.380001068115234,46.308998107910156,46.334999084472656,900,43.29181671142578,0.0
AHYB,2024-09-03,46.0369987487793,46.0369987487793,45.96099853515625,46.00600051879883,3100,43.18386459350586,0.214
AHYB,2024-09-04,46.02000045776367,46.15999984741211,46.02000045776367,46.15399932861328,1600,43.32278060913086,0.0
AHYB,2024-09-05,46.18000030517578,46.279998779296875,46.16999816894531,46.268001556396484,1400,43.4297981262207,0.0
AHYB,2024-09-06,46.38999938964844,46.38999938964844,46.18000030517578,46.2239990234375,3300,43.388484954833984,0.0
AHYB,2024-09-09,46.22999954223633,46.26300048828125,46.22999954223633,46.26300048828125,200,43.425106048583984,0.0
AHYB,2024-09-10,46.180999755859375,46.20500183105469,46.165000915527344,46.20500183105469,1600,43.370662689208984,0.0
AHYB,2024-09-11,46.11000061035156,46.279998779296875,46.11000061035156,46.250999450683594,3500,43.413841247558594,0.0
AHYB,2024-09-12,46.20000076293945,46.35499954223633,46.20000076293945,46.30699920654297,900,43.46640396118164,0.0
AHYB,2024-09-13,46.369998931884766,46.46500015258789,46.369998931884766,46.45000076293945,1500,43.60062789916992,0.0
AHYB,2024-09-16,46.45000076293945,46.55699920654297,46.44499969482422,46.525001525878906,2300,43.671024322509766,0.0
AHYB,2024-09-17,46.54999923706055,46.54999923706055,46.53099822998047,46.53099822998047,400,43.676658630371094,0.0
AHYB,2024-09-18,46.5,46.68000030517578,46.5,46.5369987487793,1400,43.682289123535156,0.0
AHYB,2024-09-19,46.65999984741211,46.65999984741211,46.638999938964844,46.638999938964844,400,43.778038024902344,0.0
AHYB,2024-09-20,46.599998474121094,46.64799880981445,46.560001373291016,46.64799880981445,4300,43.78648376464844,0.0
AHYB,2024-09-23,46.60499954223633,46.61000061035156,46.58000183105469,46.58700180053711,1300,43.72922897338867,0.0
AHYB,2024-09-24,46.5629997253418,46.611000061035156,46.5629997253418,46.611000061035156,2100,43.75175094604492,0.0
AHYB,2024-09-25,46.4900016784668,46.60100173950195,46.4900016784668,46.560001373291016,2300,43.70388412475586,0.0
AHYB,2024-09-26,46.59000015258789,46.720001220703125,46.59000015258789,46.62099838256836,2100,43.761138916015625,0.0
AHYB,2024-09-27,46.654998779296875,46.66999816894531,46.654998779296875,46.66999816894531,800,43.80713653564453,0.0
AHYB,2024-09-30,46.630001068115234,46.665000915527344,46.630001068115234,46.6510009765625,2000,43.789302825927734,0.0
AHYB,2024-10-01,46.439998626708984,46.459999084472656,46.40999984741211,46.4379997253418,3900,43.789302825927734,0.213
AHYB,2024-10-02,46.3849983215332,46.39500045776367,46.3849983215332,46.39500045776367,1300,43.74876022338867,0.0
AHYB,2024-10-03,46.34199905395508,46.36000061035156,46.34199905395508,46.36000061035156,1000,43.71575927734375,0.0
AHYB,2024-10-04,46.33000183105469,46.33000183105469,46.22999954223633,46.277000427246094,2300,43.637481689453125,0.0
AHYB,2024-10-07,46.16999816894531,46.16999816894531,46.04999923706055,46.11199951171875,1200,43.48189926147461,0.0
AHYB,2024-10-08,46.09000015258789,46.17100143432617,46.0099983215332,46.15999984741211,3700,43.52715301513672,0.0
AHYB,2024-10-09,46.11000061035156,46.130001068115234,46.11000061035156,46.130001068115234,700,43.498870849609375,0.0
AHYB,2024-10-10,46.130001068115234,46.2599983215332,46.060001373291016,46.202999114990234,7200,43.56770706176758,0.0
AHYB,2024-10-11,46.18000030517578,46.290000915527344,46.18000030517578,46.20600128173828,2100,43.570533752441406,0.0
AHYB,2024-10-14,46.18000030517578,46.220001220703125,46.18000030517578,46.209999084472656,1300,43.57430648803711,0.0
AHYB,2024-10-15,46.27000045776367,46.27000045776367,46.21799850463867,46.22999954223633,10300,43.593170166015625,0.0
AHYB,2024-10-16,46.27000045776367,46.36000061035156,46.27000045776367,46.34400177001953,900,43.70067596435547,0.0
AHYB,2024-10-17,46.279998779296875,46.279998779296875,46.099998474121094,46.25,2100,43.61202621459961,0.0
AHYB,2024-10-18,46.27000045776367,46.439998626708984,46.27000045776367,46.39500045776367,8500,43.74876022338867,0.0
AHYB,2024-10-21,46.207000732421875,46.207000732421875,46.130001068115234,46.18000030517578,2400,43.546016693115234,0.0
AHYB,2024-10-22,46.11199951171875,46.11199951171875,46.11199951171875,46.11199951171875,200,43.48189926147461,0.0
AHYB,2024-10-23,46.0099983215332,46.0099983215332,45.90999984741211,45.96200180053711,3800,43.3404541015625,0.0
AHYB,2024-10-24,46.040000915527344,46.07500076293945,46.02000045776367,46.07500076293945,600,43.44700241088867,0.0
AHYB,2024-10-25,46.09000015258789,46.09000015258789,46.00699996948242,46.00699996948242,900,43.38288497924805,0.0
AHYB,2024-10-28,46.130001068115234,46.13600158691406,46.07500076293945,46.11600112915039,1500,43.48567199707031,0.0
AHYB,2024-10-29,46.04899978637695,46.10900115966797,46.04899978637695,46.10900115966797,400,43.47907257080078,0.0
AHYB,2024-10-30,46.150001525878906,46.15800094604492,46.0629997253418,46.0629997253418,700,43.4356803894043,0.0
AHYB,2024-10-31,45.95000076293945,46.02899932861328,45.95000076293945,45.96900177001953,3600,43.34705352783203,0.0
AHYB,2024-11-01,45.83000183105469,45.83000183105469,45.66999816894531,45.709999084472656,1400,43.32714080810547,0.238
AHYB,2024-11-04,45.7400016784668,45.93000030517578,45.7400016784668,45.784000396728516,2300,43.39728546142578,0.0
AHYB,2024-11-05,45.81999969482422,45.89500045776367,45.792999267578125,45.89500045776367,1600,43.502506256103516,0.0
AHYB,2024-11-06,45.959999084472656,45.970001220703125,45.87799835205078,45.94599914550781,1200,43.55084228515625,0.0
AHYB,2024-11-07,45.900001525878906,46.14899826049805,45.900001525878906,46.14899826049805,2500,43.743263244628906,0.0
AHYB,2024-11-08,46.229000091552734,46.244998931884766,46.229000091552734,46.244998931884766,400,43.834251403808594,0.0
AHYB,2024-11-11,46.22999954223633,46.25,46.209999084472656,46.209999084472656,1000,43.801082611083984,0.0
AHYB,2024-11-12,46.0629997253418,46.16999816894531,46.02199935913086,46.02199935913086,2500,43.62288284301758,0.0
AHYB,2024-11-13,46.06999969482422,46.0890007019043,46.04199981689453,46.04199981689453,1200,43.64183807373047,0.0
AHYB,2024-11-14,46.040000915527344,46.07600021362305,45.992000579833984,45.992000579833984,3600,43.594444274902344,0.0
AHYB,2024-11-15,45.900001525878906,45.959999084472656,45.79999923706055,45.959999084472656,3600,43.56411361694336,0.0
AHYB,2024-11-18,45.93000030517578,46.150001525878906,45.93000030517578,46.03499984741211,5400,43.63520431518555,0.0
AHYB,2024-11-19,45.97999954223633,46.18000030517578,45.97999954223633,46.13999938964844,1200,43.73472595214844,0.0
AHYB,2024-11-20,46.04999923706055,46.111000061035156,46.04999923706055,46.111000061035156,1300,43.707244873046875,0.0
AHYB,2024-11-21,46.11000061035156,46.154998779296875,46.0099983215332,46.124000549316406,4000,43.71956253051758,0.0
AHYB,2024-11-22,46.02000045776367,46.138999938964844,46.02000045776367,46.099998474121094,1700,43.69681167602539,0.0
AHYB,2024-11-25,46.255001068115234,46.28499984741211,46.255001068115234,46.28499984741211,1600,43.872169494628906,0.0
AHYB,2024-11-26,46.20000076293945,46.21699905395508,46.130001068115234,46.194000244140625,4100,43.78591537475586,0.0
AHYB,2024-11-27,46.20000076293945,46.310001373291016,46.20000076293945,46.310001373291016,1100,43.89586639404297,0.0
AHYB,2024-11-29,46.310001373291016,46.409000396728516,46.310001373291016,46.409000396728516,2500,43.98971176147461,0.0
AHYB,2024-12-02,45.81999969482422,46.209999084472656,45.81999969482422,46.209999084472656,1700,43.999229431152344,0.209
AHYB,2024-12-03,46.20000076293945,46.20000076293945,46.189998626708984,46.189998626708984,900,43.980194091796875,0.0
AHYB,2024-12-04,46.25,46.34000015258789,46.119998931884766,46.23500061035156,7700,44.023033142089844,0.0
AHYB,2024-12-05,46.279998779296875,46.279998779296875,46.2400016784668,46.25,2300,44.03731918334961,0.0
AHYB,2024-12-06,46.34600067138672,46.34600067138672,46.20000076293945,46.29999923706055,5500,44.084922790527344,0.0
AHYB,2024-12-09,46.27000045776367,46.290000915527344,46.16999816894531,46.24700164794922,2200,44.03445816040039,0.0
AHYB,2024-12-10,46.2400016784668,46.249000549316406,46.220001220703125,46.2400016784668,2200,44.027793884277344,0.0
AHYB,2024-12-11,46.560001373291016,46.560001373291016,46.27000045776367,46.27000045776367,2100,44.05636215209961,0.0
AHYB,2024-12-12,46.224998474121094,46.2599983215332,46.16899871826172,46.17399978637695,4600,43.96495056152344,0.0
AHYB,2024-12-13,46.11600112915039,46.11600112915039,46.040000915527344,46.04499816894531,800,43.842124938964844,0.0
AHYB,2024-12-16,46.060001373291016,46.12099838256836,46.060001373291016,46.09600067138672,2100,43.890682220458984,0.0
AHYB,2024-12-17,45.7400016784668,45.790000915527344,45.7400016784668,45.78799819946289,700,43.84280776977539,0.258
AHYB,2024-12-18,45.7400016784668,45.757999420166016,45.33000183105469,45.340999603271484,1900,43.414794921875,0.0
AHYB,2024-12-19,45.61000061035156,45.61000061035156,45.2599983215332,45.262001037597656,7900,43.33915328979492,0.0
AHYB,2024-12-20,45.25,45.529998779296875,45.2400016784668,45.487998962402344,3600,43.5555534362793,0.0
AHYB,2024-12-23,45.42599868774414,45.42599868774414,45.39899826049805,45.39899826049805,1300,43.4703369140625,0.0
AHYB,2024-12-24,45.38999938964844,45.492000579833984,45.38999938964844,45.492000579833984,300,43.559383392333984,0.0
AHYB,2024-12-26,45.459999084472656,45.525001525878906,45.41999816894531,45.525001525878906,4700,43.590980529785156,0.0
AHYB,2024-12-27,45.52000045776367,45.52000045776367,45.45000076293945,45.470001220703125,2100,43.5383186340332,0.0
AHYB,2024-12-30,45.470001220703125,45.56999969482422,45.470001220703125,45.553001403808594,1500,43.617794036865234,0.0
AHYB,2024-12-31,45.599998474121094,45.599998474121094,45.459999084472656,45.494998931884766,1600,43.562252044677734,0.0
AHYB,2025-01-02,45.630001068115234,45.630001068115234,45.560001373291016,45.57500076293945,1400,43.63885498046875,0.0
AHYB,2025-01-03,45.68000030517578,45.720001220703125,45.66999816894531,45.71699905395508,2700,43.77482223510742,0.0
AHYB,2025-01-06,45.755001068115234,45.755001068115234,45.744998931884766,45.75,900,43.806419372558594,0.0
AHYB,2025-01-07,45.70000076293945,45.70000076293945,45.625,45.625,4800,43.68673324584961,0.0
AHYB,2025-01-08,45.56999969482422,45.643001556396484,45.56999969482422,45.63999938964844,2000,43.70109176635742,0.0
AHYB,2025-01-10,45.41999816894531,45.61000061035156,45.41999816894531,45.5629997253418,8200,43.62736892700195,0.0
AHYB,2025-01-13,45.41899871826172,45.4379997253418,45.369998931884766,45.433998107910156,1800,43.50384521484375,0.0
AHYB,2025-01-14,45.29999923706055,45.5099983215332,45.29999923706055,45.44900131225586,3500,43.51820755004883,0.0
AHYB,2025-01-15,45.650001525878906,45.83000183105469,45.650001525878906,45.83000183105469,900,43.883026123046875,0.0
AHYB,2025-01-16,45.84000015258789,45.849998474121094,45.83399963378906,45.83399963378906,800,43.88684844970703,0.0
AHYB,2025-01-17,45.9010009765625,45.92900085449219,45.9010009765625,45.91899871826172,1200,43.96824264526367,0.0
AHYB,2025-01-21,46.040000915527344,46.04999923706055,46.02000045776367,46.04499816894531,1700,44.08888626098633,0.0
AHYB,2025-01-22,45.970001220703125,45.970001220703125,45.970001220703125,45.970001220703125,300,44.01708221435547,0.0
AHYB,2025-01-23,45.939998626708984,46.013999938964844,45.939998626708984,46.013999938964844,2300,44.05921173095703,0.0
AHYB,2025-01-24,46.08000183105469,46.0890007019043,46.069000244140625,46.069000244140625,900,44.111873626708984,0.0
AHYB,2025-01-27,46.0,46.13999938964844,46.0,46.130001068115234,900,44.1702766418457,0.0
AHYB,2025-01-28,45.97999954223633,46.10200119018555,45.97999954223633,46.10200119018555,1300,44.14346694946289,0.0
AHYB,2025-01-29,46.13999938964844,46.150001525878906,46.040000915527344,46.12099838256836,1400,44.16166687011719,0.0
AHYB,2025-01-30,46.18000030517578,46.19300079345703,46.150001525878906,46.19300079345703,1500,44.2306022644043,0.0
AHYB,2025-01-31,46.189998626708984,46.29100036621094,46.12699890136719,46.12699890136719,2000,44.16740798950195,0.0
AHYB,2025-02-03,45.650001525878906,45.88999938964844,45.650001525878906,45.874000549316406,2600,44.12700271606445,0.211
AHYB,2025-02-04,45.77000045776367,45.983001708984375,45.77000045776367,45.983001708984375,4300,44.231849670410156,0.0
AHYB,2025-02-05,46.0,46.130001068115234,46.0,46.125,1600,44.368446350097656,0.0
AHYB,2025-02-06,46.11000061035156,46.11000061035156,46.05500030517578,46.069000244140625,2900,44.31458282470703,0.0
AHYB,2025-02-07,46.0,46.0,45.89500045776367,45.93000030517578,1900,44.180870056152344,0.0
AHYB,2025-02-10,46.16999816894531,46.16999816894531,46.029998779296875,46.03799819946289,3400,44.28475570678711,0.0
AHYB,2025-02-11,46.0099983215332,46.0099983215332,45.98099899291992,45.98099899291992,2200,44.229923248291016,0.0
AHYB,2025-02-12,45.86000061035156,45.88999938964844,45.845001220703125,45.874000549316406,2500,44.12700271606445,0.0
AHYB,2025-02-13,45.9900016784668,46.06999969482422,45.9900016784668,46.069000244140625,700,44.31458282470703,0.0
AHYB,2025-02-14,46.18000030517578,46.185001373291016,46.130001068115234,46.130001068115234,1600,44.373260498046875,0.0
AHYB,2025-02-18,46.10900115966797,46.130001068115234,46.06999969482422,46.07099914550781,1700,44.316497802734375,0.0
AHYB,2025-02-19,46.040000915527344,46.084999084472656,45.9900016784668,46.084999084472656,1100,44.32997131347656,0.0
AHYB,2025-02-20,46.07400131225586,46.11899948120117,46.07400131225586,46.11899948120117,700,44.362674713134766,0.0
AHYB,2025-02-21,46.11000061035156,46.14500045776367,46.07500076293945,46.07500076293945,1000,44.32034683227539,0.0
AHYB,2025-02-24,46.051998138427734,46.14699935913086,46.051998138427734,46.125999450683594,1600,44.36940383911133,0.0
AHYB,2025-02-25,46.22999954223633,46.22999954223633,46.167999267578125,46.22999954223633,1700,44.46944808959961,0.0
AHYB,2025-02-26,46.263999938964844,46.31999969482422,46.250999450683594,46.26100158691406,1100,44.499263763427734,0.0
AHYB,2025-02-27,46.31999969482422,46.31999969482422,46.180999755859375,46.180999755859375,1100,44.42231369018555,0.0
AHYB,2025-02-28,46.25,46.32699966430664,46.25,46.32699966430664,1000,44.562747955322266,0.0
AHYB,2025-03-03,45.970001220703125,45.98400115966797,45.970001220703125,45.98400115966797,500,44.44965362548828,0.226
AHYB,2025-03-04,45.87300109863281,45.88999938964844,45.87200164794922,45.88600158691406,1600,44.35492706298828,0.0
AHYB,2025-03-05,46.0,46.012001037597656,45.93000030517578,46.012001037597656,2100,44.47671890258789,0.0
AHYB,2025-03-06,45.92900085449219,45.939998626708984,45.83000183105469,45.861000061035156,1300,44.33075714111328,0.0
AHYB,2025-03-07,45.95000076293945,45.95500183105469,45.88999938964844,45.95500183105469,1100,44.421627044677734,0.0
AHYB,2025-03-10,45.900001525878906,45.97999954223633,45.819000244140625,45.819000244140625,3700,44.290157318115234,0.0
AHYB,2025-03-11,45.790000915527344,45.869998931884766,45.67499923706055,45.67499923706055,6600,44.15096664428711,0.0
AHYB,2025-03-12,45.71099853515625,45.71099853515625,45.689998626708984,45.70000076293945,2100,44.17512893676758,0.0
AHYB,2025-03-13,45.654998779296875,45.654998779296875,45.369998931884766,45.5099983215332,1800,43.99147033691406,0.0
AHYB,2025-03-14,45.691001892089844,45.691001892089844,45.66999816894531,45.67499923706055,1100,44.15096664428711,0.0
AHYB,2025-03-17,45.71099853515625,45.790000915527344,45.71099853515625,45.77399826049805,900,44.24666213989258,0.0
AHYB,2025-03-18,45.70100021362305,45.73400115966797,45.70100021362305,45.733001708984375,1200,44.207035064697266,0.0
AHYB,2025-03-19,45.75,45.98500061035156,45.68000030517578,45.98500061035156,4000,44.45062255859375,0.0
AHYB,2025-03-20,46.0,46.0,45.92900085449219,45.92900085449219,600,44.396488189697266,0.0
AHYB,2025-03-21,45.869998931884766,45.939998626708984,45.84000015258789,45.915000915527344,1200,44.382957458496094,0.0
AHYB,2025-03-24,46.0099983215332,46.016998291015625,46.0,46.016998291015625,700,44.48155212402344,0.0
AHYB,2025-03-25,46.01100158691406,46.08000183105469,45.96500015258789,45.994998931884766,2100,44.460289001464844,0.0
AHYB,2025-03-26,45.93299865722656,45.93299865722656,45.81999969482422,45.847999572753906,6300,44.31819534301758,0.0
AHYB,2025-03-27,45.82500076293945,45.82500076293945,45.77799987792969,45.77799987792969,300,44.25053024291992,0.0
AHYB,2025-03-28,45.68000030517578,45.70100021362305,45.68000030517578,45.70100021362305,300,44.17610168457031,0.0
AHYB,2025-03-31,45.64099884033203,45.7400016784668,45.6349983215332,45.7400016784668,600,44.21379470825195,0.0
AHYB,2025-04-01,45.5,45.625,45.5,45.625,1100,44.310916900634766,0.215
AHYB,2025-04-02,45.63999938964844,45.72999954223633,45.63999938964844,45.70800018310547,700,44.39152526855469,0.0
AHYB,2025-04-03,45.369998931884766,45.3849983215332,45.20000076293945,45.29600143432617,3600,43.991397857666016,0.0
AHYB,2025-04-04,44.571998596191406,44.86000061035156,44.571998596191406,44.72600173950195,2800,43.43781661987305,0.0
AHYB,2025-04-07,44.375,44.55699920654297,43.900001525878906,44.55699920654297,2400,43.273677825927734,0.0
AHYB,2025-04-08,44.79800033569336,44.79800033569336,44.053001403808594,44.097999572753906,2300,42.82789611816406,0.0
AHYB,2025-04-09,43.79999923706055,45.17599868774414,43.54999923706055,45.17599868774414,6200,43.874847412109375,0.0
AHYB,2025-04-10,44.68000030517578,44.68000030517578,44.20000076293945,44.507999420166016,1400,43.2260856628418,0.0
AHYB,2025-04-11,44.402000427246094,44.63800048828125,44.369998931884766,44.63800048828125,1500,43.35234069824219,0.0
AHYB,2025-04-14,44.91999816894531,44.91999816894531,44.86199951171875,44.86199951171875,1100,43.569889068603516,0.0
AHYB,2025-04-15,45.00600051879883,45.029998779296875,44.95800018310547,44.95800018310547,1300,43.66312789916992,0.0
AHYB,2025-04-16,45.04499816894531,45.04499816894531,44.959999084472656,45.01499938964844,1900,43.718482971191406,0.0
AHYB,2025-04-17,45.138999938964844,45.183998107910156,45.138999938964844,45.183998107910156,600,43.88261795043945,0.0
AHYB,2025-04-21,44.99300003051758,44.99300003051758,44.97999954223633,44.98699951171875,1400,43.691287994384766,0.0
AHYB,2025-04-22,45.11000061035156,45.1510009765625,45.11000061035156,45.1510009765625,800,43.85057067871094,0.0
AHYB,2025-04-23,45.58000183105469,45.61000061035156,45.35499954223633,45.35499954223633,2600,44.04868698120117,0.0
AHYB,2025-04-24,45.479000091552734,45.72600173950195,45.439998626708984,45.70199966430664,13800,44.38569641113281,0.0
AHYB,2025-04-25,45.56999969482422,45.779998779296875,45.56999969482422,45.742000579833984,1900,44.42454528808594,0.0
AHYB,2025-04-28,45.72999954223633,45.72999954223633,45.599998474121094,45.729000091552734,1200,44.41191864013672,0.0
AHYB,2025-04-29,45.619998931884766,45.81399917602539,45.619998931884766,45.81399917602539,1400,44.49447250366211,0.0
AHYB,2025-04-30,45.54999923706055,45.608001708984375,45.52899932861328,45.590999603271484,1900,44.27789306640625,0.0
AHYB,2025-05-01,45.380001068115234,45.45500183105469,45.36800003051758,45.36800003051758,1500,44.29742431640625,0.243
AHYB,2025-05-02,45.505001068115234,45.5099983215332,45.47999954223633,45.48899841308594,2400,44.415565490722656,0.0
AHYB,2025-05-05,45.439998626708984,45.5,45.439998626708984,45.459999084472656,1500,44.38725280761719,0.0
AHYB,2025-05-06,45.45000076293945,45.54999923706055,45.435001373291016,45.4379997253418,1600,44.36577224731445,0.0
AHYB,2025-05-07,45.4379997253418,45.49599838256836,45.4379997253418,45.49599838256836,1100,44.42239761352539,0.0
AHYB,2025-05-08,45.57899856567383,45.58000183105469,45.45800018310547,45.49100112915039,3100,44.41752243041992,0.0
AHYB,2025-05-09,45.5099983215332,45.52000045776367,45.47999954223633,45.52000045776367,3800,44.445838928222656,0.0
AHYB,2025-05-12,45.75,45.87300109863281,45.75,45.87300109863281,2000,44.79051208496094,0.0
AHYB,2025-05-13,45.93000030517578,45.97999954223633,45.834999084472656,45.95500183105469,4400,44.87057876586914,0.0
AHYB,2025-05-14,45.880001068115234,45.93000030517578,45.81999969482422,45.8650016784668,1900,44.78269958496094,0.0
AHYB,2025-05-15,45.78099822998047,45.887001037597656,45.775001525878906,45.887001037597656,900,44.80418014526367,0.0
AHYB,2025-05-16,45.94900131225586,45.95600128173828,45.90999984741211,45.95600128173828,1600,44.871551513671875,0.0
AHYB,2025-05-19,45.8380012512207,45.939998626708984,45.8380012512207,45.939998626708984,1300,44.855926513671875,0.0
AHYB,2025-05-20,45.869998931884766,45.939998626708984,45.869998931884766,45.93000030517578,1800,44.84616470336914,0.0
AHYB,2025-05-21,45.84000015258789,45.91999816894531,45.67499923706055,45.67499923706055,1200,44.5971794128418,0.0
AHYB,2025-05-22,45.650001525878906,45.71500015258789,45.650001525878906,45.71500015258789,300,44.63623809814453,0.0
AHYB,2025-05-23,45.64799880981445,45.7400016784668,45.61199951171875,45.61199951171875,32300,44.535667419433594,0.0
AHYB,2025-05-27,45.900001525878906,46.08000183105469,45.900001525878906,46.08000183105469,3000,44.99262619018555,0.0
AHYB,2025-05-28,45.900001525878906,45.959999084472656,45.900001525878906,45.94900131225586,3000,44.864715576171875,0.0
AHYB,2025-05-29,46.029998779296875,46.029998779296875,45.98899841308594,45.98899841308594,500,44.90376663208008,0.0
AHYB,2025-05-30,46.018001556396484,46.0620002746582,45.97999954223633,46.0620002746582,2200,44.97504806518555,0.0
AHYB,2025-06-02,45.83100128173828,45.83100128173828,45.83100128173828,45.83100128173828,200,44.95542907714844,0.211
AHYB,2025-06-03,45.91999816894531,45.93000030517578,45.869998931884766,45.93000030517578,2300,45.05254364013672,0.0
AHYB,2025-06-04,45.970001220703125,46.06999969482422,45.970001220703125,46.029998779296875,3100,45.150630950927734,0.0
AHYB,2025-06-05,46.04999923706055,46.130001068115234,45.959999084472656,45.959999084472656,2100,45.081966400146484,0.0
AHYB,2025-06-06,45.970001220703125,46.0,45.939998626708984,45.95000076293945,1600,45.07215881347656,0.0
AHYB,2025-06-09,45.97999954223633,46.029998779296875,45.97999954223633,46.029998779296875,1700,45.150630950927734,0.0
AHYB,2025-06-10,45.97999954223633,46.22999954223633,45.97999954223633,46.07699966430664,2500,45.19673156738281,0.0
AHYB,2025-06-11,46.14500045776367,46.189998626708984,46.09000015258789,46.09000015258789,2200,45.20948028564453,0.0
AHYB,2025-06-12,46.13999938964844,46.220001220703125,46.06999969482422,46.097999572753906,1900,45.21732711791992,0.0
AHYB,2025-06-13,46.05500030517578,46.05500030517578,46.012001037597656,46.012001037597656,1200,45.132972717285156,0.0
AHYB,2025-06-16,46.0880012512207,46.099998474121094,46.040000915527344,46.084999084472656,2100,45.2045783996582,0.0
AHYB,2025-06-17,46.08000183105469,46.08000183105469,46.02000045776367,46.04199981689453,1100,45.16239929199219,0.0
AHYB,2025-06-18,46.04999923706055,46.22999954223633,46.04999923706055,46.09000015258789,6800,45.20948028564453,0.0
AHYB,2025-06-20,46.15999984741211,46.31999969482422,46.15999984741211,46.21900177001953,2800,45.336021423339844,0.0
AHYB,2025-06-23,46.26499938964844,46.290000915527344,46.2400016784668,46.290000915527344,1000,45.405662536621094,0.0
AHYB,2025-06-24,46.349998474121094,46.41999816894531,46.349998474121094,46.41999816894531,1300,45.533180236816406,0.0
AHYB,2025-06-25,46.40299987792969,46.40299987792969,46.40299987792969,46.40299987792969,1000,45.51650619506836,0.0
AHYB,2025-06-26,46.52299880981445,46.52299880981445,46.52299880981445,46.52299880981445,100,45.634212493896484,0.0
AHYB,2025-06-27,46.52000045776367,46.52000045776367,46.494998931884766,46.494998931884766,300,45.606746673583984,0.0
AHYB,2025-06-30,46.599998474121094,46.6349983215332,46.56999969482422,46.6349983215332,1100,45.74406814575195,0.0
AHYB,2025-07-01,46.38999938964844,46.38999938964844,46.369998931884766,46.375,1100,45.70858383178711,0.224
AHYB,2025-07-02,46.369998931884766,46.619998931884766,46.369998931884766,46.529998779296875,19000,45.861358642578125,0.0
AHYB,2025-07-03,46.439998626708984,46.459999084472656,46.439998626708984,46.45500183105469,2900,45.78744125366211,0.0
AHYB,2025-07-07,46.45000076293945,46.564998626708984,46.275001525878906,46.275001525878906,3000,45.61002731323242,0.0
AHYB,2025-07-08,46.25,46.25,46.20000076293945,46.20000076293945,800,45.53610610961914,0.0
AHYB,2025-07-09,46.279998779296875,46.310001373291016,46.279998779296875,46.310001373291016,300,45.64452362060547,0.0
AHYB,2025-07-10,46.29999923706055,46.33000183105469,46.29999923706055,46.29999923706055,1400,45.63466262817383,0.0
AHYB,2025-07-11,46.22999954223633,46.34000015258789,46.20000076293945,46.21500015258789,2900,45.55088424682617,0.0
AHYB,2025-07-14,46.22999954223633,46.31999969482422,46.20500183105469,46.31999969482422,1100,45.65437698364258,0.0
AHYB,2025-07-15,46.23899841308594,46.23899841308594,46.130001068115234,46.130001068115234,1600,45.46710968017578,0.0
AHYB,2025-07-16,46.189998626708984,46.209999084472656,46.111000061035156,46.20500183105469,1600,45.54103088378906,0.0
AHYB,2025-07-17,46.22999954223633,46.38999938964844,46.22999954223633,46.25,2400,45.585384368896484,0.0
AHYB,2025-07-18,46.31999969482422,46.31999969482422,46.31999969482422,46.31999969482422,200,45.65437698364258,0.0
AHYB,2025-07-21,46.45000076293945,46.56999969482422,46.4109992980957,46.4109992980957,800,45.74406814575195,0.0
AHYB,2025-07-22,46.46799850463867,46.4900016784668,46.45000076293945,46.45000076293945,1100,45.78251266479492,0.0
AHYB,2025-07-23,46.4379997253418,46.48099899291992,46.4379997253418,46.474998474121094,3300,45.80714797973633,0.0
AHYB,2025-07-24,46.470001220703125,46.5,46.43000030517578,46.44499969482422,1000,45.77758026123047,0.0
AHYB,2025-07-25,46.459999084472656,46.459999084472656,46.459999084472656,46.459999084472656,100,45.79236602783203,0.0
AHYB,2025-07-28,46.470001220703125,46.560001373291016,46.41999816894531,46.45000076293945,1700,45.78251266479492,0.0
AHYB,2025-07-29,46.47999954223633,46.619998931884766,46.47999954223633,46.619998931884766,800,45.9500617980957,0.0
AHYB,2025-07-30,46.41999816894531,46.540000915527344,46.369998931884766,46.39500045776367,3900,45.728302001953125,0.0
AHYB,2025-07-31,46.38999938964844,46.529998779296875,46.38999938964844,46.41699981689453,3000,45.74998474121094,0.0
AHYB,2025-08-01,46.18000030517578,46.29100036621094,46.13999938964844,46.244998931884766,6400,45.82132339477539,0.244
AHYB,2025-08-04,46.29999923706055,46.33000183105469,46.29199981689453,46.33000183105469,2900,45.905548095703125,0.0
AHYB,2025-08-05,46.34000015258789,46.349998474121094,46.290000915527344,46.345001220703125,1900,45.920406341552734,0.0
AHYB,2025-08-06,46.31999969482422,46.380001068115234,46.31999969482422,46.380001068115234,1300,45.9550895690918,0.0
AHYB,2025-08-07,46.349998474121094,46.380001068115234,46.349998474121094,46.35100173950195,1100,45.92635726928711,0.0
AHYB,2025-08-08,46.33700180053711,46.36000061035156,46.334999084472656,46.334999084472656,3000,45.910499572753906,0.0
AHYB,2025-08-11,46.36600112915039,46.45500183105469,46.34199905395508,46.35100173950195,1800,45.92635726928711,0.0
AHYB,2025-08-12,46.374000549316406,46.43000030517578,46.374000549316406,46.41400146484375,6300,45.9887809753418,0.0
AHYB,2025-08-13,46.52299880981445,46.53900146484375,46.49100112915039,46.53900146484375,2100,46.112632751464844,0.0
AHYB,2025-08-14,46.470001220703125,46.470001220703125,46.41400146484375,46.44499969482422,1300,46.019493103027344,0.0
AHYB,2025-08-15,46.45000076293945,46.54999923706055,46.415000915527344,46.42499923706055,4900,45.99967575073242,0.0
AHYB,2025-08-18,46.43000030517578,46.52000045776367,46.43000030517578,46.474998474121094,140600,46.049217224121094,0.0
AHYB,2025-08-19,46.459999084472656,46.529998779296875,46.44900131225586,46.47999954223633,3700,46.05417251586914,0.0
AHYB,2025-08-20,46.439998626708984,46.5099983215332,46.426998138427734,46.426998138427734,700,46.00165557861328,0.0
AHYB,2025-08-21,46.3849983215332,46.3849983215332,46.3650016784668,46.380001068115234,1200,45.9550895690918,0.0
AHYB,2025-08-22,46.6349983215332,46.720001220703125,46.6349983215332,46.720001220703125,700,46.29197311401367,0.0
AHYB,2025-08-25,46.68899917602539,46.709999084472656,46.64400100708008,46.6619987487793,1500,46.23450469970703,0.0
AHYB,2025-08-26,46.689998626708984,46.720001220703125,46.66699981689453,46.720001220703125,1200,46.29197311401367,0.0
AHYB,2025-08-27,46.72999954223633,46.779998779296875,46.72999954223633,46.779998779296875,3800,46.35142135620117,0.0
AHYB,2025-08-28,46.7599983215332,46.84000015258789,46.7599983215332,46.790000915527344,1900,46.361331939697266,0.0
AHYB,2025-08-29,46.7599983215332,46.79999923706055,46.72999954223633,46.755001068115234,1700,46.32665252685547,0.0
AHYB,2025-09-02,46.43000030517578,46.619998931884766,46.38999938964844,46.619998931884766,3100,46.38734817504883,0.196
AHYB,2025-09-03,46.52399826049805,46.55099868774414,46.52399826049805,46.55099868774414,1200,46.31869125366211,0.0
AHYB,2025-09-04,46.61000061035156,46.66400146484375,46.61000061035156,46.66400146484375,1400,46.431129455566406,0.0
AHYB,2025-09-05,46.79999923706055,46.79999923706055,46.72700119018555,46.744998931884766,2300,46.511722564697266,0.0
AHYB,2025-09-08,46.79999923706055,46.79999923706055,46.744998931884766,46.744998931884766,1400,46.511722564697266,0.0
AHYB,2025-09-09,46.69200134277344,46.7130012512207,46.685001373291016,46.685001373291016,1100,46.4520263671875,0.0
AHYB,2025-09-10,46.709999084472656,46.869998931884766,46.709999084472656,46.755001068115234,1300,46.52167510986328,0.0
AHYB,2025-09-11,46.78200149536133,46.84600067138672,46.78200149536133,46.84600067138672,900,46.612220764160156,0.0
AHYB,2025-09-12,46.84000015258789,46.849998474121094,46.810001373291016,46.82500076293945,82900,46.59132385253906,0.0
AHYB,2025-09-15,46.88999938964844,46.939998626708984,46.709999084472656,46.902000427246094,7700,46.66794204711914,0.0
AHYB,2025-09-16,46.89699935913086,46.915000915527344,46.89699935913086,46.915000915527344,800,46.680877685546875,0.0
AHYB,2025-09-17,46.915000915527344,46.91600036621094,46.854000091552734,46.854000091552734,1500,46.62017822265625,0.0
AHYB,2025-09-18,46.91999816894531,46.959999084472656,46.91999816894531,46.94499969482422,700,46.710723876953125,0.0
AHYB,2025-09-19,47.0,47.0,46.79999923706055,46.94200134277344,2100,46.707740783691406,0.0
AHYB,2025-09-22,46.97999954223633,46.9900016784668,46.939998626708984,46.9900016784668,4700,46.7555046081543,0.0
AHYB,2025-09-23,46.970001220703125,47.02000045776367,46.84000015258789,46.96500015258789,2500,46.73062515258789,0.0
AHYB,2025-09-24,46.95500183105469,46.95500183105469,46.869998931884766,46.89500045776367,2100,46.66097640991211,0.0
AHYB,2025-09-25,46.8120002746582,46.8120002746582,46.7599983215332,46.810001373291016,1900,46.57640075683594,0.0
AHYB,2025-09-26,46.83000183105469,46.90999984741211,46.83000183105469,46.85499954223633,1900,46.62117385864258,0.0
AHYB,2025-09-29,46.900001525878906,46.94499969482422,46.900001525878906,46.94499969482422,1000,46.710723876953125,0.0
