symbol,date,open,high,low,close,volume,adjclose,dividends
BSCP,2015-10-09,20.020000457763672,20.049999237060547,20.020000457763672,20.049999237060547,3300,14.828826904296875,0.0
BSCP,2015-10-12,20.049999237060547,20.049999237060547,20.049999237060547,20.049999237060547,0,14.828826904296875,0.0
BSCP,2015-10-13,20.049999237060547,20.049999237060547,20.049999237060547,20.049999237060547,0,14.828826904296875,0.0
BSCP,2015-10-14,20.049999237060547,20.049999237060547,20.049999237060547,20.049999237060547,0,14.828826904296875,0.0
BSCP,2015-10-15,20.209999084472656,20.209999084472656,20.209999084472656,20.209999084472656,800,14.947162628173828,0.0
BSCP,2015-10-16,20.209999084472656,20.209999084472656,20.209999084472656,20.209999084472656,0,14.947162628173828,0.0
BSCP,2015-10-19,20.219999313354492,20.219999313354492,20.219999313354492,20.219999313354492,900,14.954560279846191,0.0
BSCP,2015-10-20,20.219999313354492,20.219999313354492,20.219999313354492,20.219999313354492,0,14.954560279846191,0.0
BSCP,2015-10-21,20.260000228881836,20.260000228881836,20.260000228881836,20.260000228881836,200,14.984147071838379,0.0
BSCP,2015-10-22,20.260000228881836,20.260000228881836,20.260000228881836,20.260000228881836,0,14.984147071838379,0.0
BSCP,2015-10-23,20.239999771118164,20.239999771118164,20.239999771118164,20.239999771118164,1300,14.969345092773438,0.0
BSCP,2015-10-26,20.239999771118164,20.239999771118164,20.239999771118164,20.239999771118164,0,14.969345092773438,0.0
BSCP,2015-10-27,20.323999404907227,20.323999404907227,20.323999404907227,20.323999404907227,1000,15.03147029876709,0.0
BSCP,2015-10-28,20.290000915527344,20.290000915527344,20.290000915527344,20.290000915527344,300,15.006322860717773,0.0
BSCP,2015-10-29,20.290000915527344,20.290000915527344,20.290000915527344,20.290000915527344,0,15.006322860717773,0.0
BSCP,2015-10-30,20.290000915527344,20.290000915527344,20.290000915527344,20.290000915527344,0,15.006322860717773,0.0
BSCP,2015-11-02,20.059999465942383,20.100000381469727,20.059999465942383,20.100000381469727,2600,14.886347770690918,0.028
BSCP,2015-11-03,19.989999771118164,20.020000457763672,19.989999771118164,20.020000457763672,800,14.827096939086914,0.0
BSCP,2015-11-04,20.07699966430664,20.07699966430664,19.989999771118164,19.989999771118164,2100,14.804878234863281,0.0
BSCP,2015-11-05,20.0,20.0,20.0,20.0,500,14.812289237976074,0.0
BSCP,2015-11-06,19.920000076293945,19.920000076293945,19.920000076293945,19.920000076293945,1000,14.753029823303223,0.0
BSCP,2015-11-09,19.860000610351562,19.889999389648438,19.850000381469727,19.889999389648438,2200,14.730822563171387,0.0
BSCP,2015-11-10,19.889999389648438,19.889999389648438,19.889999389648438,19.889999389648438,0,14.730822563171387,0.0
BSCP,2015-11-11,19.889999389648438,19.889999389648438,19.889999389648438,19.889999389648438,0,14.730822563171387,0.0
BSCP,2015-11-12,19.93000030517578,19.93000030517578,19.899999618530273,19.899999618530273,1900,14.7382230758667,0.0
BSCP,2015-11-13,19.940000534057617,19.940000534057617,19.940000534057617,19.940000534057617,200,14.767853736877441,0.0
BSCP,2015-11-16,19.940000534057617,19.940000534057617,19.940000534057617,19.940000534057617,0,14.767853736877441,0.0
BSCP,2015-11-17,19.950000762939453,19.950000762939453,19.950000762939453,19.950000762939453,100,14.775250434875488,0.0
BSCP,2015-11-18,19.979999542236328,19.979999542236328,19.961999893188477,19.979999542236328,2100,14.797479629516602,0.0
BSCP,2015-11-19,19.979999542236328,19.979999542236328,19.979999542236328,19.979999542236328,0,14.797479629516602,0.0
BSCP,2015-11-20,20.0,20.040000915527344,20.0,20.040000915527344,7200,14.841911315917969,0.0
BSCP,2015-11-23,20.0,20.0,19.979999542236328,19.996999740600586,1300,14.810070991516113,0.0
BSCP,2015-11-24,20.0,20.0,19.989999771118164,20.0,2200,14.812289237976074,0.0
BSCP,2015-11-25,20.0,20.0,20.0,20.0,0,14.812289237976074,0.0
BSCP,2015-11-27,20.040000915527344,20.040000915527344,20.040000915527344,20.040000915527344,100,14.841911315917969,0.0
BSCP,2015-11-30,20.049999237060547,20.049999237060547,20.049999237060547,20.049999237060547,3700,14.84931468963623,0.0
BSCP,2015-12-01,20.198999404907227,20.198999404907227,20.198999404907227,20.198999404907227,8000,15.003815650939941,0.059
BSCP,2015-12-02,20.06999969482422,20.06999969482422,20.0,20.0,11100,14.856002807617188,0.0
BSCP,2015-12-03,19.93000030517578,19.93000030517578,19.770000457763672,19.770000457763672,2500,14.685154914855957,0.0
BSCP,2015-12-04,19.90999984741211,19.959999084472656,19.875999450683594,19.959999084472656,6100,14.826289176940918,0.0
BSCP,2015-12-07,20.040000915527344,20.040000915527344,20.035999298095703,20.040000915527344,1500,14.885714530944824,0.0
BSCP,2015-12-08,20.0,20.0,20.0,20.0,1500,14.856002807617188,0.0
BSCP,2015-12-09,20.0,20.0,20.0,20.0,0,14.856002807617188,0.0
BSCP,2015-12-10,20.0,20.0,19.940000534057617,19.940000534057617,3900,14.811439514160156,0.0
BSCP,2015-12-11,19.969999313354492,19.969999313354492,19.969999313354492,19.969999313354492,700,14.833731651306152,0.0
BSCP,2015-12-14,19.899999618530273,22.700000762939453,19.739999771118164,19.739999771118164,10600,14.662875175476074,0.0
BSCP,2015-12-15,19.739999771118164,19.739999771118164,19.739999771118164,19.739999771118164,0,14.662875175476074,0.0
BSCP,2015-12-16,19.739999771118164,19.979999542236328,19.729999542236328,19.729999542236328,7900,14.655447006225586,0.0
BSCP,2015-12-17,19.760000228881836,19.790000915527344,19.760000228881836,19.780000686645508,7600,14.692583084106445,0.0
BSCP,2015-12-18,19.829999923706055,19.829999923706055,19.790000915527344,19.790000915527344,4800,14.7000150680542,0.0
BSCP,2015-12-21,19.790000915527344,19.809999465942383,19.790000915527344,19.799999237060547,11000,14.707439422607422,0.0
BSCP,2015-12-22,19.799999237060547,19.799999237060547,19.770000457763672,19.770000457763672,4300,14.685154914855957,0.0
BSCP,2015-12-23,19.799999237060547,19.799999237060547,19.799999237060547,19.799999237060547,1200,14.707439422607422,0.0
BSCP,2015-12-24,19.81800079345703,19.81999969482422,19.808000564575195,19.808000564575195,3200,14.71338176727295,0.0
BSCP,2015-12-28,19.770000457763672,19.81999969482422,19.764999389648438,19.815000534057617,5700,14.718583106994629,0.0
BSCP,2015-12-29,19.780000686645508,19.780000686645508,19.75,19.75,4500,14.71634292602539,0.062
BSCP,2015-12-30,19.665000915527344,19.665000915527344,19.665000915527344,19.665000915527344,5600,14.653011322021484,0.0
BSCP,2015-12-31,19.700000762939453,19.719999313354492,19.639999389648438,19.639999389648438,14000,14.634382247924805,0.0
BSCP,2016-01-04,19.770000457763672,19.770000457763672,19.739999771118164,19.739999771118164,1900,14.708890914916992,0.0
BSCP,2016-01-05,19.81999969482422,19.84000015258789,19.785999298095703,19.84000015258789,11600,14.783413887023926,0.0
BSCP,2016-01-06,19.860000610351562,19.940000534057617,19.850000381469727,19.8799991607666,15500,14.813217163085938,0.0
BSCP,2016-01-07,19.799999237060547,19.827999114990234,19.770000457763672,19.827999114990234,7700,14.774462699890137,0.0
BSCP,2016-01-08,19.92799949645996,20.25,19.895000457763672,19.93000030517578,27400,14.850470542907715,0.0
BSCP,2016-01-11,19.843000411987305,19.8700008392334,19.843000411987305,19.86199951171875,3800,14.799803733825684,0.0
BSCP,2016-01-12,19.959999084472656,19.969999313354492,19.889999389648438,19.940000534057617,16200,14.857925415039062,0.0
BSCP,2016-01-13,19.93000030517578,19.969999313354492,19.93000030517578,19.961999893188477,7500,14.874319076538086,0.0
BSCP,2016-01-14,19.93000030517578,19.93000030517578,19.832000732421875,19.885000228881836,11900,14.816941261291504,0.0
BSCP,2016-01-15,19.850000381469727,19.860000610351562,19.770000457763672,19.770000457763672,2100,14.73124885559082,0.0
BSCP,2016-01-19,19.799999237060547,19.857999801635742,19.719999313354492,19.799999237060547,7100,14.753602027893066,0.0
BSCP,2016-01-20,19.809999465942383,19.809999465942383,19.760000228881836,19.780000686645508,7000,14.738702774047852,0.0
BSCP,2016-01-21,19.760000228881836,19.760000228881836,19.666000366210938,19.670000076293945,2200,14.656742095947266,0.0
BSCP,2016-01-22,19.709999084472656,19.8700008392334,19.670000076293945,19.75,15800,14.71634292602539,0.0
BSCP,2016-01-25,19.780000686645508,19.780000686645508,19.729999542236328,19.780000686645508,2900,14.738702774047852,0.0
BSCP,2016-01-26,19.756000518798828,19.860000610351562,19.756000518798828,19.809999465942383,8700,14.761056900024414,0.0
BSCP,2016-01-27,19.700000762939453,19.799999237060547,19.700000762939453,19.799999237060547,4100,14.753602027893066,0.0
BSCP,2016-01-28,19.760000228881836,19.81999969482422,19.760000228881836,19.81999969482422,7400,14.768511772155762,0.0
BSCP,2016-01-29,19.889999389648438,19.920000076293945,19.85300064086914,19.889999389648438,9900,14.820661544799805,0.0
BSCP,2016-02-01,19.790000915527344,19.809999465942383,19.7450008392334,19.780000686645508,9800,14.764686584472656,0.035
BSCP,2016-02-02,19.81999969482422,19.90999984741211,19.790000915527344,19.827999114990234,6100,14.800512313842773,0.0
BSCP,2016-02-03,19.8700008392334,19.93000030517578,19.780000686645508,19.81999969482422,5900,14.794547080993652,0.0
BSCP,2016-02-04,19.799999237060547,19.950000762939453,19.75,19.829999923706055,12100,14.802003860473633,0.0
BSCP,2016-02-05,19.770000457763672,19.850000381469727,19.719999313354492,19.850000381469727,7000,14.816937446594238,0.0
BSCP,2016-02-08,19.81999969482422,19.889999389648438,19.81999969482422,19.81999969482422,2800,14.794547080993652,0.0
BSCP,2016-02-09,19.940000534057617,19.940000534057617,19.850000381469727,19.889999389648438,5800,14.846792221069336,0.0
BSCP,2016-02-10,19.860000610351562,19.959999084472656,19.81999969482422,19.860000610351562,8200,14.824403762817383,0.0
BSCP,2016-02-11,19.799999237060547,19.979999542236328,19.729999542236328,19.790000915527344,8900,14.772151947021484,0.0
BSCP,2016-02-12,19.809999465942383,19.860000610351562,19.70400047302246,19.739999771118164,4100,14.734820365905762,0.0
BSCP,2016-02-16,19.739999771118164,19.739999771118164,19.665000915527344,19.68000030517578,14900,14.690038681030273,0.0
BSCP,2016-02-17,19.790000915527344,19.829999923706055,19.68000030517578,19.700000762939453,10600,14.704963684082031,0.0
BSCP,2016-02-18,19.788999557495117,19.920000076293945,19.788999557495117,19.829999923706055,18800,14.802003860473633,0.0
BSCP,2016-02-19,19.834999084472656,19.950000762939453,19.80699920654297,19.80699920654297,24200,14.784838676452637,0.0
BSCP,2016-02-22,19.90999984741211,20.329999923706055,19.881999969482422,19.920000076293945,34900,14.869187355041504,0.0
BSCP,2016-02-23,19.84000015258789,20.079999923706055,19.81999969482422,19.913000106811523,9700,14.8639554977417,0.0
BSCP,2016-02-24,20.027000427246094,20.027000427246094,19.964000701904297,19.964000701904297,4500,14.90202808380127,0.0
BSCP,2016-02-25,20.040000915527344,20.09000015258789,20.040000915527344,20.09000015258789,3400,14.99608325958252,0.0
BSCP,2016-02-26,20.014999389648438,20.030000686645508,19.985000610351562,20.030000686645508,20700,14.951299667358398,0.0
BSCP,2016-02-29,19.989999771118164,21.43000030517578,19.969999313354492,20.06999969482422,16200,14.981154441833496,0.0
BSCP,2016-03-01,19.959999084472656,20.139999389648438,19.940000534057617,19.959999084472656,9100,14.899041175842285,0.0
BSCP,2016-03-02,19.889999389648438,20.270000457763672,19.857999801635742,19.93000030517578,10900,14.876654624938965,0.0
BSCP,2016-03-03,19.93000030517578,20.0,19.92300033569336,20.0,7900,14.9288969039917,0.0
BSCP,2016-03-04,19.989999771118164,20.0,19.905000686645508,19.979999542236328,35200,14.91397476196289,0.0
BSCP,2016-03-07,19.8799991607666,19.90999984741211,19.8799991607666,19.90999984741211,2700,14.861721992492676,0.0
BSCP,2016-03-08,20.100000381469727,20.100000381469727,20.016000747680664,20.059999465942383,2900,14.973689079284668,0.0
BSCP,2016-03-09,20.049999237060547,20.049999237060547,19.98699951171875,19.98699951171875,45900,14.919200897216797,0.0
BSCP,2016-03-10,20.040000915527344,20.040000915527344,19.899999618530273,19.989999771118164,3400,14.921433448791504,0.0
BSCP,2016-03-11,20.059999465942383,20.065000534057617,20.020000457763672,20.065000534057617,7800,14.97741985321045,0.0
BSCP,2016-03-14,20.049999237060547,20.15399932861328,20.040000915527344,20.040000915527344,12300,14.958760261535645,0.0
BSCP,2016-03-15,20.1200008392334,20.1299991607666,20.040000915527344,20.040000915527344,11100,14.958760261535645,0.0
BSCP,2016-03-16,20.1200008392334,20.260000228881836,20.100000381469727,20.260000228881836,12400,15.122979164123535,0.0
BSCP,2016-03-17,20.229999542236328,20.280000686645508,20.209999084472656,20.280000686645508,6900,15.137906074523926,0.0
BSCP,2016-03-18,20.31999969482422,20.31999969482422,20.274999618530273,20.274999618530273,2500,15.134169578552246,0.0
BSCP,2016-03-21,20.309999465942383,20.3700008392334,20.309999465942383,20.3700008392334,2800,15.205087661743164,0.0
BSCP,2016-03-22,20.31999969482422,20.31999969482422,20.209999084472656,20.25,16700,15.115514755249023,0.0
BSCP,2016-03-23,20.368999481201172,20.3799991607666,20.360000610351562,20.3799991607666,3800,15.21254825592041,0.0
BSCP,2016-03-24,20.389999389648438,20.399999618530273,20.367000579833984,20.399999618530273,5000,15.227481842041016,0.0
BSCP,2016-03-28,20.40999984741211,20.40999984741211,20.3700008392334,20.399999618530273,3400,15.227481842041016,0.0
BSCP,2016-03-29,20.510000228881836,20.639999389648438,20.489999771118164,20.559999465942383,26200,15.34691047668457,0.0
BSCP,2016-03-30,20.5,20.510000228881836,20.420000076293945,20.4950008392334,6900,15.298397064208984,0.0
BSCP,2016-03-31,20.479999542236328,20.56999969482422,20.440000534057617,20.545000076293945,16600,15.335712432861328,0.0
BSCP,2016-04-01,20.489999771118164,20.639999389648438,20.45199966430664,20.530000686645508,20800,15.368656158447266,0.059
BSCP,2016-04-04,20.520000457763672,20.520000457763672,20.451000213623047,20.514999389648438,14000,15.357416152954102,0.0
BSCP,2016-04-05,20.559999465942383,20.56999969482422,20.531999588012695,20.531999588012695,5800,15.37015438079834,0.0
BSCP,2016-04-06,20.549999237060547,20.56999969482422,20.472000122070312,20.56999969482422,9500,15.398591995239258,0.0
BSCP,2016-04-07,20.562000274658203,20.562000274658203,20.562000274658203,20.562000274658203,600,15.392599105834961,0.0
BSCP,2016-04-08,20.6299991607666,20.639999389648438,20.59000015258789,20.639999389648438,3300,15.451003074645996,0.0
BSCP,2016-04-11,20.520000457763672,20.54199981689453,20.520000457763672,20.54199981689453,1000,15.377628326416016,0.0
BSCP,2016-04-12,20.481000900268555,20.559999465942383,20.481000900268555,20.530000686645508,9100,15.368656158447266,0.0
BSCP,2016-04-13,20.530000686645508,20.569000244140625,20.530000686645508,20.559999465942383,3000,15.391106605529785,0.0
BSCP,2016-04-14,20.579999923706055,20.579999923706055,20.520999908447266,20.520999908447266,3400,15.361912727355957,0.0
BSCP,2016-04-15,20.579999923706055,20.65999984741211,20.579999923706055,20.65999984741211,18700,15.465964317321777,0.0
BSCP,2016-04-18,20.6200008392334,20.670000076293945,20.610000610351562,20.610000610351562,2100,15.428528785705566,0.0
BSCP,2016-04-19,20.670000076293945,20.719999313354492,20.649999618530273,20.65999984741211,3700,15.465964317321777,0.0
BSCP,2016-04-20,20.719999313354492,20.770000457763672,20.690000534057617,20.690000534057617,6500,15.488419532775879,0.0
BSCP,2016-04-21,20.59000015258789,20.6299991607666,20.56999969482422,20.56999969482422,33500,15.398591995239258,0.0
BSCP,2016-04-22,20.618000030517578,20.68000030517578,20.618000030517578,20.68000030517578,8000,15.480945587158203,0.0
BSCP,2016-04-25,20.659000396728516,20.659000396728516,20.6299991607666,20.639999389648438,9300,15.451003074645996,0.0
BSCP,2016-04-26,20.6299991607666,20.65999984741211,20.6299991607666,20.65999984741211,300700,15.465964317321777,0.0
BSCP,2016-04-27,20.68000030517578,20.770000457763672,20.650999069213867,20.770000457763672,3700,15.54832649230957,0.0
BSCP,2016-04-28,20.739999771118164,20.780000686645508,20.738000869750977,20.780000686645508,5900,15.555798530578613,0.0
BSCP,2016-04-29,20.749000549316406,20.81999969482422,20.738000869750977,20.799999237060547,29300,15.570768356323242,0.0
BSCP,2016-05-02,20.790000915527344,20.809999465942383,20.700000762939453,20.809999465942383,20300,15.605269432067871,0.036
BSCP,2016-05-03,20.82699966430664,20.829999923706055,20.825000762939453,20.825000762939453,4100,15.616514205932617,0.0
BSCP,2016-05-04,20.780000686645508,20.81999969482422,20.714000701904297,20.81999969482422,9600,15.61276626586914,0.0
BSCP,2016-05-05,20.790000915527344,20.850000381469727,20.790000915527344,20.850000381469727,7600,15.635261535644531,0.0
BSCP,2016-05-06,20.790000915527344,20.81999969482422,20.790000915527344,20.81100082397461,7800,15.6060209274292,0.0
BSCP,2016-05-09,20.81999969482422,20.84000015258789,20.790000915527344,20.80500030517578,19000,15.601519584655762,0.0
BSCP,2016-05-10,20.799999237060547,20.84000015258789,20.75,20.774999618530273,15500,15.57902717590332,0.0
BSCP,2016-05-11,20.799999237060547,21.149999618530273,20.790000915527344,20.860000610351562,6400,15.64276123046875,0.0
BSCP,2016-05-12,20.839000701904297,20.839000701904297,20.770000457763672,20.780000686645508,12800,15.582776069641113,0.0
BSCP,2016-05-13,20.809999465942383,20.839000701904297,20.75,20.839000701904297,1200,15.627008438110352,0.0
BSCP,2016-05-16,20.82900047302246,20.829999923706055,20.75,20.77899932861328,16400,15.582025527954102,0.0
BSCP,2016-05-17,20.739999771118164,20.809999465942383,20.729999542236328,20.729999542236328,9100,15.545273780822754,0.0
BSCP,2016-05-18,20.729999542236328,20.729999542236328,20.597999572753906,20.597999572753906,5600,15.446290016174316,0.0
BSCP,2016-05-19,20.59000015258789,20.6299991607666,20.527000427246094,20.610000610351562,10200,15.455279350280762,0.0
BSCP,2016-05-20,20.649999618530273,20.65999984741211,20.639999389648438,20.649999618530273,6300,15.485285758972168,0.0
BSCP,2016-05-23,20.659000396728516,20.670000076293945,20.59000015258789,20.670000076293945,4800,15.500275611877441,0.0
BSCP,2016-05-24,20.62299919128418,20.635000228881836,20.600000381469727,20.6299991607666,3500,15.470284461975098,0.0
BSCP,2016-05-25,20.673999786376953,20.690000534057617,20.59000015258789,20.624000549316406,4600,15.465792655944824,0.0
BSCP,2016-05-26,20.729000091552734,20.75,20.6200008392334,20.673999786376953,5100,15.503283500671387,0.0
BSCP,2016-05-27,20.71500015258789,20.757999420166016,20.6299991607666,20.700000762939453,19000,15.522783279418945,0.0
BSCP,2016-05-31,20.700000762939453,20.709999084472656,20.600000381469727,20.709999084472656,59600,15.530277252197266,0.0
BSCP,2016-06-01,20.709999084472656,20.709999084472656,20.639999389648438,20.639999389648438,2100,15.513737678527832,0.048
BSCP,2016-06-02,20.729999542236328,20.729999542236328,20.67300033569336,20.67300033569336,3900,15.53854751586914,0.0
BSCP,2016-06-03,20.860000610351562,20.8700008392334,20.81599998474121,20.8700008392334,11900,15.686614990234375,0.0
BSCP,2016-06-06,20.84000015258789,20.847999572753906,20.75,20.847999572753906,3700,15.67007827758789,0.0
BSCP,2016-06-07,20.909000396728516,20.90999984741211,20.809999465942383,20.871000289916992,6800,15.687374114990234,0.0
BSCP,2016-06-08,20.899999618530273,20.90999984741211,20.809999465942383,20.899999618530273,8400,15.709165573120117,0.0
BSCP,2016-06-09,20.940000534057617,20.969999313354492,20.881999969482422,20.920000076293945,11100,15.724211692810059,0.0
BSCP,2016-06-10,20.959999084472656,21.010000228881836,20.94700050354004,20.972999572753906,10500,15.76403522491455,0.0
BSCP,2016-06-13,20.979999542236328,20.979999542236328,20.940000534057617,20.959999084472656,10300,15.754261016845703,0.0
BSCP,2016-06-14,20.959999084472656,20.959999084472656,20.89699935913086,20.899999618530273,7300,15.709165573120117,0.0
BSCP,2016-06-15,20.95800018310547,20.979999542236328,20.920000076293945,20.969999313354492,2100,15.761791229248047,0.0
BSCP,2016-06-16,20.969999313354492,20.969999313354492,20.920000076293945,20.920000076293945,6800,15.724211692810059,0.0
BSCP,2016-06-17,20.950000762939453,20.950000762939453,20.889999389648438,20.90999984741211,6000,15.716682434082031,0.0
BSCP,2016-06-20,20.8700008392334,20.8700008392334,20.804000854492188,20.860000610351562,8100,15.67910385131836,0.0
BSCP,2016-06-21,20.850000381469727,20.8700008392334,20.829999923706055,20.829999923706055,10900,15.656558990478516,0.0
BSCP,2016-06-22,20.857999801635742,20.857999801635742,20.829999923706055,20.829999923706055,2200,15.656558990478516,0.0
BSCP,2016-06-23,20.889999389648438,20.889999389648438,20.8799991607666,20.8799991607666,3000,15.694127082824707,0.0
BSCP,2016-06-24,20.920000076293945,21.139999389648438,20.920000076293945,21.020000457763672,36700,15.799347877502441,0.0
BSCP,2016-06-27,21.110000610351562,21.1200008392334,21.02899932861328,21.100000381469727,9000,15.859491348266602,0.0
BSCP,2016-06-28,21.143999099731445,21.200000762939453,21.143999099731445,21.200000762939453,2000,15.934653282165527,0.0
BSCP,2016-06-29,21.190000534057617,21.209999084472656,21.1200008392334,21.15999984741211,15000,15.904596328735352,0.0
BSCP,2016-06-30,21.170000076293945,21.25,21.15999984741211,21.18899917602539,8000,15.926386833190918,0.0
BSCP,2016-07-01,21.229000091552734,21.23900032043457,21.18199920654297,21.23900032043457,5300,16.00324249267578,0.052
BSCP,2016-07-05,21.249000549316406,21.280000686645508,21.243999481201172,21.280000686645508,3400,16.034130096435547,0.0
BSCP,2016-07-06,21.350000381469727,21.3799991607666,21.280000686645508,21.280000686645508,12900,16.034130096435547,0.0
BSCP,2016-07-07,21.299999237060547,21.34000015258789,21.27400016784668,21.34000015258789,13600,16.079347610473633,0.0
BSCP,2016-07-08,21.34000015258789,21.790000915527344,21.322999954223633,21.350000381469727,9900,16.086875915527344,0.0
BSCP,2016-07-11,21.389999389648438,21.40999984741211,21.31999969482422,21.350000381469727,7500,16.086875915527344,0.0
BSCP,2016-07-12,21.309999465942383,21.309999465942383,21.235000610351562,21.2450008392334,6000,16.007762908935547,0.0
BSCP,2016-07-13,21.309999465942383,21.350000381469727,21.25,21.34000015258789,9700,16.079347610473633,0.0
BSCP,2016-07-14,21.280000686645508,21.299999237060547,21.268999099731445,21.299999237060547,6200,16.04920768737793,0.0
BSCP,2016-07-15,21.22100067138672,21.229999542236328,21.16200065612793,21.18000030517578,10000,15.958789825439453,0.0
BSCP,2016-07-18,21.229999542236328,21.270000457763672,21.180999755859375,21.239999771118164,6600,16.00400161743164,0.0
BSCP,2016-07-19,21.260000228881836,21.268999099731445,21.149999618530273,21.268999099731445,10200,16.025848388671875,0.0
BSCP,2016-07-20,21.239999771118164,21.264999389648438,21.219999313354492,21.260000228881836,4800,16.019071578979492,0.0
BSCP,2016-07-21,21.219999313354492,21.309999465942383,21.219999313354492,21.309999465942383,3500,16.056743621826172,0.0
BSCP,2016-07-22,21.280000686645508,21.34000015258789,21.280000686645508,21.309999465942383,13900,16.056743621826172,0.0
BSCP,2016-07-25,21.299999237060547,21.309999465942383,21.260000228881836,21.270000457763672,1900,16.026601791381836,0.0
BSCP,2016-07-26,21.270000457763672,21.280000686645508,21.190000534057617,21.280000686645508,12200,16.034130096435547,0.0
BSCP,2016-07-27,21.299999237060547,21.329999923706055,21.274999618530273,21.32900047302246,12500,16.071063995361328,0.0
BSCP,2016-07-28,21.280000686645508,21.329999923706055,21.280000686645508,21.31999969482422,27100,16.06427764892578,0.0
BSCP,2016-07-29,21.34000015258789,21.389999389648438,21.34000015258789,21.389999389648438,6400,16.11701774597168,0.0
BSCP,2016-08-01,21.270000457763672,21.299999237060547,21.209999084472656,21.25,15000,16.049055099487305,0.05
BSCP,2016-08-02,21.170000076293945,21.18000030517578,21.128000259399414,21.128000259399414,3800,15.95691204071045,0.0
BSCP,2016-08-03,21.149999618530273,21.200000762939453,21.121000289916992,21.200000762939453,3200,16.011281967163086,0.0
BSCP,2016-08-04,21.260000228881836,21.309999465942383,21.260000228881836,21.270999908447266,4800,16.064912796020508,0.0
BSCP,2016-08-05,21.229999542236328,21.229999542236328,21.15999984741211,21.18000030517578,16700,15.996182441711426,0.0
BSCP,2016-08-08,21.149999618530273,21.190000534057617,21.149999618530273,21.18000030517578,2500,15.996182441711426,0.0
BSCP,2016-08-09,21.219999313354492,21.270000457763672,21.219999313354492,21.260000228881836,9800,16.056598663330078,0.0
BSCP,2016-08-10,21.253999710083008,21.309999465942383,21.229999542236328,21.309999465942383,5400,16.0943603515625,0.0
BSCP,2016-08-11,21.264999389648438,21.31999969482422,21.229999542236328,21.229999542236328,4900,16.033946990966797,0.0
BSCP,2016-08-12,21.31999969482422,21.34000015258789,21.270000457763672,21.270000457763672,10800,16.064151763916016,0.0
BSCP,2016-08-15,21.309999465942383,21.329999923706055,21.280000686645508,21.290000915527344,2800,16.07925796508789,0.0
BSCP,2016-08-16,21.290000915527344,21.290000915527344,21.249000549316406,21.249000549316406,3300,16.048295974731445,0.0
BSCP,2016-08-17,21.270000457763672,21.290000915527344,21.209999084472656,21.277999877929688,14600,16.070192337036133,0.0
BSCP,2016-08-18,21.280000686645508,21.3700008392334,21.280000686645508,21.360000610351562,11500,16.132122039794922,0.0
BSCP,2016-08-19,21.290000915527344,21.290000915527344,21.256000518798828,21.270000457763672,6700,16.064151763916016,0.0
BSCP,2016-08-22,21.290000915527344,21.360000610351562,21.290000915527344,21.350000381469727,13800,16.124568939208984,0.0
BSCP,2016-08-23,21.3700008392334,21.3700008392334,21.360000610351562,21.360000610351562,1700,16.132122039794922,0.0
BSCP,2016-08-24,21.308000564575195,21.3700008392334,21.308000564575195,21.339000701904297,15900,16.116262435913086,0.0
BSCP,2016-08-25,21.34000015258789,21.364999771118164,21.309999465942383,21.34000015258789,29900,16.117019653320312,0.0
BSCP,2016-08-26,21.34000015258789,21.40999984741211,21.250999450683594,21.280000686645508,7700,16.071704864501953,0.0
BSCP,2016-08-29,21.298999786376953,21.3700008392334,21.295000076293945,21.360000610351562,45700,16.132122039794922,0.0
BSCP,2016-08-30,21.350000381469727,21.350000381469727,21.334999084472656,21.334999084472656,18600,16.11324119567871,0.0
BSCP,2016-08-31,21.334999084472656,21.334999084472656,21.329999923706055,21.329999923706055,1200,16.109474182128906,0.0
BSCP,2016-09-01,21.209999084472656,21.309999465942383,21.209999084472656,21.280000686645508,5600,16.105680465698242,0.045
BSCP,2016-09-02,21.257999420166016,21.260000228881836,21.197999954223633,21.25,13800,16.082983016967773,0.0
BSCP,2016-09-06,21.299999237060547,21.34000015258789,21.292999267578125,21.332000732421875,22000,16.14504623413086,0.0
BSCP,2016-09-07,21.333999633789062,21.350000381469727,21.299999237060547,21.33300018310547,29900,16.145803451538086,0.0
BSCP,2016-09-08,21.280000686645508,21.290000915527344,21.190000534057617,21.195999145507812,6700,16.0421142578125,0.0
BSCP,2016-09-09,21.09000015258789,21.09000015258789,21.02199935913086,21.02899932861328,11000,15.915714263916016,0.0
BSCP,2016-09-12,21.049999237060547,21.100000381469727,21.010000228881836,21.09000015258789,6000,15.961882591247559,0.0
BSCP,2016-09-13,21.059999465942383,21.059999465942383,20.937000274658203,20.969999313354492,8100,15.871061325073242,0.0
BSCP,2016-09-14,21.020000457763672,21.040000915527344,20.983999252319336,21.024999618530273,11500,15.91269588470459,0.0
BSCP,2016-09-15,21.030000686645508,21.09000015258789,21.020000457763672,21.06999969482422,15900,15.946733474731445,0.0
BSCP,2016-09-16,21.049999237060547,21.049999237060547,21.0049991607666,21.020000457763672,6700,15.908905029296875,0.0
BSCP,2016-09-19,21.059999465942383,21.059999465942383,21.01300048828125,21.040000915527344,8200,15.924042701721191,0.0
BSCP,2016-09-20,21.06999969482422,21.100000381469727,21.049999237060547,21.100000381469727,2000,15.969454765319824,0.0
BSCP,2016-09-21,21.049999237060547,21.110000610351562,21.034000396728516,21.110000610351562,12600,15.977031707763672,0.0
BSCP,2016-09-22,21.149999618530273,21.18000030517578,21.145999908447266,21.170000076293945,11300,16.022424697875977,0.0
BSCP,2016-09-23,21.198999404907227,21.215999603271484,21.18199920654297,21.19499969482422,7300,16.04135513305664,0.0
BSCP,2016-09-26,21.239999771118164,21.280000686645508,21.229999542236328,21.260000228881836,4800,16.090545654296875,0.0
BSCP,2016-09-27,21.25,21.270000457763672,21.239999771118164,21.270000457763672,2600,16.09811782836914,0.0
BSCP,2016-09-28,21.280000686645508,21.309999465942383,21.270000457763672,21.299999237060547,9800,16.12082862854004,0.0
BSCP,2016-09-29,21.25,21.280000686645508,21.239999771118164,21.270000457763672,30700,16.09811782836914,0.0
BSCP,2016-09-30,21.299999237060547,21.309999465942383,21.229999542236328,21.260000228881836,23100,16.090545654296875,0.0
BSCP,2016-10-03,21.190000534057617,21.190000534057617,21.1299991607666,21.15999984741211,16500,16.0526180267334,0.05
BSCP,2016-10-04,21.139999389648438,21.149999618530273,21.06100082397461,21.09000015258789,11000,15.99951457977295,0.0
BSCP,2016-10-05,21.09000015258789,21.093000411987305,21.040000915527344,21.062999725341797,12900,15.979022026062012,0.0
BSCP,2016-10-06,21.079999923706055,21.1200008392334,21.020000457763672,21.020000457763672,18800,15.946410179138184,0.0
BSCP,2016-10-07,21.079999923706055,21.079999923706055,21.01799964904785,21.06999969482422,6200,15.984334945678711,0.0
BSCP,2016-10-10,21.049999237060547,21.079999923706055,21.027999877929688,21.079999923706055,9500,15.991926193237305,0.0
BSCP,2016-10-11,21.059999465942383,21.06999969482422,21.01799964904785,21.02400016784668,3600,15.949440956115723,0.0
BSCP,2016-10-12,21.059999465942383,21.06999969482422,21.049999237060547,21.065000534057617,10300,15.98055648803711,0.0
BSCP,2016-10-13,21.100000381469727,21.128999710083008,21.059999465942383,21.1200008392334,20000,16.022274017333984,0.0
BSCP,2016-10-14,21.049999237060547,21.118999481201172,21.030000686645508,21.030000686645508,3000,15.95400333404541,0.0
BSCP,2016-10-17,21.09000015258789,21.110000610351562,21.07200050354004,21.100000381469727,9000,16.007089614868164,0.0
BSCP,2016-10-18,21.110000610351562,21.170000076293945,21.100000381469727,21.128999710083008,26600,16.02910614013672,0.0
BSCP,2016-10-19,21.14299964904785,21.190000534057617,21.128000259399414,21.13599967956543,139800,16.034406661987305,0.0
BSCP,2016-10-20,21.18000030517578,21.18000030517578,21.1200008392334,21.128999710083008,24200,16.02910614013672,0.0
BSCP,2016-10-21,21.15999984741211,21.190000534057617,21.141000747680664,21.18000030517578,18600,16.06779670715332,0.0
BSCP,2016-10-24,21.139999389648438,21.139999389648438,21.100000381469727,21.107999801635742,6900,16.01317024230957,0.0
BSCP,2016-10-25,21.149999618530273,21.149999618530273,21.100000381469727,21.1299991607666,18300,16.02985191345215,0.0
BSCP,2016-10-26,21.079999923706055,21.100000381469727,21.05900001525879,21.06999969482422,13400,15.984334945678711,0.0
BSCP,2016-10-27,21.010000228881836,21.010000228881836,20.958999633789062,20.981000900268555,20400,15.916813850402832,0.0
BSCP,2016-10-28,20.98900032043457,20.98900032043457,20.95599937438965,20.968000411987305,2200,15.906950950622559,0.0
BSCP,2016-10-31,21.020000457763672,21.020000457763672,20.979999542236328,20.979999542236328,11900,15.916064262390137,0.0
BSCP,2016-11-01,20.8700008392334,20.940000534057617,20.8700008392334,20.940000534057617,7100,15.919098854064941,0.044
BSCP,2016-11-02,20.940000534057617,22.149999618530273,20.899999618530273,20.899999618530273,54600,15.888700485229492,0.0
BSCP,2016-11-03,20.93400001525879,20.93400001525879,20.86400032043457,20.86400032043457,7800,15.86132526397705,0.0
BSCP,2016-11-04,20.957000732421875,20.989999771118164,20.920000076293945,20.920000076293945,9800,15.903904914855957,0.0
BSCP,2016-11-07,20.940000534057617,20.940000534057617,20.8799991607666,20.934999465942383,6900,15.915303230285645,0.0
BSCP,2016-11-08,20.93000030517578,20.93000030517578,20.833999633789062,20.856000900268555,17600,15.855243682861328,0.0
BSCP,2016-11-09,20.75,20.76300048828125,20.6299991607666,20.6299991607666,27700,15.683428764343262,0.0
BSCP,2016-11-10,20.610000610351562,20.639999389648438,20.499000549316406,20.507999420166016,14700,15.590683937072754,0.0
BSCP,2016-11-11,20.545000076293945,20.549999237060547,20.426000595092773,20.510000228881836,8400,15.592207908630371,0.0
BSCP,2016-11-14,20.360000610351562,20.75,20.33099937438965,20.35099983215332,10900,15.47132396697998,0.0
BSCP,2016-11-15,20.5,20.690000534057617,20.389999389648438,20.49799919128418,6200,15.583086013793945,0.0
BSCP,2016-11-16,20.360000610351562,20.780000686645508,20.360000610351562,20.399999618530273,12500,15.508581161499023,0.0
BSCP,2016-11-17,20.393999099731445,20.420000076293945,20.327999114990234,20.329999923706055,16900,15.455362319946289,0.0
BSCP,2016-11-18,20.260000228881836,20.350000381469727,20.191999435424805,20.222000122070312,14900,15.373263359069824,0.0
BSCP,2016-11-21,20.26300048828125,20.280000686645508,20.200000762939453,20.260000228881836,22400,15.402140617370605,0.0
BSCP,2016-11-22,20.309999465942383,20.309999465942383,20.236000061035156,20.290000915527344,9300,15.424958229064941,0.0
BSCP,2016-11-23,20.187999725341797,20.239999771118164,20.139999389648438,20.229999542236328,30600,15.379345893859863,0.0
BSCP,2016-11-25,20.239999771118164,20.25,20.209999084472656,20.209999084472656,2900,15.364142417907715,0.0
BSCP,2016-11-28,20.288999557495117,20.31999969482422,20.219999313354492,20.299999237060547,23100,15.432558059692383,0.0
BSCP,2016-11-29,20.270000457763672,20.329999923706055,20.25,20.309999465942383,13100,15.440162658691406,0.0
BSCP,2016-11-30,20.15999984741211,20.270000457763672,20.15999984741211,20.229999542236328,12300,15.379345893859863,0.0
BSCP,2016-12-01,20.10099983215332,20.139999389648438,20.04599952697754,20.139999389648438,18000,15.350375175476074,0.052
BSCP,2016-12-02,20.200000762939453,20.219999313354492,20.110000610351562,20.200000762939453,21000,15.396119117736816,0.0
BSCP,2016-12-05,20.170000076293945,20.239999771118164,20.1200008392334,20.209999084472656,24200,15.40373420715332,0.0
BSCP,2016-12-06,20.25,20.25,20.15999984741211,20.170000076293945,54100,15.37324333190918,0.0
BSCP,2016-12-07,20.23200035095215,20.329999923706055,20.211999893188477,20.280000686645508,14500,15.4570951461792,0.0
BSCP,2016-12-08,20.25,20.270000457763672,20.219999313354492,20.239999771118164,254400,15.426602363586426,0.0
BSCP,2016-12-09,20.270000457763672,20.280000686645508,20.079999923706055,20.200000762939453,76600,15.396119117736816,0.0
BSCP,2016-12-12,20.15999984741211,20.170000076293945,20.100000381469727,20.170000076293945,13800,15.37324333190918,0.0
BSCP,2016-12-13,20.110000610351562,20.209999084472656,20.079999923706055,20.18000030517578,14200,15.38086986541748,0.0
BSCP,2016-12-14,20.23900032043457,20.25,20.0,20.010000228881836,22200,15.251293182373047,0.0
BSCP,2016-12-15,20.020999908447266,20.040000915527344,19.93000030517578,19.950000762939453,140800,15.205562591552734,0.0
BSCP,2016-12-16,20.020000457763672,20.099000930786133,20.0049991607666,20.027999877929688,15500,15.265020370483398,0.0
BSCP,2016-12-19,20.040000915527344,20.108999252319336,20.010000228881836,20.059999465942383,12000,15.28940486907959,0.0
BSCP,2016-12-20,19.969999313354492,20.06999969482422,19.969999313354492,20.010000228881836,8400,15.251293182373047,0.0
BSCP,2016-12-21,20.06999969482422,20.110000610351562,20.049999237060547,20.100000381469727,16300,15.319887161254883,0.0
BSCP,2016-12-22,20.075000762939453,20.113000869750977,20.030000686645508,20.059999465942383,3100,15.28940486907959,0.0
BSCP,2016-12-23,20.139999389648438,20.139999389648438,20.06999969482422,20.10300064086914,3400,15.322184562683105,0.0
BSCP,2016-12-27,20.020000457763672,20.1200008392334,20.020000457763672,20.079999923706055,20400,15.304655075073242,0.0
BSCP,2016-12-28,20.030000686645508,20.059999465942383,19.959999084472656,20.040000915527344,5400,15.36214828491211,0.115
BSCP,2016-12-29,20.139999389648438,20.139999389648438,20.09000015258789,20.101999282836914,11100,15.409671783447266,0.0
BSCP,2016-12-30,20.100000381469727,20.190000534057617,20.100000381469727,20.15999984741211,6300,15.454129219055176,0.0
BSCP,2017-01-03,20.139999389648438,20.209999084472656,20.101999282836914,20.200000762939453,29100,15.484794616699219,0.0
BSCP,2017-01-04,20.190000534057617,20.209999084472656,20.139999389648438,20.183000564575195,40000,15.471769332885742,0.0
BSCP,2017-01-05,20.19300079345703,20.290000915527344,20.180999755859375,20.274999618530273,25900,15.542285919189453,0.0
BSCP,2017-01-06,20.239999771118164,20.250999450683594,20.209999084472656,20.229999542236328,22000,15.507789611816406,0.0
BSCP,2017-01-09,20.280000686645508,20.280000686645508,20.216999053955078,20.239999771118164,2600,15.515460014343262,0.0
BSCP,2017-01-10,20.288999557495117,20.290000915527344,20.229999542236328,20.270000457763672,6300,15.538453102111816,0.0
BSCP,2017-01-11,20.235000610351562,20.290000915527344,20.235000610351562,20.290000915527344,9400,15.553784370422363,0.0
BSCP,2017-01-12,20.34000015258789,20.360000610351562,20.280000686645508,20.309999465942383,8200,15.569122314453125,0.0
BSCP,2017-01-13,20.25,20.25,20.204999923706055,20.239999771118164,15800,15.515460014343262,0.0
BSCP,2017-01-17,20.329999923706055,20.360000610351562,20.295000076293945,20.31999969482422,41600,15.576784133911133,0.0
BSCP,2017-01-18,20.290000915527344,20.299999237060547,20.139999389648438,20.139999389648438,12400,15.438802719116211,0.0
BSCP,2017-01-19,20.15999984741211,20.610000610351562,20.1200008392334,20.190000534057617,32300,15.477126121520996,0.0
BSCP,2017-01-20,20.1299991607666,20.18600082397461,20.110000610351562,20.1200008392334,23200,15.423467636108398,0.0
BSCP,2017-01-23,20.16699981689453,20.280000686645508,20.160999298095703,20.18000030517578,8000,15.469456672668457,0.0
BSCP,2017-01-24,20.219999313354492,20.219999313354492,20.100000381469727,20.110000610351562,7400,15.415804862976074,0.0
BSCP,2017-01-25,20.229999542236328,20.229999542236328,20.049999237060547,20.09000015258789,7700,15.400480270385742,0.0
BSCP,2017-01-26,20.049999237060547,20.149999618530273,20.049999237060547,20.149999618530273,10800,15.446466445922852,0.0
BSCP,2017-01-27,20.15999984741211,20.170000076293945,20.1200008392334,20.170000076293945,15000,15.461796760559082,0.0
BSCP,2017-01-30,20.170000076293945,20.200000762939453,20.170000076293945,20.170000076293945,9900,15.461796760559082,0.0
BSCP,2017-01-31,20.139999389648438,20.229999542236328,20.139999389648438,20.21500015258789,35200,15.496307373046875,0.0
BSCP,2017-02-01,20.110000610351562,20.15999984741211,20.06999969482422,20.125,22600,15.471687316894531,0.058
BSCP,2017-02-02,20.155000686645508,20.155000686645508,20.079999923706055,20.132999420166016,36400,15.477832794189453,0.0
BSCP,2017-02-03,20.18000030517578,20.20599937438965,20.079999923706055,20.110000610351562,68900,15.460164070129395,0.0
BSCP,2017-02-06,20.170000076293945,20.229999542236328,20.156999588012695,20.229999542236328,8000,15.552413940429688,0.0
BSCP,2017-02-07,20.25,20.288999557495117,20.233999252319336,20.260000228881836,7700,15.575474739074707,0.0
BSCP,2017-02-08,20.30500030517578,20.32200050354004,20.270000457763672,20.295000076293945,9600,15.602380752563477,0.0
BSCP,2017-02-09,20.239999771118164,20.270000457763672,20.209999084472656,20.225000381469727,16000,15.54857063293457,0.0
BSCP,2017-02-10,20.200000762939453,20.229999542236328,20.15999984741211,20.219999313354492,27900,15.544715881347656,0.0
BSCP,2017-02-13,20.200000762939453,20.219999313354492,20.15999984741211,20.190000534057617,19400,15.521662712097168,0.0
BSCP,2017-02-14,20.183000564575195,20.190000534057617,20.06999969482422,20.149999618530273,21700,15.49091625213623,0.0
BSCP,2017-02-15,20.124000549316406,20.145000457763672,20.079999923706055,20.1200008392334,27400,15.467845916748047,0.0
BSCP,2017-02-16,20.239999771118164,20.239999771118164,20.204999923706055,20.209999084472656,4800,15.537042617797852,0.0
BSCP,2017-02-17,20.2549991607666,20.270000457763672,20.232999801635742,20.25200080871582,30100,15.569332122802734,0.0
BSCP,2017-02-21,20.239999771118164,20.290000915527344,20.18000030517578,20.260000228881836,34900,15.575474739074707,0.0
BSCP,2017-02-22,20.260000228881836,20.290000915527344,20.209999084472656,20.290000915527344,6900,15.598540306091309,0.0
BSCP,2017-02-23,20.31999969482422,20.350000381469727,20.290000915527344,20.329999923706055,23800,15.629292488098145,0.0
BSCP,2017-02-24,20.399999618530273,20.440000534057617,20.360000610351562,20.43000030517578,17400,15.706170082092285,0.0
BSCP,2017-02-27,20.420000076293945,20.420000076293945,20.34000015258789,20.3700008392334,7400,15.66003704071045,0.0
BSCP,2017-02-28,20.399999618530273,20.43000030517578,20.385000228881836,20.389999389648438,12700,15.675407409667969,0.0
BSCP,2017-03-01,20.25,20.26099967956543,20.190000534057617,20.200000762939453,110000,15.559123039245605,0.039
BSCP,2017-03-02,20.20400047302246,20.219999313354492,20.139999389648438,20.219999313354492,27200,15.574505805969238,0.0
BSCP,2017-03-03,20.219999313354492,20.219999313354492,20.139999389648438,20.204999923706055,26500,15.562959671020508,0.0
BSCP,2017-03-06,20.197999954223633,20.209999084472656,20.139999389648438,20.18000030517578,5800,15.543707847595215,0.0
BSCP,2017-03-07,20.139999389648438,20.176000595092773,20.110000610351562,20.110000610351562,9700,15.489791870117188,0.0
BSCP,2017-03-08,20.07900047302246,20.100000381469727,20.06599998474121,20.090999603271484,8300,15.475160598754883,0.0
BSCP,2017-03-09,20.049999237060547,20.049999237060547,19.969999313354492,20.010000228881836,27500,15.412758827209473,0.0
BSCP,2017-03-10,20.049999237060547,20.049999237060547,20.0,20.040000915527344,5600,15.43586254119873,0.0
BSCP,2017-03-13,20.0,20.020000457763672,19.979999542236328,20.0,5000,15.405055046081543,0.0
BSCP,2017-03-14,20.0,20.020000457763672,19.959999084472656,19.989999771118164,12100,15.397356986999512,0.0
BSCP,2017-03-15,20.030000686645508,20.15999984741211,20.003999710083008,20.145000457763672,111900,15.516755104064941,0.0
BSCP,2017-03-16,20.100000381469727,20.1200008392334,20.049999237060547,20.06999969482422,71400,15.458974838256836,0.0
BSCP,2017-03-17,20.15999984741211,20.18000030517578,20.139999389648438,20.170000076293945,17800,15.536009788513184,0.0
BSCP,2017-03-20,20.136999130249023,20.200000762939453,20.136999130249023,20.190000534057617,5000,15.551410675048828,0.0
BSCP,2017-03-21,20.200000762939453,20.239999771118164,20.18000030517578,20.236000061035156,23200,15.586844444274902,0.0
BSCP,2017-03-22,20.270000457763672,20.290000915527344,20.24799919128418,20.270000457763672,28300,15.613021850585938,0.0
BSCP,2017-03-23,20.229999542236328,20.260000228881836,20.22599983215332,20.240999221801758,26900,15.590694427490234,0.0
BSCP,2017-03-24,20.229999542236328,20.290000915527344,20.229999542236328,20.270000457763672,29800,15.613021850585938,0.0
BSCP,2017-03-27,20.34000015258789,20.34000015258789,20.309999465942383,20.34000015258789,15000,15.666948318481445,0.0
BSCP,2017-03-28,20.329999923706055,20.329999923706055,20.239999771118164,20.270000457763672,11900,15.613021850585938,0.0
BSCP,2017-03-29,20.31999969482422,20.34000015258789,20.316999435424805,20.316999435424805,6700,15.649232864379883,0.0
BSCP,2017-03-30,20.31999969482422,20.31999969482422,20.290000915527344,20.290000915527344,6200,15.628433227539062,0.0
BSCP,2017-03-31,20.30699920654297,20.329999923706055,20.280000686645508,20.31999969482422,3900,15.651540756225586,0.0
BSCP,2017-04-03,20.270000457763672,20.360000610351562,20.270000457763672,20.360000610351562,23500,15.721808433532715,0.051
BSCP,2017-04-04,20.350000381469727,20.350000381469727,20.309999465942383,20.34000015258789,14700,15.706361770629883,0.0
BSCP,2017-04-05,20.31999969482422,20.389999389648438,20.299999237060547,20.3799991607666,87500,15.737252235412598,0.0
BSCP,2017-04-06,20.34000015258789,20.34000015258789,20.299999237060547,20.34000015258789,22800,15.706361770629883,0.0
BSCP,2017-04-07,20.399999618530273,20.399999618530273,20.29599952697754,20.309999465942383,9400,15.683201789855957,0.0
BSCP,2017-04-10,20.292999267578125,20.354999542236328,20.292999267578125,20.34000015258789,7700,15.706361770629883,0.0
BSCP,2017-04-11,20.385000228881836,20.440000534057617,20.385000228881836,20.440000534057617,42600,15.783589363098145,0.0
BSCP,2017-04-12,20.420000076293945,20.479999542236328,20.420000076293945,20.479999542236328,26700,15.81446647644043,0.0
BSCP,2017-04-13,20.5,20.514999389648438,20.459999084472656,20.496999740600586,15200,15.827592849731445,0.0
BSCP,2017-04-17,20.527000427246094,20.549999237060547,20.482999801635742,20.5,15700,15.829925537109375,0.0
BSCP,2017-04-18,20.525999069213867,20.600000381469727,20.520000457763672,20.600000381469727,18500,15.907147407531738,0.0
BSCP,2017-04-19,20.530000686645508,20.559999465942383,20.520000457763672,20.549999237060547,15300,15.868526458740234,0.0
BSCP,2017-04-20,20.47800064086914,20.520000457763672,20.469999313354492,20.510000228881836,23500,15.837644577026367,0.0
BSCP,2017-04-21,20.510000228881836,20.549999237060547,20.5,20.510000228881836,18100,15.837644577026367,0.0
BSCP,2017-04-24,20.475000381469727,20.514999389648438,20.461999893188477,20.510000228881836,17600,15.837644577026367,0.0
BSCP,2017-04-25,20.450000762939453,20.469999313354492,20.434999465942383,20.434999465942383,2800,15.779719352722168,0.0
BSCP,2017-04-26,20.43600082397461,20.469999313354492,20.43000030517578,20.459999084472656,15300,15.799038887023926,0.0
BSCP,2017-04-27,20.454999923706055,20.520000457763672,20.454999923706055,20.479999542236328,8200,15.81446647644043,0.0
BSCP,2017-04-28,20.459999084472656,20.520000457763672,20.459999084472656,20.520000457763672,4900,15.845359802246094,0.0
BSCP,2017-05-01,20.43000030517578,20.5,20.420000076293945,20.440000534057617,16800,15.817499160766602,0.044
BSCP,2017-05-02,20.399999618530273,20.489999771118164,20.399999618530273,20.489999771118164,14300,15.85619831085205,0.0
BSCP,2017-05-03,20.489999771118164,20.489999771118164,20.440000534057617,20.454999923706055,24900,15.829115867614746,0.0
BSCP,2017-05-04,20.384000778198242,20.405000686645508,20.3700008392334,20.391000747680664,10500,15.779590606689453,0.0
BSCP,2017-05-05,20.399999618530273,20.420000076293945,20.375,20.420000076293945,12900,15.802023887634277,0.0
BSCP,2017-05-08,20.3700008392334,20.39900016784668,20.3700008392334,20.3799991607666,8300,15.771062850952148,0.0
BSCP,2017-05-09,20.360000610351562,20.3700008392334,20.34000015258789,20.3700008392334,18000,15.763325691223145,0.0
BSCP,2017-05-10,20.420000076293945,20.420000076293945,20.3700008392334,20.3700008392334,29000,15.763325691223145,0.0
BSCP,2017-05-11,20.360000610351562,20.40999984741211,20.360000610351562,20.399999618530273,16800,15.786540985107422,0.0
BSCP,2017-05-12,20.440000534057617,20.510000228881836,20.440000534057617,20.510000228881836,5900,15.871671676635742,0.0
BSCP,2017-05-15,20.510000228881836,20.510000228881836,20.479999542236328,20.5,12300,15.863943099975586,0.0
BSCP,2017-05-16,20.530000686645508,20.549999237060547,20.520000457763672,20.530000686645508,7900,15.887152671813965,0.0
BSCP,2017-05-17,20.59000015258789,20.68000030517578,20.59000015258789,20.670000076293945,39000,15.995490074157715,0.0
BSCP,2017-05-18,20.65999984741211,20.68000030517578,20.59000015258789,20.649999618530273,18100,15.98001480102539,0.0
BSCP,2017-05-19,20.59000015258789,20.649999618530273,20.59000015258789,20.649999618530273,12900,15.98001480102539,0.0
BSCP,2017-05-22,20.6200008392334,20.65999984741211,20.6200008392334,20.649999618530273,6900,15.98001480102539,0.0
BSCP,2017-05-23,20.658000946044922,20.670000076293945,20.597000122070312,20.600000381469727,10300,15.941337585449219,0.0
BSCP,2017-05-24,20.559999465942383,20.625,20.559999465942383,20.6200008392334,6800,15.95678997039795,0.0
BSCP,2017-05-25,20.6200008392334,20.639999389648438,20.600000381469727,20.635000228881836,9700,15.968406677246094,0.0
BSCP,2017-05-26,20.649999618530273,20.649999618530273,20.6200008392334,20.649999618530273,14900,15.98001480102539,0.0
BSCP,2017-05-30,20.655000686645508,20.709999084472656,20.655000686645508,20.709999084472656,14700,16.026437759399414,0.0
BSCP,2017-05-31,20.690000534057617,20.719999313354492,20.690000534057617,20.709999084472656,18800,16.026437759399414,0.0
BSCP,2017-06-01,20.600000381469727,20.649999618530273,20.600000381469727,20.649999618530273,22600,16.023344039916992,0.056
BSCP,2017-06-02,20.709999084472656,20.739999771118164,20.670000076293945,20.729999542236328,24300,16.085418701171875,0.0
BSCP,2017-06-05,20.709999084472656,20.709999084472656,20.65999984741211,20.700000762939453,11600,16.062131881713867,0.0
BSCP,2017-06-06,20.75,20.760000228881836,20.719999313354492,20.75,12200,16.10093879699707,0.0
BSCP,2017-06-07,20.739999771118164,20.739999771118164,20.68000030517578,20.718000411987305,14600,16.076091766357422,0.0
BSCP,2017-06-08,20.690000534057617,20.700000762939453,20.639999389648438,20.684999465942383,17400,16.050498962402344,0.0
BSCP,2017-06-09,20.649999618530273,20.684999465942383,20.6200008392334,20.665000915527344,5000,16.034975051879883,0.0
BSCP,2017-06-12,20.670000076293945,20.700000762939453,20.663999557495117,20.68000030517578,7100,16.046621322631836,0.0
BSCP,2017-06-13,20.641000747680664,20.690000534057617,20.641000747680664,20.68000030517578,5300,16.046621322631836,0.0
BSCP,2017-06-14,20.799999237060547,20.825000762939453,20.729999542236328,20.764999389648438,5400,16.112573623657227,0.0
BSCP,2017-06-15,20.732999801635742,20.760000228881836,20.709999084472656,20.709999084472656,6100,16.069889068603516,0.0
BSCP,2017-06-16,20.75,20.770000457763672,20.729999542236328,20.770000457763672,14400,16.11644744873047,0.0
BSCP,2017-06-19,20.75,20.75,20.711999893188477,20.729999542236328,5900,16.085418701171875,0.0
BSCP,2017-06-20,20.739999771118164,20.770000457763672,20.731000900268555,20.75200080871582,10100,16.102493286132812,0.0
BSCP,2017-06-21,20.739999771118164,20.760000228881836,20.729999542236328,20.760000228881836,22500,16.108692169189453,0.0
BSCP,2017-06-22,20.760000228881836,20.770000457763672,20.739999771118164,20.770000457763672,8500,16.11644744873047,0.0
BSCP,2017-06-23,20.756000518798828,20.780000686645508,20.729999542236328,20.780000686645508,13800,16.12421989440918,0.0
BSCP,2017-06-26,20.799999237060547,20.829999923706055,20.780000686645508,20.780000686645508,7600,16.12421989440918,0.0
BSCP,2017-06-27,20.760000228881836,20.760000228881836,20.700000762939453,20.729999542236328,14200,16.085418701171875,0.0
BSCP,2017-06-28,20.729999542236328,20.729999542236328,20.68000030517578,20.700000762939453,10900,16.062131881713867,0.0
BSCP,2017-06-29,20.649999618530273,20.68000030517578,20.6200008392334,20.670000076293945,21900,16.038860321044922,0.0
BSCP,2017-06-30,20.639999389648438,20.68000030517578,20.639999389648438,20.649999618530273,9100,16.023344039916992,0.0
BSCP,2017-07-03,20.610000610351562,20.610000610351562,20.5,20.538999557495117,12200,15.976662635803223,0.051
BSCP,2017-07-05,20.56999969482422,20.579999923706055,20.540000915527344,20.540000915527344,14800,15.977438926696777,0.0
BSCP,2017-07-06,20.540000915527344,20.549999237060547,20.5,20.5,10100,15.94633960723877,0.0
BSCP,2017-07-07,20.59000015258789,20.59000015258789,20.469999313354492,20.500999450683594,14500,15.947096824645996,0.0
BSCP,2017-07-10,20.559999465942383,20.579999923706055,20.549999237060547,20.56999969482422,7500,16.000782012939453,0.0
BSCP,2017-07-11,20.565000534057617,20.59000015258789,20.520000457763672,20.59000015258789,21400,16.016332626342773,0.0
BSCP,2017-07-12,20.649999618530273,20.665000915527344,20.631000518798828,20.65999984741211,6400,16.070785522460938,0.0
BSCP,2017-07-13,20.6200008392334,20.63800048828125,20.600000381469727,20.6299991607666,4300,16.047441482543945,0.0
BSCP,2017-07-14,20.719999313354492,20.719999313354492,20.659000396728516,20.665000915527344,28400,16.074674606323242,0.0
BSCP,2017-07-17,20.683000564575195,20.700000762939453,20.670000076293945,20.687999725341797,9000,16.092565536499023,0.0
BSCP,2017-07-18,20.760000228881836,20.770000457763672,20.7450008392334,20.760000228881836,7300,16.148571014404297,0.0
BSCP,2017-07-19,20.780000686645508,20.780000686645508,20.75,20.760000228881836,17100,16.148571014404297,0.0
BSCP,2017-07-20,20.777999877929688,20.799999237060547,20.76799964904785,20.770000457763672,9700,16.156349182128906,0.0
BSCP,2017-07-21,20.81999969482422,20.836000442504883,20.790000915527344,20.829999923706055,15100,16.203027725219727,0.0
BSCP,2017-07-24,20.790000915527344,20.81999969482422,20.790000915527344,20.809999465942383,17400,16.187471389770508,0.0
BSCP,2017-07-25,20.760000228881836,20.760000228881836,20.704999923706055,20.708999633789062,20200,16.108896255493164,0.0
BSCP,2017-07-26,20.729000091552734,20.799999237060547,20.709999084472656,20.799999237060547,44500,16.1796875,0.0
BSCP,2017-07-27,20.770000457763672,20.780000686645508,20.719999313354492,20.770000457763672,9500,16.156349182128906,0.0
BSCP,2017-07-28,20.760000228881836,20.78499984741211,20.75,20.780000686645508,3600,16.164140701293945,0.0
BSCP,2017-07-31,20.790000915527344,20.799999237060547,20.774999618530273,20.799999237060547,9200,16.1796875,0.0
BSCP,2017-08-01,20.729999542236328,20.799999237060547,20.719999313354492,20.790000915527344,18100,16.211660385131836,0.051
BSCP,2017-08-02,20.799999237060547,20.799999237060547,20.729999542236328,20.770000457763672,18000,16.196056365966797,0.0
BSCP,2017-08-03,20.770000457763672,20.799999237060547,20.756000518798828,20.799999237060547,11600,16.21944808959961,0.0
BSCP,2017-08-04,20.75,20.75,20.700000762939453,20.739999771118164,18200,16.172658920288086,0.0
BSCP,2017-08-07,20.731000900268555,20.75,20.719999313354492,20.75,15200,16.18047523498535,0.0
BSCP,2017-08-08,20.709999084472656,20.72800064086914,20.684999465942383,20.684999465942383,11100,16.129783630371094,0.0
BSCP,2017-08-09,20.709999084472656,20.725000381469727,20.68000030517578,20.709999084472656,19300,16.149274826049805,0.0
BSCP,2017-08-10,20.709999084472656,20.719999313354492,20.68000030517578,20.719999313354492,23700,16.15707778930664,0.0
BSCP,2017-08-11,20.649999618530273,20.739999771118164,20.649999618530273,20.719999313354492,22200,16.15707778930664,0.0
BSCP,2017-08-14,20.719999313354492,20.749000549316406,20.700000762939453,20.709999084472656,4300,16.149274826049805,0.0
BSCP,2017-08-15,20.670000076293945,20.690000534057617,20.6560001373291,20.690000534057617,58800,16.13368034362793,0.0
BSCP,2017-08-16,20.68000030517578,20.760000228881836,20.68000030517578,20.7450008392334,48900,16.17656898498535,0.0
BSCP,2017-08-17,20.7189998626709,20.770000457763672,20.7189998626709,20.75,27700,16.18047523498535,0.0
BSCP,2017-08-18,20.780000686645508,20.790000915527344,20.735000610351562,20.760000228881836,19000,16.18825912475586,0.0
BSCP,2017-08-21,20.780000686645508,20.790000915527344,20.76099967956543,20.780000686645508,11200,16.203872680664062,0.0
BSCP,2017-08-22,20.770000457763672,20.770000457763672,20.760000228881836,20.764999389648438,52400,16.19215965270996,0.0
BSCP,2017-08-23,20.780000686645508,20.81999969482422,20.760000228881836,20.809999465942383,10800,16.22725486755371,0.0
BSCP,2017-08-24,20.809999465942383,20.809999465942383,20.773000717163086,20.790000915527344,17600,16.211660385131836,0.0
BSCP,2017-08-25,20.75,20.829999923706055,20.75,20.81999969482422,17900,16.23505401611328,0.0
BSCP,2017-08-28,20.829999923706055,20.84000015258789,20.790000915527344,20.84000015258789,9000,16.25065040588379,0.0
BSCP,2017-08-29,20.892000198364258,20.892000198364258,20.829999923706055,20.8799991607666,7000,16.281841278076172,0.0
BSCP,2017-08-30,20.860000610351562,20.8700008392334,20.829999923706055,20.8700008392334,6900,16.274045944213867,0.0
BSCP,2017-08-31,20.889999389648438,20.920000076293945,20.8799991607666,20.920000076293945,16200,16.313032150268555,0.0
BSCP,2017-09-01,20.850000381469727,20.850000381469727,20.790000915527344,20.790000915527344,15900,16.247379302978516,0.046
BSCP,2017-09-05,20.8700008392334,20.93000030517578,20.847000122070312,20.93000030517578,17600,16.356800079345703,0.0
BSCP,2017-09-06,20.920000076293945,20.920000076293945,20.81999969482422,20.875,42000,16.31382179260254,0.0
BSCP,2017-09-07,20.899999618530273,20.950000762939453,20.889999389648438,20.889999389648438,31700,16.325532913208008,0.0
BSCP,2017-09-08,20.89299964904785,20.899999618530273,20.850000381469727,20.899999618530273,10300,16.333356857299805,0.0
BSCP,2017-09-11,20.829999923706055,20.8700008392334,20.809999465942383,20.84000015258789,16900,16.286460876464844,0.0
BSCP,2017-09-12,20.790000915527344,20.81999969482422,20.770000457763672,20.799999237060547,22700,16.25520133972168,0.0
BSCP,2017-09-13,20.80500030517578,20.815000534057617,20.774999618530273,20.799999237060547,12900,16.25520133972168,0.0
BSCP,2017-09-14,20.770000457763672,20.799999237060547,20.739999771118164,20.790000915527344,18100,16.247379302978516,0.0
BSCP,2017-09-15,20.78499984741211,20.809999465942383,20.760000228881836,20.809999465942383,9300,16.263011932373047,0.0
BSCP,2017-09-18,20.799999237060547,20.799999237060547,20.75,20.760000228881836,49000,16.223941802978516,0.0
BSCP,2017-09-19,20.809999465942383,20.809999465942383,20.780000686645508,20.790000915527344,37300,16.247379302978516,0.0
BSCP,2017-09-20,20.809999465942383,20.809999465942383,20.71500015258789,20.75,16000,16.216127395629883,0.0
BSCP,2017-09-21,20.780000686645508,20.780000686645508,20.740999221801758,20.7450008392334,15700,16.212221145629883,0.0
BSCP,2017-09-22,20.780000686645508,20.790000915527344,20.732999801635742,20.770000457763672,47800,16.23175621032715,0.0
BSCP,2017-09-25,20.799999237060547,20.84000015258789,20.799999237060547,20.829999923706055,7300,16.27864646911621,0.0
BSCP,2017-09-26,20.808000564575195,20.84000015258789,20.808000564575195,20.829999923706055,13600,16.27864646911621,0.0
BSCP,2017-09-27,20.740999221801758,20.790000915527344,20.740999221801758,20.790000915527344,15400,16.247379302978516,0.0
BSCP,2017-09-28,20.75,20.799999237060547,20.726999282836914,20.799999237060547,14000,16.25520133972168,0.0
BSCP,2017-09-29,20.780000686645508,20.795000076293945,20.770000457763672,20.780000686645508,9300,16.23957633972168,0.0
BSCP,2017-10-02,20.780000686645508,20.80900001525879,20.75,20.790000915527344,10200,16.247379302978516,0.0
BSCP,2017-10-03,20.75,20.780000686645508,20.75,20.780000686645508,15200,16.281869888305664,0.054
BSCP,2017-10-04,20.790000915527344,20.790000915527344,20.753000259399414,20.790000915527344,17200,16.28969955444336,0.0
BSCP,2017-10-05,20.780000686645508,20.780000686645508,20.75,20.780000686645508,19000,16.281869888305664,0.0
BSCP,2017-10-06,20.670000076293945,20.760000228881836,20.670000076293945,20.75,16800,16.25836181640625,0.0
BSCP,2017-10-09,20.760000228881836,20.768999099731445,20.733999252319336,20.756000518798828,14500,16.26304817199707,0.0
BSCP,2017-10-10,20.790000915527344,20.791000366210938,20.760000228881836,20.770000457763672,13600,16.274023056030273,0.0
BSCP,2017-10-11,20.790000915527344,20.790000915527344,20.770000457763672,20.790000915527344,8700,16.28969955444336,0.0
BSCP,2017-10-12,20.790000915527344,20.799999237060547,20.770000457763672,20.799999237060547,12600,16.297531127929688,0.0
BSCP,2017-10-13,20.860000610351562,20.860000610351562,20.829999923706055,20.840999603271484,13300,16.32965660095215,0.0
BSCP,2017-10-16,20.84000015258789,20.84600067138672,20.819000244140625,20.829999923706055,8300,16.321035385131836,0.0
BSCP,2017-10-17,20.799999237060547,20.84000015258789,20.799999237060547,20.84000015258789,5700,16.328882217407227,0.0
BSCP,2017-10-18,20.75,20.809999465942383,20.75,20.80900001525879,7100,16.304584503173828,0.0
BSCP,2017-10-19,20.84000015258789,20.84000015258789,20.81999969482422,20.81999969482422,27400,16.313207626342773,0.0
BSCP,2017-10-20,20.770000457763672,20.780000686645508,20.760000228881836,20.770000457763672,8100,16.274023056030273,0.0
BSCP,2017-10-23,20.788000106811523,20.809999465942383,20.788000106811523,20.809999465942383,15800,16.305360794067383,0.0
BSCP,2017-10-24,20.760000228881836,20.780000686645508,20.735000610351562,20.75,13400,16.25836181640625,0.0
BSCP,2017-10-25,20.700000762939453,20.729999542236328,20.68000030517578,20.729999542236328,62700,16.242687225341797,0.0
BSCP,2017-10-26,20.739999771118164,20.739999771118164,20.694000244140625,20.709999084472656,14400,16.227018356323242,0.0
BSCP,2017-10-27,20.719999313354492,20.760000228881836,20.719999313354492,20.729000091552734,12000,16.241905212402344,0.0
BSCP,2017-10-30,20.780000686645508,20.81999969482422,20.75,20.81999969482422,19900,16.313207626342773,0.0
BSCP,2017-10-31,20.790000915527344,20.809999465942383,20.790000915527344,20.809999465942383,25000,16.305360794067383,0.0
BSCP,2017-11-01,20.809999465942383,20.81999969482422,20.785999298095703,20.799999237060547,17200,16.297531127929688,0.0
BSCP,2017-11-02,20.7450008392334,20.768999099731445,20.729000091552734,20.739999771118164,21700,16.288894653320312,0.049
BSCP,2017-11-03,20.770000457763672,20.790000915527344,20.7450008392334,20.76300048828125,15200,16.306962966918945,0.0
BSCP,2017-11-06,20.770000457763672,20.780000686645508,20.760000228881836,20.770000457763672,16400,16.312454223632812,0.0
BSCP,2017-11-07,20.739999771118164,20.770000457763672,20.739999771118164,20.760000228881836,10600,16.30460548400879,0.0
BSCP,2017-11-08,20.760000228881836,20.760000228881836,20.729999542236328,20.735000610351562,18400,16.284975051879883,0.0
BSCP,2017-11-09,20.700000762939453,20.7189998626709,20.68400001525879,20.70800018310547,14300,16.263761520385742,0.0
BSCP,2017-11-10,20.65999984741211,20.65999984741211,20.606000900268555,20.625,9600,16.198579788208008,0.0
BSCP,2017-11-13,20.6200008392334,20.635000228881836,20.6200008392334,20.6200008392334,15800,16.19464683532715,0.0
BSCP,2017-11-14,20.6200008392334,20.639999389648438,20.6200008392334,20.625999450683594,37900,16.199356079101562,0.0
BSCP,2017-11-15,20.639999389648438,20.670000076293945,20.628000259399414,20.65999984741211,10200,16.226062774658203,0.0
BSCP,2017-11-16,20.68000030517578,20.690000534057617,20.639999389648438,20.65999984741211,14500,16.226062774658203,0.0
BSCP,2017-11-17,20.690000534057617,20.700000762939453,20.649999618530273,20.649999618530273,12100,16.21820640563965,0.0
BSCP,2017-11-20,20.65999984741211,20.68000030517578,20.639999389648438,20.639999389648438,21500,16.210346221923828,0.0
BSCP,2017-11-21,20.67799949645996,20.719999313354492,20.672000885009766,20.700000762939453,17600,16.257484436035156,0.0
BSCP,2017-11-22,20.729999542236328,20.774999618530273,20.719999313354492,20.764999389648438,9900,16.30853271484375,0.0
BSCP,2017-11-24,20.719999313354492,20.760000228881836,20.719999313354492,20.75,4900,16.296749114990234,0.0
BSCP,2017-11-27,20.75,20.760000228881836,20.709999084472656,20.7450008392334,12800,16.29281997680664,0.0
BSCP,2017-11-28,20.780000686645508,20.780000686645508,20.75,20.760000228881836,18100,16.30460548400879,0.0
BSCP,2017-11-29,20.68000030517578,20.709999084472656,20.68000030517578,20.690000534057617,22900,16.249614715576172,0.0
BSCP,2017-11-30,20.709999084472656,20.709999084472656,20.639999389648438,20.65999984741211,27600,16.226062774658203,0.0
BSCP,2017-12-01,20.690000534057617,20.770000457763672,20.649999618530273,20.709999084472656,25300,16.265329360961914,0.0
BSCP,2017-12-04,20.65999984741211,20.68000030517578,20.645000457763672,20.670000076293945,4100,16.273202896118164,0.05
BSCP,2017-12-05,20.639999389648438,20.700000762939453,20.639999389648438,20.68000030517578,23100,16.28107452392578,0.0
BSCP,2017-12-06,20.760000228881836,20.760000228881836,20.729999542236328,20.75,26700,16.336185455322266,0.0
BSCP,2017-12-07,20.72599983215332,20.760000228881836,20.690000534057617,20.719999313354492,9800,16.312564849853516,0.0
BSCP,2017-12-08,20.670000076293945,20.709999084472656,20.670000076293945,20.690000534057617,24800,16.2889461517334,0.0
BSCP,2017-12-11,20.709999084472656,20.719999313354492,20.68000030517578,20.695999145507812,18500,16.293670654296875,0.0
BSCP,2017-12-12,20.65999984741211,20.68000030517578,20.639999389648438,20.674999237060547,30000,16.277145385742188,0.0
BSCP,2017-12-13,20.698999404907227,20.760000228881836,20.67799949645996,20.75,18500,16.336185455322266,0.0
BSCP,2017-12-14,20.719999313354492,20.75,20.704999923706055,20.739999771118164,28900,16.32831573486328,0.0
BSCP,2017-12-15,20.73200035095215,20.760000228881836,20.709999084472656,20.743000030517578,26200,16.33068084716797,0.0
BSCP,2017-12-18,20.75,20.760000228881836,20.709999084472656,20.719999313354492,20500,16.312564849853516,0.0
BSCP,2017-12-19,20.690000534057617,20.690000534057617,20.6200008392334,20.639999389648438,68300,16.249576568603516,0.0
BSCP,2017-12-20,20.610000610351562,20.6299991607666,20.600000381469727,20.6200008392334,47800,16.23383903503418,0.0
BSCP,2017-12-21,20.600000381469727,20.6299991607666,20.600000381469727,20.618999481201172,22100,16.233055114746094,0.0
BSCP,2017-12-22,20.6299991607666,20.6299991607666,20.61400032043457,20.61400032043457,14600,16.229114532470703,0.0
BSCP,2017-12-26,20.600000381469727,20.670000076293945,20.600000381469727,20.670000076293945,13900,16.273202896118164,0.0
BSCP,2017-12-27,20.68000030517578,20.729999542236328,20.65999984741211,20.725000381469727,34200,16.31650733947754,0.0
BSCP,2017-12-28,20.68000030517578,20.68000030517578,20.655000686645508,20.665000915527344,77100,16.314929962158203,0.058
BSCP,2017-12-29,20.68000030517578,20.700000762939453,20.655000686645508,20.700000762939453,25400,16.342559814453125,0.0
BSCP,2018-01-02,20.68000030517578,20.68000030517578,20.600000381469727,20.639999389648438,45600,16.295183181762695,0.0
BSCP,2018-01-03,20.610000610351562,20.670000076293945,20.610000610351562,20.663000106811523,21600,16.313356399536133,0.0
BSCP,2018-01-04,20.6299991607666,20.65999984741211,20.604000091552734,20.65999984741211,23500,16.310983657836914,0.0
BSCP,2018-01-05,20.65999984741211,20.65999984741211,20.610000610351562,20.6299991607666,31400,16.287288665771484,0.0
BSCP,2018-01-08,20.610000610351562,20.649999618530273,20.610000610351562,20.628000259399414,46000,16.285717010498047,0.0
BSCP,2018-01-09,20.6200008392334,20.6200008392334,20.559999465942383,20.579999923706055,92300,16.24781036376953,0.0
BSCP,2018-01-10,20.5,20.56999969482422,20.5,20.56999969482422,42500,16.239927291870117,0.0
BSCP,2018-01-11,20.56999969482422,20.600000381469727,20.565000534057617,20.600000381469727,31200,16.263622283935547,0.0
BSCP,2018-01-12,20.549999237060547,20.59000015258789,20.540000915527344,20.59000015258789,39300,16.255714416503906,0.0
BSCP,2018-01-16,20.6299991607666,20.6299991607666,20.57900047302246,20.610000610351562,29500,16.271499633789062,0.0
BSCP,2018-01-17,20.59000015258789,20.599000930786133,20.530000686645508,20.549999237060547,39500,16.22414207458496,0.0
BSCP,2018-01-18,20.5,20.510000228881836,20.450000762939453,20.510000228881836,24800,16.192554473876953,0.0
BSCP,2018-01-19,20.458999633789062,20.479999542236328,20.450000762939453,20.450000762939453,17700,16.145193099975586,0.0
BSCP,2018-01-22,20.450000762939453,20.46500015258789,20.399999618530273,20.417999267578125,26300,16.119922637939453,0.0
BSCP,2018-01-23,20.479999542236328,20.510000228881836,20.450000762939453,20.510000228881836,35600,16.192554473876953,0.0
BSCP,2018-01-24,20.489999771118164,20.496999740600586,20.44099998474121,20.479999542236328,26800,16.16887664794922,0.0
BSCP,2018-01-25,20.43000030517578,20.530000686645508,20.43000030517578,20.510000228881836,30900,16.192554473876953,0.0
BSCP,2018-01-26,20.530000686645508,20.530000686645508,20.450000762939453,20.485000610351562,22700,16.172822952270508,0.0
BSCP,2018-01-29,20.459999084472656,20.469999313354492,20.420000076293945,20.469999313354492,27600,16.160980224609375,0.0
BSCP,2018-01-30,20.450000762939453,20.450000762939453,20.40999984741211,20.420000076293945,46300,16.121498107910156,0.0
BSCP,2018-01-31,20.469999313354492,20.469999313354492,20.393999099731445,20.420000076293945,30600,16.121498107910156,0.0
BSCP,2018-02-01,20.450000762939453,20.450000762939453,20.360000610351562,20.360000610351562,17800,16.07413101196289,0.0
BSCP,2018-02-02,20.233999252319336,20.270000457763672,20.209999084472656,20.219999313354492,23000,16.00762367248535,0.056
BSCP,2018-02-05,20.209999084472656,20.309999465942383,20.190000534057617,20.280000686645508,26800,16.05513572692871,0.0
BSCP,2018-02-06,20.280000686645508,20.299999237060547,20.25,20.260000228881836,37700,16.039302825927734,0.0
BSCP,2018-02-07,20.290000915527344,20.299999237060547,20.200000762939453,20.200000762939453,46200,15.991804122924805,0.0
BSCP,2018-02-08,20.170000076293945,20.198999404907227,20.1200008392334,20.15999984741211,32300,15.960124015808105,0.0
BSCP,2018-02-09,20.1200008392334,20.139999389648438,20.06999969482422,20.06999969482422,11800,15.888875961303711,0.0
BSCP,2018-02-12,20.100000381469727,20.1299991607666,20.079999923706055,20.079999923706055,22500,15.896801948547363,0.0
BSCP,2018-02-13,20.110000610351562,20.1299991607666,20.040000915527344,20.06999969482422,19200,15.888875961303711,0.0
BSCP,2018-02-14,20.040000915527344,20.040000915527344,19.989999771118164,19.989999771118164,27900,15.825542449951172,0.0
BSCP,2018-02-15,20.079999923706055,20.08799934387207,20.040000915527344,20.049999237060547,26600,15.873043060302734,0.0
BSCP,2018-02-16,20.1200008392334,20.1299991607666,20.06999969482422,20.1200008392334,63200,15.928458213806152,0.0
BSCP,2018-02-20,20.06999969482422,20.100000381469727,20.059999465942383,20.059999465942383,15100,15.88095760345459,0.0
BSCP,2018-02-21,20.09000015258789,20.100000381469727,20.010000228881836,20.020000457763672,23400,15.849298477172852,0.0
BSCP,2018-02-22,20.040000915527344,20.07200050354004,20.030000686645508,20.040000915527344,18700,15.86512279510498,0.0
BSCP,2018-02-23,20.10700035095215,20.1200008392334,20.09000015258789,20.106000900268555,25200,15.917380332946777,0.0
BSCP,2018-02-26,20.1299991607666,20.15999984741211,20.110000610351562,20.110000610351562,28200,15.920551300048828,0.0
BSCP,2018-02-27,20.110000610351562,20.1200008392334,20.0049991607666,20.05299949645996,12700,15.875425338745117,0.0
BSCP,2018-02-28,20.079999923706055,20.089000701904297,20.0,20.010000228881836,116200,15.84138298034668,0.0
BSCP,2018-03-01,20.05500030517578,20.100000381469727,20.020000457763672,20.09000015258789,52900,15.904711723327637,0.0
BSCP,2018-03-02,19.989999771118164,20.009000778198242,19.940000534057617,19.989999771118164,31200,15.862659454345703,0.047
BSCP,2018-03-05,19.979999542236328,20.020000457763672,19.957000732421875,19.972000122070312,19900,15.848373413085938,0.0
BSCP,2018-03-06,19.969999313354492,20.030000686645508,19.940000534057617,19.940000534057617,37000,15.82297134399414,0.0
BSCP,2018-03-07,19.959999084472656,20.010000228881836,19.959999084472656,19.989999771118164,14400,15.862659454345703,0.0
BSCP,2018-03-08,19.9950008392334,20.02199935913086,19.9950008392334,20.0049991607666,19500,15.874560356140137,0.0
BSCP,2018-03-09,19.989999771118164,19.989999771118164,19.959999084472656,19.969999313354492,17100,15.846782684326172,0.0
BSCP,2018-03-12,19.959999084472656,19.969999313354492,19.940000534057617,19.958999633789062,11500,15.838050842285156,0.0
BSCP,2018-03-13,19.979999542236328,19.988000869750977,19.93000030517578,19.959999084472656,34200,15.838851928710938,0.0
BSCP,2018-03-14,19.93000030517578,19.9950008392334,19.93000030517578,19.979999542236328,46600,15.85472297668457,0.0
BSCP,2018-03-15,19.979999542236328,19.989999771118164,19.94300079345703,19.989999771118164,10100,15.862659454345703,0.0
BSCP,2018-03-16,19.959999084472656,19.969999313354492,19.90999984741211,19.959999084472656,11200,15.838851928710938,0.0
BSCP,2018-03-19,19.950000762939453,19.966999053955078,19.90999984741211,19.950000762939453,22200,15.830924034118652,0.0
BSCP,2018-03-20,19.90999984741211,19.929000854492188,19.860000610351562,19.90999984741211,23500,15.799171447753906,0.0
BSCP,2018-03-21,19.84000015258789,19.888999938964844,19.826000213623047,19.84000015258789,12200,15.743623733520508,0.0
BSCP,2018-03-22,19.950000762939453,19.959999084472656,19.8700008392334,19.922000885009766,22100,15.808701515197754,0.0
BSCP,2018-03-23,19.899999618530273,19.920000076293945,19.899999618530273,19.920000076293945,10600,15.807109832763672,0.0
BSCP,2018-03-26,19.8799991607666,19.940000534057617,19.8799991607666,19.920000076293945,9100,15.807109832763672,0.0
BSCP,2018-03-27,19.92300033569336,20.0,19.92300033569336,19.989999771118164,10900,15.862659454345703,0.0
BSCP,2018-03-28,20.003000259399414,20.030000686645508,19.969999313354492,19.969999313354492,10400,15.846782684326172,0.0
BSCP,2018-03-29,20.040000915527344,20.06999969482422,20.0,20.030000686645508,11400,15.89439868927002,0.0
BSCP,2018-04-02,20.040000915527344,20.069000244140625,20.0049991607666,20.03499984741211,8900,15.898364067077637,0.0
BSCP,2018-04-03,19.989999771118164,19.989999771118164,19.93400001525879,19.969999313354492,22100,15.890406608581543,0.055
BSCP,2018-04-04,19.969999313354492,20.0,19.920000076293945,19.959999084472656,30800,15.882448196411133,0.0
BSCP,2018-04-05,19.959999084472656,19.969999313354492,19.947999954223633,19.950000762939453,9500,15.87450122833252,0.0
BSCP,2018-04-06,20.0,20.010000228881836,19.959999084472656,20.010000228881836,14000,15.922245025634766,0.0
BSCP,2018-04-09,19.90399932861328,19.950000762939453,19.90399932861328,19.934999465942383,13600,15.862555503845215,0.0
BSCP,2018-04-10,20.030000686645508,20.030000686645508,19.979999542236328,20.014999389648438,51100,15.926215171813965,0.0
BSCP,2018-04-11,20.049999237060547,20.059999465942383,20.0,20.040000915527344,12300,15.946101188659668,0.0
BSCP,2018-04-12,19.97800064086914,20.010000228881836,19.93000030517578,19.950000762939453,24300,15.87450122833252,0.0
BSCP,2018-04-13,19.989999771118164,19.989999771118164,19.93000030517578,19.969999313354492,157700,15.890406608581543,0.0
BSCP,2018-04-16,19.94499969482422,19.989999771118164,19.920000076293945,19.959999084472656,13500,15.882448196411133,0.0
BSCP,2018-04-17,20.0,20.020000457763672,19.959999084472656,20.010000228881836,16800,15.922245025634766,0.0
BSCP,2018-04-18,19.98900032043457,19.989999771118164,19.93000030517578,19.950000762939453,18000,15.87450122833252,0.0
BSCP,2018-04-19,19.8799991607666,19.899999618530273,19.820999145507812,19.860000610351562,11300,15.802886962890625,0.0
BSCP,2018-04-20,19.84000015258789,19.860000610351562,19.780000686645508,19.790000915527344,12600,15.747176170349121,0.0
BSCP,2018-04-23,19.81999969482422,19.81999969482422,19.780000686645508,19.809999465942383,27200,15.76309585571289,0.0
BSCP,2018-04-24,19.799999237060547,19.799999237060547,19.719999313354492,19.75,20800,15.715346336364746,0.0
BSCP,2018-04-25,19.709999084472656,19.729999542236328,19.70400047302246,19.729999542236328,5700,15.699440002441406,0.0
BSCP,2018-04-26,19.750999450683594,19.770000457763672,19.709999084472656,19.729999542236328,15800,15.699440002441406,0.0
BSCP,2018-04-27,19.790000915527344,19.81999969482422,19.75,19.75,25800,15.715346336364746,0.0
BSCP,2018-04-30,19.809999465942383,19.829999923706055,19.770000457763672,19.809999465942383,45400,15.76309585571289,0.0
BSCP,2018-05-01,19.798999786376953,19.798999786376953,19.731000900268555,19.760000228881836,16900,15.723313331604004,0.0
BSCP,2018-05-02,19.729999542236328,19.73900032043457,19.690000534057617,19.71299934387207,17000,15.727303504943848,0.052
BSCP,2018-05-03,19.740999221801758,19.759000778198242,19.729999542236328,19.74799919128418,13300,15.755215644836426,0.0
BSCP,2018-05-04,19.700000762939453,19.739999771118164,19.690000534057617,19.715999603271484,24900,15.729693412780762,0.0
BSCP,2018-05-07,19.75,19.760000228881836,19.709999084472656,19.729000091552734,16600,15.74006175994873,0.0
BSCP,2018-05-08,19.709999084472656,19.719999313354492,19.690000534057617,19.711999893188477,28600,15.726506233215332,0.0
BSCP,2018-05-09,19.690000534057617,19.709999084472656,19.690000534057617,19.704999923706055,23400,15.720915794372559,0.0
BSCP,2018-05-10,19.75,19.760000228881836,19.709999084472656,19.75,25700,15.756814956665039,0.0
BSCP,2018-05-11,19.75,19.760000228881836,19.729999542236328,19.75,20300,15.756814956665039,0.0
BSCP,2018-05-14,19.739999771118164,19.760000228881836,19.709999084472656,19.719999313354492,39900,15.732877731323242,0.0
BSCP,2018-05-15,19.65999984741211,19.68000030517578,19.639999389648438,19.65999984741211,20400,15.685009956359863,0.0
BSCP,2018-05-16,19.635000228881836,19.65999984741211,19.59000015258789,19.6299991607666,25600,15.661076545715332,0.0
BSCP,2018-05-17,19.56999969482422,19.6299991607666,19.56999969482422,19.6200008392334,25200,15.653096199035645,0.0
BSCP,2018-05-18,19.65999984741211,19.68000030517578,19.607999801635742,19.670000076293945,33000,15.692984580993652,0.0
BSCP,2018-05-21,19.670000076293945,19.690000534057617,19.649999618530273,19.690000534057617,8700,15.708954811096191,0.0
BSCP,2018-05-22,19.670000076293945,19.690000534057617,19.64299964904785,19.665000915527344,14200,15.689003944396973,0.0
BSCP,2018-05-23,19.719999313354492,19.770000457763672,19.68000030517578,19.736000061035156,23300,15.745650291442871,0.0
BSCP,2018-05-24,19.790000915527344,19.790000915527344,19.760000228881836,19.774999618530273,16500,15.776766777038574,0.0
BSCP,2018-05-25,19.790000915527344,19.850000381469727,19.780000686645508,19.850000381469727,22200,15.836601257324219,0.0
BSCP,2018-05-29,19.850000381469727,19.959999084472656,19.822999954223633,19.93000030517578,28200,15.90042781829834,0.0
BSCP,2018-05-30,20.0,20.0,19.8700008392334,19.8700008392334,21000,15.85255241394043,0.0
BSCP,2018-05-31,19.87700080871582,19.899999618530273,19.829999923706055,19.854999542236328,10300,15.840590476989746,0.0
BSCP,2018-06-01,19.81999969482422,19.850000381469727,19.75,19.829999923706055,46900,15.820642471313477,0.0
BSCP,2018-06-04,19.739999771118164,19.760000228881836,19.722000122070312,19.722000122070312,16200,15.779836654663086,0.057
BSCP,2018-06-05,19.709999084472656,19.790000915527344,19.709999084472656,19.719999313354492,19400,15.778231620788574,0.0
BSCP,2018-06-06,19.68000030517578,19.719999313354492,19.670000076293945,19.70199966430664,33300,15.76383113861084,0.0
BSCP,2018-06-07,19.709999084472656,19.770000457763672,19.68000030517578,19.7549991607666,40500,15.806236267089844,0.0
BSCP,2018-06-08,19.729999542236328,19.760000228881836,19.729999542236328,19.739999771118164,12200,15.794234275817871,0.0
BSCP,2018-06-11,19.719999313354492,19.729999542236328,19.716999053955078,19.729999542236328,13700,15.786235809326172,0.0
BSCP,2018-06-12,19.719999313354492,19.729999542236328,19.709999084472656,19.729999542236328,15100,15.786235809326172,0.0
BSCP,2018-06-13,19.739999771118164,19.739999771118164,19.6200008392334,19.639999389648438,66400,15.714226722717285,0.0
BSCP,2018-06-14,19.690000534057617,19.770000457763672,19.690000534057617,19.770000457763672,33900,15.818246841430664,0.0
BSCP,2018-06-15,19.729999542236328,19.780000686645508,19.729999542236328,19.75,18000,15.802238464355469,0.0
BSCP,2018-06-18,19.780000686645508,19.780000686645508,19.719999313354492,19.735000610351562,6600,15.79023551940918,0.0
BSCP,2018-06-19,19.756000518798828,19.780000686645508,19.729999542236328,19.75,18300,15.802238464355469,0.0
BSCP,2018-06-20,19.760000228881836,19.760000228881836,19.68000030517578,19.68000030517578,10100,15.74622917175293,0.0
BSCP,2018-06-21,19.729999542236328,19.739999771118164,19.687000274658203,19.739999771118164,80000,15.794234275817871,0.0
BSCP,2018-06-22,19.700000762939453,19.729999542236328,19.68899917602539,19.704999923706055,80800,15.7662353515625,0.0
BSCP,2018-06-25,19.690000534057617,19.75,19.690000534057617,19.729999542236328,7800,15.786235809326172,0.0
BSCP,2018-06-26,19.707000732421875,19.764999389648438,19.707000732421875,19.764999389648438,64300,15.814244270324707,0.0
BSCP,2018-06-27,19.770000457763672,19.809999465942383,19.760000228881836,19.809999465942383,26800,15.850248336791992,0.0
BSCP,2018-06-28,19.770999908447266,19.790000915527344,19.760000228881836,19.774999618530273,10300,15.822248458862305,0.0
BSCP,2018-06-29,19.799999237060547,19.809999465942383,19.750999450683594,19.790000915527344,28400,15.83423900604248,0.0
BSCP,2018-07-02,19.788999557495117,19.790000915527344,19.75,19.780000686645508,10500,15.826236724853516,0.0
BSCP,2018-07-03,19.75,19.770000457763672,19.725000381469727,19.770000457763672,8500,15.859142303466797,0.051
BSCP,2018-07-05,19.719999313354492,19.780000686645508,19.719999313354492,19.774999618530273,32700,15.863146781921387,0.0
BSCP,2018-07-06,19.770999908447266,19.829999923706055,19.770999908447266,19.829999923706055,28100,15.907259941101074,0.0
BSCP,2018-07-09,19.81999969482422,19.829999923706055,19.78499984741211,19.827999114990234,5700,15.905653953552246,0.0
BSCP,2018-07-10,19.760000228881836,19.829999923706055,19.760000228881836,19.81999969482422,16300,15.89924144744873,0.0
BSCP,2018-07-11,19.780000686645508,19.850000381469727,19.780000686645508,19.850000381469727,35200,15.923308372497559,0.0
BSCP,2018-07-12,19.850000381469727,19.860000610351562,19.809999465942383,19.829999923706055,21500,15.907259941101074,0.0
BSCP,2018-07-13,19.860000610351562,19.899999618530273,19.84000015258789,19.850000381469727,27500,15.923308372497559,0.0
BSCP,2018-07-16,19.849000930786133,19.8700008392334,19.83799934387207,19.8700008392334,25400,15.939346313476562,0.0
BSCP,2018-07-17,19.84000015258789,19.889999389648438,19.833999633789062,19.84000015258789,36500,15.91528034210205,0.0
BSCP,2018-07-18,19.8799991607666,19.8799991607666,19.8439998626709,19.864999771118164,24800,15.935341835021973,0.0
BSCP,2018-07-19,19.8700008392334,19.899999618530273,19.860000610351562,19.871999740600586,11900,15.94095516204834,0.0
BSCP,2018-07-20,19.84000015258789,19.8700008392334,19.829999923706055,19.850000381469727,12300,15.923308372497559,0.0
BSCP,2018-07-23,19.788999557495117,19.809999465942383,19.75,19.75,12200,15.84308910369873,0.0
BSCP,2018-07-24,19.809999465942383,19.809999465942383,19.773000717163086,19.78499984741211,7000,15.87116813659668,0.0
BSCP,2018-07-25,19.860000610351562,19.8700008392334,19.790000915527344,19.850000381469727,12700,15.923308372497559,0.0
BSCP,2018-07-26,19.860000610351562,19.8700008392334,19.850000381469727,19.860000610351562,10300,15.9313325881958,0.0
BSCP,2018-07-27,19.84000015258789,19.8700008392334,19.834999084472656,19.864999771118164,28300,15.935341835021973,0.0
BSCP,2018-07-30,19.860000610351562,19.8700008392334,19.81999969482422,19.860000610351562,14400,15.9313325881958,0.0
BSCP,2018-07-31,19.899999618530273,19.899999618530273,19.850000381469727,19.899999618530273,38800,15.96341323852539,0.0
BSCP,2018-08-01,19.829999923706055,19.860000610351562,19.799999237060547,19.860000610351562,21700,15.9313325881958,0.0
BSCP,2018-08-02,19.809999465942383,19.81999969482422,19.739999771118164,19.80699920654297,24700,15.93052864074707,0.052
BSCP,2018-08-03,19.850000381469727,19.8799991607666,19.84000015258789,19.871000289916992,7900,15.982001304626465,0.0
BSCP,2018-08-06,19.899999618530273,19.899999618530273,19.860000610351562,19.899999618530273,16200,16.00531768798828,0.0
BSCP,2018-08-07,19.899999618530273,19.899999618530273,19.84000015258789,19.860000610351562,16300,15.973154067993164,0.0
BSCP,2018-08-08,19.8799991607666,19.8799991607666,19.850000381469727,19.860000610351562,54500,15.973154067993164,0.0
BSCP,2018-08-09,19.8799991607666,19.889999389648438,19.867000579833984,19.8799991607666,23400,15.989239692687988,0.0
BSCP,2018-08-10,19.8799991607666,19.934999465942383,19.829999923706055,19.920000076293945,108400,16.021408081054688,0.0
BSCP,2018-08-13,19.860000610351562,19.920000076293945,19.850000381469727,19.90999984741211,38700,16.01336669921875,0.0
BSCP,2018-08-14,19.920000076293945,19.920000076293945,19.8700008392334,19.90999984741211,42600,16.01336669921875,0.0
BSCP,2018-08-15,19.940000534057617,19.95199966430664,19.920000076293945,19.950000762939453,147300,16.04553985595703,0.0
BSCP,2018-08-16,19.959999084472656,19.959999084472656,19.93000030517578,19.940000534057617,15600,16.037494659423828,0.0
BSCP,2018-08-17,19.979999542236328,19.979999542236328,19.899999618530273,19.93600082397461,23500,16.03427505493164,0.0
BSCP,2018-08-20,19.989999771118164,19.989999771118164,19.940000534057617,19.989999771118164,37600,16.097089767456055,0.024
BSCP,2018-08-21,19.93000030517578,19.979999542236328,19.920000076293945,19.940000534057617,26500,16.05682373046875,0.0
BSCP,2018-08-22,19.959999084472656,20.010000228881836,19.93000030517578,19.989999771118164,79200,16.097089767456055,0.0
BSCP,2018-08-23,20.0,20.0,19.950000762939453,19.979999542236328,21600,16.089035034179688,0.0
BSCP,2018-08-24,19.959999084472656,20.0,19.941999435424805,20.0,26600,16.10514259338379,0.0
BSCP,2018-08-27,19.940000534057617,19.979999542236328,19.940000534057617,19.969999313354492,29600,16.08098030090332,0.0
BSCP,2018-08-28,19.950000762939453,19.959999084472656,19.920000076293945,19.93000030517578,25700,16.048776626586914,0.0
BSCP,2018-08-29,19.959999084472656,19.959999084472656,19.8799991607666,19.889999389648438,33700,16.01656150817871,0.0
BSCP,2018-08-30,19.959999084472656,19.959999084472656,19.906999588012695,19.959999084472656,13100,16.07293701171875,0.0
BSCP,2018-08-31,19.979999542236328,19.979999542236328,19.950000762939453,19.950000762939453,23400,16.064876556396484,0.0
BSCP,2018-09-04,19.920000076293945,19.920000076293945,19.8799991607666,19.90999984741211,23800,16.032663345336914,0.0
BSCP,2018-09-05,19.90999984741211,19.920000076293945,19.850000381469727,19.89699935913086,41600,16.02219009399414,0.0
BSCP,2018-09-06,19.93000030517578,19.959999084472656,19.895000457763672,19.950000762939453,17200,16.064876556396484,0.0
BSCP,2018-09-07,19.8799991607666,19.889999389648438,19.851999282836914,19.889999389648438,7900,16.01656150817871,0.0
BSCP,2018-09-10,19.871000289916992,19.920000076293945,19.871000289916992,19.909000396728516,32100,16.031869888305664,0.0
BSCP,2018-09-11,19.8799991607666,19.8799991607666,19.829999923706055,19.8700008392334,27200,16.000452041625977,0.0
BSCP,2018-09-12,19.889999389648438,19.90999984741211,19.84000015258789,19.8799991607666,27700,16.008514404296875,0.0
BSCP,2018-09-13,19.90999984741211,19.920000076293945,19.84000015258789,19.920000076293945,25300,16.04071807861328,0.0
BSCP,2018-09-14,19.8799991607666,19.899999618530273,19.850000381469727,19.899999618530273,16200,16.024608612060547,0.0
BSCP,2018-09-17,19.84000015258789,19.899999618530273,19.82699966430664,19.899999618530273,20100,16.024608612060547,0.0
BSCP,2018-09-18,19.8799991607666,19.8799991607666,19.829999923706055,19.850000381469727,16200,15.984344482421875,0.0
BSCP,2018-09-19,19.829999923706055,19.829999923706055,19.760000228881836,19.815000534057617,34500,15.95616626739502,0.0
BSCP,2018-09-20,19.834999084472656,19.850000381469727,19.790000915527344,19.825000762939453,34800,15.964226722717285,0.0
BSCP,2018-09-21,19.829999923706055,19.860000610351562,19.81999969482422,19.850000381469727,46300,15.984344482421875,0.0
BSCP,2018-09-24,19.760000228881836,19.790000915527344,19.711000442504883,19.780000686645508,53900,15.977087020874023,0.061
BSCP,2018-09-25,19.75,19.760000228881836,19.700000762939453,19.75,18000,15.952851295471191,0.0
BSCP,2018-09-26,19.729999542236328,19.809999465942383,19.725000381469727,19.809999465942383,11900,16.00130844116211,0.0
BSCP,2018-09-27,19.799999237060547,19.81999969482422,19.739999771118164,19.81999969482422,96400,16.00939178466797,0.0
BSCP,2018-09-28,19.829999923706055,19.84000015258789,19.780000686645508,19.79599952697754,7100,15.990004539489746,0.0
BSCP,2018-10-01,19.770000457763672,19.90999984741211,19.770000457763672,19.799999237060547,153000,15.993233680725098,0.0
BSCP,2018-10-02,19.81999969482422,19.81999969482422,19.799999237060547,19.81399917602539,60500,16.00454330444336,0.0
BSCP,2018-10-03,19.809999465942383,19.81999969482422,19.690000534057617,19.71500015258789,52100,15.924575805664062,0.0
BSCP,2018-10-04,19.709999084472656,19.719999313354492,19.649999618530273,19.690000534057617,14500,15.904391288757324,0.0
BSCP,2018-10-05,19.65999984741211,19.68000030517578,19.628999710083008,19.649999618530273,14400,15.87206745147705,0.0
BSCP,2018-10-08,19.65999984741211,19.65999984741211,19.59000015258789,19.60700035095215,51100,15.837343215942383,0.0
BSCP,2018-10-09,19.649999618530273,19.670000076293945,19.600000381469727,19.6560001373291,29300,15.876914978027344,0.0
BSCP,2018-10-10,19.6299991607666,19.649999618530273,19.6200008392334,19.639999389648438,32600,15.863992691040039,0.0
BSCP,2018-10-11,19.67799949645996,19.719999313354492,19.6299991607666,19.709999084472656,47400,15.920537948608398,0.0
BSCP,2018-10-12,19.68000030517578,19.7189998626709,19.639999389648438,19.7189998626709,13700,15.927803993225098,0.0
BSCP,2018-10-15,19.683000564575195,19.707000732421875,19.65999984741211,19.65999984741211,16600,15.880152702331543,0.0
BSCP,2018-10-16,19.68000030517578,19.700000762939453,19.68000030517578,19.694000244140625,31000,15.907620429992676,0.0
BSCP,2018-10-17,19.695999145507812,19.700000762939453,19.649999618530273,19.65999984741211,30300,15.880152702331543,0.0
BSCP,2018-10-18,19.59000015258789,19.65999984741211,19.59000015258789,19.59000015258789,8400,15.823613166809082,0.0
BSCP,2018-10-19,19.639999389648438,19.639999389648438,19.579999923706055,19.6299991607666,12700,15.855918884277344,0.0
BSCP,2018-10-22,19.610000610351562,19.610000610351562,19.54800033569336,19.59000015258789,39800,15.863213539123535,0.049
BSCP,2018-10-23,19.600000381469727,19.618000030517578,19.56999969482422,19.600000381469727,26700,15.871308326721191,0.0
BSCP,2018-10-24,19.6299991607666,19.639999389648438,19.600000381469727,19.628999710083008,24900,15.89478588104248,0.0
BSCP,2018-10-25,19.597999572753906,19.6200008392334,19.559999465942383,19.60700035095215,18100,15.876962661743164,0.0
BSCP,2018-10-26,19.63800048828125,19.65999984741211,19.59000015258789,19.590999603271484,14600,15.864023208618164,0.0
BSCP,2018-10-29,19.639999389648438,19.639999389648438,19.565000534057617,19.613000869750977,26800,15.881837844848633,0.0
BSCP,2018-10-30,19.6200008392334,19.6299991607666,19.541000366210938,19.610000610351562,20400,15.879402160644531,0.0
BSCP,2018-10-31,19.540000915527344,19.600000381469727,19.530000686645508,19.530000686645508,27400,15.814620971679688,0.0
BSCP,2018-11-01,19.56999969482422,19.583999633789062,19.530000686645508,19.545000076293945,42300,15.826766967773438,0.0
BSCP,2018-11-02,19.530000686645508,19.566999435424805,19.4950008392334,19.520000457763672,41000,15.806527137756348,0.0
BSCP,2018-11-05,19.559999465942383,19.559999465942383,19.510000228881836,19.549999237060547,25000,15.830812454223633,0.0
BSCP,2018-11-06,19.520000457763672,19.558000564575195,19.51300048828125,19.542999267578125,450400,15.825145721435547,0.0
BSCP,2018-11-07,19.60300064086914,19.60700035095215,19.540000915527344,19.540000915527344,46100,15.822712898254395,0.0
BSCP,2018-11-08,19.579999923706055,19.579999923706055,19.510000228881836,19.510000228881836,25100,15.798428535461426,0.0
BSCP,2018-11-09,19.559999465942383,19.59000015258789,19.552000045776367,19.559999465942383,17900,15.838915824890137,0.0
BSCP,2018-11-12,19.600000381469727,19.600000381469727,19.510000228881836,19.533000946044922,16800,15.817057609558105,0.0
BSCP,2018-11-13,19.59000015258789,19.59000015258789,19.520000457763672,19.579999923706055,38700,15.855110168457031,0.0
BSCP,2018-11-14,19.549999237060547,19.56399917602539,19.513999938964844,19.549999237060547,37800,15.830812454223633,0.0
BSCP,2018-11-15,19.549999237060547,19.549999237060547,19.510000228881836,19.54599952697754,40800,15.827584266662598,0.0
BSCP,2018-11-16,19.559999465942383,19.56999969482422,19.489999771118164,19.542999267578125,19100,15.825145721435547,0.0
BSCP,2018-11-19,19.479999542236328,19.479999542236328,19.43000030517578,19.479000091552734,16900,15.816208839416504,0.053
BSCP,2018-11-20,19.43000030517578,19.459999084472656,19.389999389648438,19.399999618530273,15500,15.752076148986816,0.0
BSCP,2018-11-21,19.450000762939453,19.469999313354492,19.399999618530273,19.469999313354492,35300,15.808910369873047,0.0
BSCP,2018-11-23,19.5,19.510000228881836,19.440000534057617,19.5,7200,15.833274841308594,0.0
BSCP,2018-11-26,19.43000030517578,19.510000228881836,19.43000030517578,19.4950008392334,63700,15.829201698303223,0.0
BSCP,2018-11-27,19.479999542236328,19.489999771118164,19.417999267578125,19.420000076293945,21400,15.768311500549316,0.0
BSCP,2018-11-28,19.479999542236328,19.510000228881836,19.40999984741211,19.510000228881836,21100,15.841388702392578,0.0
BSCP,2018-11-29,19.510000228881836,19.510000228881836,19.43000030517578,19.459999084472656,42500,15.800793647766113,0.0
BSCP,2018-11-30,19.489999771118164,19.489999771118164,19.420000076293945,19.459999084472656,39800,15.800793647766113,0.0
BSCP,2018-12-03,19.459999084472656,19.520000457763672,19.451000213623047,19.520000457763672,26800,15.84951400756836,0.0
BSCP,2018-12-04,19.510000228881836,19.540000915527344,19.5,19.51099967956543,27200,15.842203140258789,0.0
BSCP,2018-12-06,19.559999465942383,19.579999923706055,19.489999771118164,19.559999465942383,193600,15.88198471069336,0.0
BSCP,2018-12-07,19.56999969482422,19.576000213623047,19.5,19.56999969482422,23500,15.89010238647461,0.0
BSCP,2018-12-10,19.569000244140625,19.59000015258789,19.510000228881836,19.59000015258789,42300,15.906344413757324,0.0
BSCP,2018-12-11,19.530000686645508,19.59000015258789,19.520000457763672,19.56999969482422,106700,15.89010238647461,0.0
BSCP,2018-12-12,19.57900047302246,19.59000015258789,19.56999969482422,19.579999923706055,362500,15.898222923278809,0.0
BSCP,2018-12-13,19.610000610351562,19.610000610351562,19.566999435424805,19.579999923706055,53700,15.898222923278809,0.0
BSCP,2018-12-14,19.577999114990234,19.6299991607666,19.562000274658203,19.600000381469727,24500,15.914467811584473,0.0
BSCP,2018-12-17,19.6299991607666,19.65999984741211,19.600000381469727,19.639999389648438,38500,15.946937561035156,0.0
BSCP,2018-12-18,19.635000228881836,19.68000030517578,19.635000228881836,19.68000030517578,42100,15.979425430297852,0.0
BSCP,2018-12-19,19.68000030517578,19.697999954223633,19.624000549316406,19.665000915527344,44900,15.967245101928711,0.0
BSCP,2018-12-20,19.700000762939453,19.700000762939453,19.575000762939453,19.60300064086914,15600,15.916895866394043,0.0
BSCP,2018-12-21,19.649999618530273,19.649999618530273,19.551000595092773,19.59000015258789,31300,15.906344413757324,0.0
BSCP,2018-12-24,19.56999969482422,19.56999969482422,19.468000411987305,19.474000930786133,5900,15.88025188446045,0.084
BSCP,2018-12-26,19.469999313354492,19.540000915527344,19.440000534057617,19.450000762939453,36600,15.860688209533691,0.0
BSCP,2018-12-27,19.540000915527344,19.55900001525879,19.479999542236328,19.492000579833984,33100,15.894922256469727,0.0
BSCP,2018-12-28,19.540000915527344,19.559999465942383,19.510000228881836,19.559999465942383,34400,15.950380325317383,0.0
BSCP,2018-12-31,19.549999237060547,19.670000076293945,19.549999237060547,19.65999984741211,35200,16.03192901611328,0.0
BSCP,2019-01-02,19.68000030517578,19.700000762939453,19.649999618530273,19.700000762939453,42800,16.06454086303711,0.0
BSCP,2019-01-03,19.649999618530273,19.770000457763672,19.649999618530273,19.757999420166016,29000,16.111841201782227,0.0
BSCP,2019-01-04,19.719999313354492,19.729999542236328,19.6299991607666,19.700000762939453,37600,16.06454086303711,0.0
BSCP,2019-01-07,19.649999618530273,19.739999771118164,19.649999618530273,19.700000762939453,60500,16.06454086303711,0.0
BSCP,2019-01-08,19.690000534057617,19.7549991607666,19.639999389648438,19.75,542700,16.10531234741211,0.0
BSCP,2019-01-09,19.700000762939453,19.780000686645508,19.68000030517578,19.780000686645508,63900,16.12978172302246,0.0
BSCP,2019-01-10,19.799999237060547,19.829999923706055,19.709999084472656,19.719999313354492,77300,16.080860137939453,0.0
BSCP,2019-01-11,19.760000228881836,19.89900016784668,19.75,19.81999969482422,363300,16.162399291992188,0.0
BSCP,2019-01-14,19.81999969482422,19.84000015258789,19.770000457763672,19.827999114990234,49600,16.16893196105957,0.0
BSCP,2019-01-15,19.8700008392334,19.905000686645508,19.760000228881836,19.790000915527344,53700,16.13793182373047,0.0
BSCP,2019-01-16,19.8799991607666,19.93000030517578,19.801000595092773,19.920000076293945,66400,16.243942260742188,0.0
BSCP,2019-01-17,19.90999984741211,19.920000076293945,19.860000610351562,19.915000915527344,68300,16.23986053466797,0.0
BSCP,2019-01-18,19.899999618530273,19.940000534057617,19.878000259399414,19.93000030517578,24000,16.252099990844727,0.0
BSCP,2019-01-22,19.84000015258789,19.90999984741211,19.84000015258789,19.8700008392334,57700,16.246379852294922,0.053
BSCP,2019-01-23,19.899999618530273,19.93000030517578,19.889999389648438,19.924999237060547,32000,16.291343688964844,0.0
BSCP,2019-01-24,20.0,20.0,19.93000030517578,19.989999771118164,31800,16.34449577331543,0.0
BSCP,2019-01-25,19.97599983215332,19.97599983215332,19.90999984741211,19.969999313354492,164000,16.32813835144043,0.0
BSCP,2019-01-28,19.969999313354492,19.98200035095215,19.93000030517578,19.950000762939453,26500,16.311786651611328,0.0
BSCP,2019-01-29,19.979999542236328,20.030000686645508,19.979999542236328,20.014999389648438,42100,16.364927291870117,0.0
BSCP,2019-01-30,20.020000457763672,20.06999969482422,19.979999542236328,20.059999465942383,112300,16.401731491088867,0.0
BSCP,2019-01-31,20.15999984741211,20.190000534057617,20.139999389648438,20.18000030517578,268500,16.499841690063477,0.0
BSCP,2019-02-01,20.170000076293945,20.18000030517578,20.104999542236328,20.117000579833984,154900,16.448328018188477,0.0
BSCP,2019-02-04,20.1299991607666,20.139999389648438,20.06999969482422,20.1200008392334,24000,16.450788497924805,0.0
BSCP,2019-02-05,20.149999618530273,20.190000534057617,20.131999969482422,20.174999237060547,53700,16.49575424194336,0.0
BSCP,2019-02-06,20.200000762939453,20.209999084472656,20.1299991607666,20.190000534057617,110900,16.508014678955078,0.0
BSCP,2019-02-07,20.170000076293945,20.200000762939453,20.15999984741211,20.200000762939453,66100,16.51619529724121,0.0
BSCP,2019-02-08,20.200000762939453,20.219999313354492,20.18000030517578,20.200000762939453,52500,16.51619529724121,0.0
BSCP,2019-02-11,20.149999618530273,20.209999084472656,20.149999618530273,20.184999465942383,28500,16.503925323486328,0.0
BSCP,2019-02-12,20.190000534057617,20.200000762939453,20.149999618530273,20.190000534057617,68200,16.508014678955078,0.0
BSCP,2019-02-13,20.1200008392334,20.170000076293945,20.1200008392334,20.165000915527344,47100,16.487585067749023,0.0
BSCP,2019-02-14,20.209999084472656,20.209999084472656,20.18000030517578,20.209999084472656,29600,16.524377822875977,0.0
BSCP,2019-02-15,20.170000076293945,20.219999313354492,20.170000076293945,20.219999313354492,47000,16.532550811767578,0.0
BSCP,2019-02-19,20.139999389648438,20.170000076293945,20.139999389648438,20.165000915527344,27400,16.53009605407715,0.052
BSCP,2019-02-20,20.14900016784668,20.18000030517578,20.1299991607666,20.15999984741211,80900,16.52599334716797,0.0
BSCP,2019-02-21,20.149999618530273,20.149999618530273,20.114999771118164,20.125,36900,16.497304916381836,0.0
BSCP,2019-02-22,20.170000076293945,20.190000534057617,20.145000457763672,20.170000076293945,84900,16.534189224243164,0.0
BSCP,2019-02-25,20.200000762939453,20.200000762939453,20.149999618530273,20.18899917602539,49300,16.54975700378418,0.0
BSCP,2019-02-26,20.239999771118164,20.239999771118164,20.200000762939453,20.219999313354492,639000,16.575180053710938,0.0
BSCP,2019-02-27,20.200000762939453,20.200000762939453,20.170000076293945,20.190000534057617,65600,16.55057716369629,0.0
BSCP,2019-02-28,20.170000076293945,20.173999786376953,20.149999618530273,20.160999298095703,101300,16.526811599731445,0.0
BSCP,2019-03-01,20.15999984741211,20.18000030517578,20.159000396728516,20.15999984741211,39600,16.52599334716797,0.0
BSCP,2019-03-04,20.170000076293945,20.209999084472656,20.170000076293945,20.209999084472656,35700,16.56698226928711,0.0
BSCP,2019-03-05,20.190000534057617,20.209999084472656,20.170000076293945,20.209999084472656,122500,16.56698226928711,0.0
BSCP,2019-03-06,20.219999313354492,20.239999771118164,20.204999923706055,20.239999771118164,67500,16.591567993164062,0.0
BSCP,2019-03-07,20.280000686645508,20.299999237060547,20.26300048828125,20.290000915527344,49200,16.632549285888672,0.0
BSCP,2019-03-08,20.290000915527344,20.290000915527344,20.239999771118164,20.290000915527344,10800,16.632549285888672,0.0
BSCP,2019-03-11,20.290000915527344,20.299999237060547,20.260000228881836,20.290000915527344,232500,16.632549285888672,0.0
BSCP,2019-03-12,20.295000076293945,20.33799934387207,20.280000686645508,20.31999969482422,76900,16.657148361206055,0.0
BSCP,2019-03-13,20.299999237060547,20.329999923706055,20.299999237060547,20.329999923706055,43000,16.66534423828125,0.0
BSCP,2019-03-14,20.305999755859375,20.329999923706055,20.290000915527344,20.31999969482422,320800,16.657148361206055,0.0
BSCP,2019-03-15,20.350000381469727,20.3799991607666,20.329999923706055,20.364999771118164,62400,16.694042205810547,0.0
BSCP,2019-03-18,20.31999969482422,20.31999969482422,20.280000686645508,20.299999237060547,387000,16.685813903808594,0.055
BSCP,2019-03-19,20.299999237060547,20.329999923706055,20.270000457763672,20.295000076293945,39400,16.68171501159668,0.0
BSCP,2019-03-20,20.31999969482422,20.420000076293945,20.295000076293945,20.420000076293945,195500,16.784448623657227,0.0
BSCP,2019-03-21,20.43000030517578,20.440000534057617,20.40999984741211,20.420000076293945,165100,16.784448623657227,0.0
BSCP,2019-03-22,20.479999542236328,20.510000228881836,20.450000762939453,20.479999542236328,161400,16.833768844604492,0.0
BSCP,2019-03-25,20.520000457763672,20.583999633789062,20.493000030517578,20.559999465942383,255900,16.89952850341797,0.0
BSCP,2019-03-26,20.540000915527344,20.579999923706055,20.510000228881836,20.579999923706055,180000,16.91596794128418,0.0
BSCP,2019-03-27,20.600000381469727,20.6200008392334,20.59000015258789,20.606000900268555,243500,16.93733024597168,0.0
BSCP,2019-03-28,20.59000015258789,20.600000381469727,20.540000915527344,20.579999923706055,179300,16.91596794128418,0.0
BSCP,2019-03-29,20.530000686645508,20.56999969482422,20.510000228881836,20.559999465942383,40700,16.89952850341797,0.0
BSCP,2019-04-01,20.52899932861328,20.52899932861328,20.459999084472656,20.489999771118164,71600,16.841989517211914,0.0
BSCP,2019-04-02,20.5,20.520000457763672,20.489999771118164,20.520000457763672,56700,16.866655349731445,0.0
BSCP,2019-04-03,20.479999542236328,20.510000228881836,20.46500015258789,20.489999771118164,63000,16.841989517211914,0.0
BSCP,2019-04-04,20.510000228881836,20.530000686645508,20.489999771118164,20.530000686645508,99300,16.874874114990234,0.0
BSCP,2019-04-05,20.510000228881836,20.540000915527344,20.5049991607666,20.524999618530273,31700,16.870765686035156,0.0
BSCP,2019-04-08,20.540000915527344,20.540000915527344,20.5,20.530000686645508,88400,16.874874114990234,0.0
BSCP,2019-04-09,20.530000686645508,20.559999465942383,20.530000686645508,20.540000915527344,42400,16.883092880249023,0.0
BSCP,2019-04-10,20.579999923706055,20.6200008392334,20.549999237060547,20.59000015258789,44500,16.924177169799805,0.0
BSCP,2019-04-11,20.579999923706055,20.600000381469727,20.559999465942383,20.59000015258789,125000,16.924177169799805,0.0
BSCP,2019-04-12,20.549999237060547,20.56599998474121,20.510000228881836,20.510000228881836,58000,16.858430862426758,0.0
BSCP,2019-04-15,20.549999237060547,20.56999969482422,20.527000427246094,20.559999465942383,61200,16.89952850341797,0.0
BSCP,2019-04-16,20.540000915527344,20.540000915527344,20.5,20.510000228881836,60100,16.858430862426758,0.0
BSCP,2019-04-17,20.489999771118164,20.530000686645508,20.489999771118164,20.520000457763672,79400,16.866655349731445,0.0
BSCP,2019-04-18,20.549999237060547,20.551000595092773,20.510000228881836,20.540000915527344,43700,16.883092880249023,0.0
BSCP,2019-04-22,20.479999542236328,20.479999542236328,20.43000030517578,20.440000534057617,69200,16.8443603515625,0.053
BSCP,2019-04-23,20.5,20.510000228881836,20.465999603271484,20.510000228881836,90300,16.902040481567383,0.0
BSCP,2019-04-24,20.559999465942383,20.559999465942383,20.540000915527344,20.55500030517578,86000,16.93912124633789,0.0
BSCP,2019-04-25,20.559999465942383,20.559999465942383,20.520000457763672,20.540000915527344,70800,16.9267635345459,0.0
BSCP,2019-04-26,20.600000381469727,20.600000381469727,20.56599998474121,20.56999969482422,74700,16.95148277282715,0.0
BSCP,2019-04-29,20.575000762939453,20.600000381469727,20.549999237060547,20.579999923706055,51100,16.959728240966797,0.0
BSCP,2019-04-30,20.59000015258789,20.6200008392334,20.56100082397461,20.6200008392334,63800,16.99268913269043,0.0
BSCP,2019-05-01,20.6200008392334,20.670000076293945,20.56800079345703,20.59000015258789,379900,16.967971801757812,0.0
BSCP,2019-05-02,20.56999969482422,20.56999969482422,20.510000228881836,20.510000228881836,204800,16.902040481567383,0.0
BSCP,2019-05-03,20.52899932861328,20.56399917602539,20.52899932861328,20.559999465942383,159700,16.943241119384766,0.0
BSCP,2019-05-06,20.589000701904297,20.600000381469727,20.56999969482422,20.600000381469727,33100,16.976215362548828,0.0
BSCP,2019-05-07,20.6299991607666,20.6299991607666,20.597999572753906,20.6200008392334,59000,16.99268913269043,0.0
BSCP,2019-05-08,20.649999618530273,20.649999618530273,20.559999465942383,20.610000610351562,171100,16.98444938659668,0.0
BSCP,2019-05-09,20.6299991607666,20.635000228881836,20.579999923706055,20.600000381469727,70700,16.976215362548828,0.0
BSCP,2019-05-10,20.6299991607666,20.639999389648438,20.577999114990234,20.610000610351562,101300,16.98444938659668,0.0
BSCP,2019-05-13,20.639999389648438,20.670000076293945,20.610000610351562,20.670000076293945,148300,17.03390121459961,0.0
BSCP,2019-05-14,20.65999984741211,20.65999984741211,20.6200008392334,20.639999389648438,61800,17.009172439575195,0.0
BSCP,2019-05-15,20.709999084472656,20.709999084472656,20.65999984741211,20.709999084472656,85000,17.066858291625977,0.0
BSCP,2019-05-16,20.670000076293945,20.690000534057617,20.649999618530273,20.690000534057617,224200,17.05038070678711,0.0
BSCP,2019-05-17,20.700000762939453,20.700000762939453,20.639999389648438,20.68000030517578,58100,17.042133331298828,0.0
BSCP,2019-05-20,20.6299991607666,20.6299991607666,20.559999465942383,20.56999969482422,100400,16.999164581298828,0.058
BSCP,2019-05-21,20.579999923706055,20.59000015258789,20.533000946044922,20.559999465942383,85700,16.990896224975586,0.0
BSCP,2019-05-22,20.559999465942383,20.6200008392334,20.549999237060547,20.59000015258789,127000,17.01569366455078,0.0
BSCP,2019-05-23,20.6299991607666,20.68000030517578,20.60099983215332,20.670000076293945,178100,17.081804275512695,0.0
BSCP,2019-05-24,20.670000076293945,20.68000030517578,20.6200008392334,20.68000030517578,116400,17.090068817138672,0.0
BSCP,2019-05-28,20.700000762939453,20.700000762939453,20.650999069213867,20.700000762939453,80900,17.106597900390625,0.0
BSCP,2019-05-29,20.68000030517578,20.719999313354492,20.670000076293945,20.670000076293945,63700,17.081804275512695,0.0
BSCP,2019-05-30,20.690000534057617,20.719999313354492,20.65999984741211,20.719999313354492,87400,17.12312126159668,0.0
BSCP,2019-05-31,20.75,20.799999237060547,20.709999084472656,20.770000457763672,241200,17.164445877075195,0.0
BSCP,2019-06-03,20.799999237060547,20.8700008392334,20.780000686645508,20.850000381469727,145100,17.230558395385742,0.0
BSCP,2019-06-04,20.899999618530273,20.899999618530273,20.809999465942383,20.850000381469727,194300,17.230558395385742,0.0
BSCP,2019-06-05,20.90999984741211,20.920000076293945,20.84000015258789,20.8799991607666,111200,17.255342483520508,0.0
BSCP,2019-06-06,20.889999389648438,20.889999389648438,20.85099983215332,20.8700008392334,58500,17.24708366394043,0.0
BSCP,2019-06-07,20.950000762939453,20.950000762939453,20.8799991607666,20.920000076293945,52500,17.288406372070312,0.0
BSCP,2019-06-10,20.90999984741211,20.90999984741211,20.860000610351562,20.8700008392334,69300,17.24708366394043,0.0
BSCP,2019-06-11,20.8799991607666,20.889999389648438,20.860000610351562,20.889999389648438,57700,17.26360321044922,0.0
BSCP,2019-06-12,20.90999984741211,20.93000030517578,20.8799991607666,20.93000030517578,85900,17.29667091369629,0.0
BSCP,2019-06-13,20.940000534057617,20.969999313354492,20.917999267578125,20.969999313354492,71600,17.32971954345703,0.0
BSCP,2019-06-14,20.950000762939453,20.969999313354492,20.920000076293945,20.969999313354492,31400,17.32971954345703,0.0
BSCP,2019-06-17,20.969999313354492,20.969999313354492,20.93000030517578,20.969999313354492,68600,17.32971954345703,0.0
BSCP,2019-06-18,21.040000915527344,21.040000915527344,20.979999542236328,21.010000228881836,290200,17.36278533935547,0.0
BSCP,2019-06-19,20.989999771118164,21.136999130249023,20.969999313354492,21.1200008392334,122300,17.45369529724121,0.0
BSCP,2019-06-20,21.18000030517578,21.219999313354492,21.170000076293945,21.209999084472656,101100,17.528059005737305,0.0
BSCP,2019-06-21,21.139999389648438,21.139999389648438,21.100000381469727,21.1299991607666,73500,17.461950302124023,0.0
BSCP,2019-06-24,21.1299991607666,21.15399932861328,21.100000381469727,21.145000457763672,66200,17.521617889404297,0.057
BSCP,2019-06-25,21.15999984741211,21.170000076293945,21.110000610351562,21.139999389648438,46600,17.517471313476562,0.0
BSCP,2019-06-26,21.1299991607666,21.1299991607666,21.049999237060547,21.059999465942383,96200,17.45117950439453,0.0
BSCP,2019-06-27,21.1200008392334,21.139999389648438,21.083999633789062,21.139999389648438,28400,17.517471313476562,0.0
BSCP,2019-06-28,21.139999389648438,21.15999984741211,21.100000381469727,21.15999984741211,37900,17.53404426574707,0.0
BSCP,2019-07-01,21.149999618530273,21.177000045776367,21.1200008392334,21.170000076293945,58200,17.542329788208008,0.0
BSCP,2019-07-02,21.18000030517578,21.209999084472656,21.15999984741211,21.200000762939453,74100,17.567180633544922,0.0
BSCP,2019-07-03,21.219999313354492,21.229999542236328,21.190000534057617,21.200000762939453,82600,17.567180633544922,0.0
BSCP,2019-07-05,21.139999389648438,21.139999389648438,21.079999923706055,21.1299991607666,37800,17.509183883666992,0.0
BSCP,2019-07-08,21.1299991607666,21.1299991607666,21.09000015258789,21.094999313354492,40400,17.48017692565918,0.0
BSCP,2019-07-09,21.100000381469727,21.100000381469727,21.04400062561035,21.059999465942383,77500,17.45117950439453,0.0
BSCP,2019-07-10,21.110000610351562,21.11400032043457,21.079999923706055,21.110000610351562,89200,17.492618560791016,0.0
BSCP,2019-07-11,21.079999923706055,21.1200008392334,21.06999969482422,21.075000762939453,110000,17.46360969543457,0.0
BSCP,2019-07-12,21.030000686645508,21.09000015258789,21.030000686645508,21.084999084472656,18100,17.471893310546875,0.0
BSCP,2019-07-15,21.079999923706055,21.1200008392334,21.059999465942383,21.09000015258789,196400,17.476036071777344,0.0
BSCP,2019-07-16,21.05500030517578,21.079999923706055,21.04400062561035,21.079999923706055,58800,17.46774673461914,0.0
BSCP,2019-07-17,21.110000610351562,21.139999389648438,21.079999923706055,21.1299991607666,85900,17.509183883666992,0.0
BSCP,2019-07-18,21.139999389648438,21.200000762939453,21.1200008392334,21.19499969482422,86200,17.56304168701172,0.0
BSCP,2019-07-19,21.190000534057617,21.190000534057617,21.160999298095703,21.190000534057617,77800,17.558900833129883,0.0
BSCP,2019-07-22,21.125,21.149999618530273,21.104999542236328,21.1299991607666,95100,17.558069229125977,0.059
BSCP,2019-07-23,21.09000015258789,21.139999389648438,21.09000015258789,21.118999481201172,126000,17.548933029174805,0.0
BSCP,2019-07-24,21.149999618530273,21.15999984741211,21.1200008392334,21.139999389648438,32700,17.566381454467773,0.0
BSCP,2019-07-25,21.149999618530273,21.149999618530273,21.079999923706055,21.1200008392334,112100,17.549762725830078,0.0
BSCP,2019-07-26,21.139999389648438,21.139999389648438,21.100000381469727,21.1299991607666,50800,17.558069229125977,0.0
BSCP,2019-07-29,21.149999618530273,21.149999618530273,21.110000610351562,21.110000610351562,66100,17.54145622253418,0.0
BSCP,2019-07-30,21.139999389648438,21.139999389648438,21.100000381469727,21.110000610351562,45400,17.54145622253418,0.0
BSCP,2019-07-31,21.100000381469727,21.15999984741211,21.047000885009766,21.1200008392334,106700,17.549762725830078,0.0
BSCP,2019-08-01,21.15999984741211,21.260000228881836,21.114999771118164,21.260000228881836,88400,17.666099548339844,0.0
BSCP,2019-08-02,21.21500015258789,21.260000228881836,21.190000534057617,21.260000228881836,137100,17.666099548339844,0.0
BSCP,2019-08-05,21.31999969482422,21.329999923706055,21.280000686645508,21.309999465942383,89100,17.707645416259766,0.0
BSCP,2019-08-06,21.329999923706055,21.329999923706055,21.29199981689453,21.309999465942383,86500,17.707645416259766,0.0
BSCP,2019-08-07,21.440000534057617,21.440000534057617,21.309999465942383,21.329999923706055,45900,17.724262237548828,0.0
BSCP,2019-08-08,21.309999465942383,21.329999923706055,21.27899932861328,21.329999923706055,179800,17.724262237548828,0.0
BSCP,2019-08-09,21.34000015258789,21.34000015258789,21.270000457763672,21.290000915527344,60400,17.691028594970703,0.0
BSCP,2019-08-12,21.31999969482422,21.3700008392334,21.288999557495117,21.329999923706055,48600,17.724262237548828,0.0
BSCP,2019-08-13,21.329999923706055,21.329999923706055,21.25,21.280000686645508,372000,17.682716369628906,0.0
BSCP,2019-08-14,21.309999465942383,21.334999084472656,21.264999389648438,21.309999465942383,138300,17.707645416259766,0.0
BSCP,2019-08-15,21.309999465942383,21.389999389648438,21.297000885009766,21.3799991607666,92800,17.76580810546875,0.0
BSCP,2019-08-16,21.3799991607666,21.399999618530273,21.31999969482422,21.399999618530273,133800,17.782434463500977,0.0
BSCP,2019-08-19,21.309999465942383,21.350000381469727,21.2810001373291,21.329999923706055,285400,17.772422790527344,0.058
BSCP,2019-08-20,21.329999923706055,21.389999389648438,21.329999923706055,21.350000381469727,97100,17.789098739624023,0.0
BSCP,2019-08-21,21.360000610351562,21.389999389648438,21.329999923706055,21.389999389648438,68600,17.82242202758789,0.0
BSCP,2019-08-22,21.360000610351562,21.3799991607666,21.31999969482422,21.3799991607666,160900,17.814088821411133,0.0
BSCP,2019-08-23,21.3799991607666,21.459999084472656,21.34600067138672,21.450000762939453,83300,17.87241554260254,0.0
BSCP,2019-08-26,21.399999618530273,21.457000732421875,21.39900016784668,21.40999984741211,58600,17.839092254638672,0.0
BSCP,2019-08-27,21.450000762939453,21.479999542236328,21.417999267578125,21.479999542236328,72200,17.897411346435547,0.0
BSCP,2019-08-28,21.489999771118164,21.489999771118164,21.440000534057617,21.469999313354492,41500,17.889076232910156,0.0
BSCP,2019-08-29,21.469999313354492,21.469999313354492,21.389999389648438,21.389999389648438,295400,17.82242202758789,0.0
BSCP,2019-08-30,21.450000762939453,21.450000762939453,21.399999618530273,21.440000534057617,48700,17.864072799682617,0.0
BSCP,2019-09-03,21.43000030517578,21.5049991607666,21.424999237060547,21.440000534057617,64900,17.864072799682617,0.0
BSCP,2019-09-04,21.5,21.530000686645508,21.459999084472656,21.510000228881836,47600,17.92240333557129,0.0
BSCP,2019-09-05,21.469999313354492,21.469999313354492,21.3799991607666,21.420000076293945,58300,17.84741973876953,0.0
BSCP,2019-09-06,21.450000762939453,21.454999923706055,21.415000915527344,21.43199920654297,40500,17.8574161529541,0.0
BSCP,2019-09-09,21.360000610351562,21.40999984741211,21.360000610351562,21.399999618530273,38800,17.830753326416016,0.0
BSCP,2019-09-10,21.31999969482422,21.350000381469727,21.270000457763672,21.299999237060547,67800,17.7474308013916,0.0
BSCP,2019-09-11,21.309999465942383,21.31999969482422,21.264999389648438,21.264999389648438,82900,17.71826934814453,0.0
BSCP,2019-09-12,21.329999923706055,21.329999923706055,21.246000289916992,21.2549991607666,56100,17.709938049316406,0.0
BSCP,2019-09-13,21.239999771118164,21.239999771118164,21.1299991607666,21.15999984741211,81600,17.630781173706055,0.0
BSCP,2019-09-16,21.200000762939453,21.219999313354492,21.170000076293945,21.207000732421875,47900,17.669950485229492,0.0
BSCP,2019-09-17,21.229999542236328,21.280000686645508,21.190000534057617,21.260000228881836,64900,17.714107513427734,0.0
BSCP,2019-09-18,21.260000228881836,21.329999923706055,21.219999313354492,21.246999740600586,54700,17.70327377319336,0.0
BSCP,2019-09-19,21.28499984741211,21.309999465942383,21.260000228881836,21.270000457763672,89000,17.72243309020996,0.0
BSCP,2019-09-20,21.299999237060547,21.350000381469727,21.270000457763672,21.350000381469727,46000,17.789098739624023,0.0
BSCP,2019-09-23,21.329999923706055,21.350000381469727,21.299999237060547,21.329999923706055,80300,17.82000160217285,0.057
BSCP,2019-09-24,21.329999923706055,21.3799991607666,21.312000274658203,21.3799991607666,75800,17.86178207397461,0.0
BSCP,2019-09-25,21.360000610351562,21.360000610351562,21.264999389648438,21.290000915527344,68000,17.786592483520508,0.0
BSCP,2019-09-26,21.329999923706055,21.329999923706055,21.290000915527344,21.297000885009766,84000,17.792428970336914,0.0
BSCP,2019-09-27,21.329999923706055,21.344999313354492,21.299999237060547,21.34000015258789,55200,17.82836151123047,0.0
BSCP,2019-09-30,21.329999923706055,21.3700008392334,21.299999237060547,21.3700008392334,92700,17.853422164916992,0.0
BSCP,2019-10-01,21.31999969482422,21.42099952697754,21.284000396728516,21.392000198364258,33900,17.87180519104004,0.0
BSCP,2019-10-02,21.420000076293945,21.440000534057617,21.3700008392334,21.43199920654297,65500,17.905227661132812,0.0
BSCP,2019-10-03,21.469999313354492,21.548999786376953,21.44499969482422,21.540000915527344,84100,17.99545669555664,0.0
BSCP,2019-10-04,21.510000228881836,21.559999465942383,21.510000228881836,21.540000915527344,98100,17.99545669555664,0.0
BSCP,2019-10-07,21.549999237060547,21.549999237060547,21.479999542236328,21.510000228881836,131700,17.970386505126953,0.0
BSCP,2019-10-08,21.510000228881836,21.559999465942383,21.5,21.520000457763672,130100,17.978736877441406,0.0
BSCP,2019-10-09,21.559999465942383,21.559999465942383,21.489999771118164,21.530000686645508,110700,17.987089157104492,0.0
BSCP,2019-10-10,21.5,21.5,21.43000030517578,21.434999465942383,48800,17.9077205657959,0.0
BSCP,2019-10-11,21.43000030517578,21.43000030517578,21.360000610351562,21.389999389648438,87300,17.87013053894043,0.0
BSCP,2019-10-14,21.43000030517578,21.440000534057617,21.38800048828125,21.420000076293945,63700,17.89518928527832,0.0
BSCP,2019-10-15,21.43000030517578,21.437999725341797,21.360000610351562,21.361000061035156,113500,17.845905303955078,0.0
BSCP,2019-10-16,21.40999984741211,21.40999984741211,21.375,21.399999618530273,45000,17.878482818603516,0.0
BSCP,2019-10-17,21.43000030517578,21.43000030517578,21.389999389648438,21.420000076293945,62800,17.89518928527832,0.0
BSCP,2019-10-18,21.459999084472656,21.459999084472656,21.420000076293945,21.434999465942383,99200,17.9077205657959,0.0
BSCP,2019-10-21,21.389999389648438,21.399999618530273,21.350000381469727,21.364999771118164,55200,17.897672653198242,0.058
BSCP,2019-10-22,21.420000076293945,21.420000076293945,21.350000381469727,21.3799991607666,150500,17.910242080688477,0.0
BSCP,2019-10-23,21.43000030517578,21.43000030517578,21.3700008392334,21.375,87000,17.906057357788086,0.0
BSCP,2019-10-24,21.420000076293945,21.420000076293945,21.389999389648438,21.399999618530273,266600,17.926998138427734,0.0
BSCP,2019-10-25,21.389999389648438,21.424999237060547,21.350000381469727,21.3700008392334,74200,17.901859283447266,0.0
BSCP,2019-10-28,21.34000015258789,21.3700008392334,21.329999923706055,21.360000610351562,239500,17.893484115600586,0.0
BSCP,2019-10-29,21.389999389648438,21.389999389648438,21.34000015258789,21.360000610351562,157800,17.893484115600586,0.0
BSCP,2019-10-30,21.31999969482422,21.389999389648438,21.31999969482422,21.3799991607666,112100,17.910242080688477,0.0
BSCP,2019-10-31,21.440000534057617,21.469999313354492,21.420000076293945,21.46500015258789,174200,17.981447219848633,0.0
BSCP,2019-11-01,21.479999542236328,21.479999542236328,21.424999237060547,21.450000762939453,185000,17.9688777923584,0.0
BSCP,2019-11-04,21.450000762939453,21.450000762939453,21.399999618530273,21.40999984741211,92700,17.93537712097168,0.0
BSCP,2019-11-05,21.399999618530273,21.399999618530273,21.322999954223633,21.350000381469727,243700,17.885108947753906,0.0
BSCP,2019-11-06,21.3700008392334,21.405000686645508,21.34000015258789,21.399999618530273,91700,17.926998138427734,0.0
BSCP,2019-11-07,21.3700008392334,21.3700008392334,21.270000457763672,21.329999923706055,73500,17.868350982666016,0.0
BSCP,2019-11-08,21.299999237060547,21.339000701904297,21.290000915527344,21.299999237060547,62100,17.84322166442871,0.0
BSCP,2019-11-11,21.290000915527344,21.350000381469727,21.290000915527344,21.329999923706055,84900,17.868350982666016,0.0
BSCP,2019-11-12,21.329999923706055,21.329999923706055,21.277999877929688,21.299999237060547,212900,17.84322166442871,0.0
BSCP,2019-11-13,21.360000610351562,21.3700008392334,21.31999969482422,21.350000381469727,89900,17.885108947753906,0.0
BSCP,2019-11-14,21.399999618530273,21.40999984741211,21.3700008392334,21.399999618530273,163400,17.926998138427734,0.0
BSCP,2019-11-15,21.399999618530273,21.399999618530273,21.3700008392334,21.3799991607666,54600,17.910242080688477,0.0
BSCP,2019-11-18,21.389999389648438,21.389999389648438,21.329999923706055,21.3700008392334,119900,17.94719123840332,0.054
BSCP,2019-11-19,21.3799991607666,21.3799991607666,21.334999084472656,21.350000381469727,783900,17.930397033691406,0.0
BSCP,2019-11-20,21.399999618530273,21.399999618530273,21.34000015258789,21.3700008392334,71500,17.94719123840332,0.0
BSCP,2019-11-21,21.389999389648438,21.389999389648438,21.325000762939453,21.34000015258789,46200,17.92201042175293,0.0
BSCP,2019-11-22,21.360000610351562,21.360000610351562,21.34000015258789,21.360000610351562,62500,17.938791275024414,0.0
BSCP,2019-11-25,21.34000015258789,21.389999389648438,21.34000015258789,21.375,54100,17.951396942138672,0.0
BSCP,2019-11-26,21.420000076293945,21.420000076293945,21.3799991607666,21.40999984741211,79500,17.98078727722168,0.0
BSCP,2019-11-27,21.389999389648438,21.399999618530273,21.360000610351562,21.3700008392334,88900,17.94719123840332,0.0
BSCP,2019-11-29,21.3799991607666,21.389999389648438,21.354999542236328,21.3799991607666,20100,17.955596923828125,0.0
BSCP,2019-12-02,21.360000610351562,21.3799991607666,21.31999969482422,21.3799991607666,50300,17.955596923828125,0.0
BSCP,2019-12-03,21.450000762939453,21.469999313354492,21.399999618530273,21.440000534057617,121600,18.005979537963867,0.0
BSCP,2019-12-04,21.450000762939453,21.458999633789062,21.40999984741211,21.440000534057617,60600,18.005979537963867,0.0
BSCP,2019-12-05,21.40999984741211,21.440000534057617,21.393999099731445,21.440000534057617,73200,18.005979537963867,0.0
BSCP,2019-12-06,21.389999389648438,21.420000076293945,21.375,21.389999389648438,76100,17.963987350463867,0.0
BSCP,2019-12-09,21.43000030517578,21.43000030517578,21.389999389648438,21.43000030517578,87700,17.997583389282227,0.0
BSCP,2019-12-10,21.424999237060547,21.43000030517578,21.360000610351562,21.3700008392334,117200,17.94719123840332,0.0
BSCP,2019-12-11,21.420000076293945,21.440000534057617,21.371000289916992,21.40999984741211,84000,17.98078727722168,0.0
BSCP,2019-12-12,21.440000534057617,21.440000534057617,21.34000015258789,21.3799991607666,36900,17.955596923828125,0.0
BSCP,2019-12-13,21.40999984741211,21.450000762939453,21.389999389648438,21.44499969482422,58000,18.010183334350586,0.0
BSCP,2019-12-16,21.450000762939453,21.450000762939453,21.389999389648438,21.399999618530273,55200,17.972389221191406,0.0
BSCP,2019-12-17,21.440000534057617,21.459999084472656,21.40999984741211,21.440000534057617,63900,18.005979537963867,0.0
BSCP,2019-12-18,21.440000534057617,21.440000534057617,21.395000457763672,21.420000076293945,103500,17.98918342590332,0.0
BSCP,2019-12-19,21.43000030517578,21.459999084472656,21.389999389648438,21.459999084472656,118200,18.022789001464844,0.0
BSCP,2019-12-20,21.434999465942383,21.440000534057617,21.40999984741211,21.434999465942383,258400,18.001785278320312,0.0
BSCP,2019-12-23,21.40999984741211,21.40999984741211,21.35099983215332,21.364999771118164,164600,17.98915672302246,0.055
BSCP,2019-12-24,21.329999923706055,21.399999618530273,21.329999923706055,21.399999618530273,83000,18.018617630004883,0.0
BSCP,2019-12-26,21.40999984741211,21.43000030517578,21.399999618530273,21.43000030517578,287500,18.04388427734375,0.0
BSCP,2019-12-27,21.440000534057617,21.469999313354492,21.40999984741211,21.469999313354492,133600,18.077552795410156,0.0
BSCP,2019-12-30,21.450000762939453,21.5,21.40999984741211,21.5,208800,18.102819442749023,0.0
BSCP,2019-12-31,21.450000762939453,21.5,21.40999984741211,21.5,208800,18.102819442749023,0.0
BSCP,2020-01-02,21.459999084472656,21.530000686645508,21.459999084472656,21.475000381469727,122200,18.081775665283203,0.0
BSCP,2020-01-03,21.579999923706055,21.579999923706055,21.469999313354492,21.524999618530273,175800,18.123870849609375,0.0
BSCP,2020-01-06,21.540000915527344,21.540000915527344,21.479999542236328,21.514999389648438,145200,18.11545753479004,0.0
BSCP,2020-01-07,21.530000686645508,21.530000686645508,21.469999313354492,21.510000228881836,138600,18.111238479614258,0.0
BSCP,2020-01-08,21.520000457763672,21.530000686645508,21.459999084472656,21.489999771118164,111100,18.09440803527832,0.0
BSCP,2020-01-09,21.459999084472656,21.510000228881836,21.450000762939453,21.488000869750977,144900,18.09272003173828,0.0
BSCP,2020-01-10,21.5,21.540000915527344,21.499000549316406,21.524999618530273,151700,18.123870849609375,0.0
BSCP,2020-01-13,21.530000686645508,21.530000686645508,21.5,21.514999389648438,89300,18.11545753479004,0.0
BSCP,2020-01-14,21.510000228881836,21.549999237060547,21.503999710083008,21.53700065612793,154000,18.133983612060547,0.0
BSCP,2020-01-15,21.559999465942383,21.559999465942383,21.5,21.559999465942383,1038200,18.15334701538086,0.0
BSCP,2020-01-16,21.559999465942383,21.56999969482422,21.520000457763672,21.56999969482422,330000,18.16176414489746,0.0
BSCP,2020-01-17,21.559999465942383,21.56999969482422,21.540000915527344,21.55500030517578,82600,18.149141311645508,0.0
BSCP,2020-01-21,21.549999237060547,21.559999465942383,21.5,21.549999237060547,250300,18.19133758544922,0.055
BSCP,2020-01-22,21.56999969482422,21.579999923706055,21.549999237060547,21.565000534057617,202900,18.20400047302246,0.0
BSCP,2020-01-23,21.579999923706055,21.600000381469727,21.549999237060547,21.579999923706055,96900,18.2166690826416,0.0
BSCP,2020-01-24,21.6200008392334,21.6299991607666,21.575000762939453,21.600000381469727,160000,18.233545303344727,0.0
BSCP,2020-01-27,21.65999984741211,21.65999984741211,21.6299991607666,21.649999618530273,83300,18.27574920654297,0.0
BSCP,2020-01-28,21.65999984741211,21.65999984741211,21.610000610351562,21.645000457763672,166400,18.27153968811035,0.0
BSCP,2020-01-29,21.65999984741211,21.719999313354492,21.643999099731445,21.704999923706055,194500,18.32218360900879,0.0
BSCP,2020-01-30,21.709999084472656,21.739999771118164,21.68400001525879,21.704999923706055,129200,18.32218360900879,0.0
BSCP,2020-01-31,21.75,21.770000457763672,21.719999313354492,21.770000457763672,308000,18.37705421447754,0.0
BSCP,2020-02-03,21.729999542236328,21.780000686645508,21.70800018310547,21.780000686645508,199000,18.385496139526367,0.0
BSCP,2020-02-04,21.729999542236328,21.729999542236328,21.65999984741211,21.704999923706055,133600,18.32218360900879,0.0
BSCP,2020-02-05,21.700000762939453,21.709999084472656,21.670000076293945,21.690000534057617,118400,18.309524536132812,0.0
BSCP,2020-02-06,21.690000534057617,21.700000762939453,21.670000076293945,21.68000030517578,93100,18.30108070373535,0.0
BSCP,2020-02-07,21.719999313354492,21.739999771118164,21.68000030517578,21.725000381469727,115500,18.339061737060547,0.0
BSCP,2020-02-10,21.739999771118164,21.770000457763672,21.725000381469727,21.764999389648438,129100,18.37282943725586,0.0
BSCP,2020-02-11,21.770000457763672,21.770000457763672,21.733999252319336,21.760000228881836,109500,18.368606567382812,0.0
BSCP,2020-02-12,21.739999771118164,21.739999771118164,21.709999084472656,21.7189998626709,109900,18.333999633789062,0.0
BSCP,2020-02-13,21.75,21.75,21.709999084472656,21.711000442504883,104100,18.327247619628906,0.0
BSCP,2020-02-14,21.75,21.770000457763672,21.709999084472656,21.719999313354492,130900,18.334848403930664,0.0
BSCP,2020-02-18,21.729999542236328,21.780000686645508,21.729999542236328,21.760000228881836,88500,18.368606567382812,0.0
BSCP,2020-02-19,21.770000457763672,21.770000457763672,21.75,21.760000228881836,125500,18.368606567382812,0.0
BSCP,2020-02-20,21.760000228881836,21.799999237060547,21.753999710083008,21.79199981689453,141700,18.395620346069336,0.0
BSCP,2020-02-21,21.799999237060547,21.860000610351562,21.790000915527344,21.815000534057617,96500,18.41503143310547,0.0
BSCP,2020-02-24,21.829999923706055,21.829999923706055,21.780000686645508,21.795000076293945,76000,18.440420150756836,0.05
BSCP,2020-02-25,21.799999237060547,21.860000610351562,21.780000686645508,21.815000534057617,120100,18.457345962524414,0.0
BSCP,2020-02-26,21.829999923706055,21.860000610351562,21.80299949645996,21.834999084472656,79100,18.474271774291992,0.0
BSCP,2020-02-27,21.8700008392334,21.8700008392334,21.760000228881836,21.780000686645508,469800,18.427734375,0.0
BSCP,2020-02-28,21.860000610351562,21.899999618530273,21.799999237060547,21.875,90900,18.508106231689453,0.0
BSCP,2020-03-02,21.959999084472656,21.979999542236328,21.860000610351562,21.860000610351562,112400,18.495420455932617,0.0
BSCP,2020-03-03,21.90999984741211,22.110000610351562,21.906999588012695,22.030000686645508,122000,18.63925552368164,0.0
BSCP,2020-03-04,22.06999969482422,22.149999618530273,22.06999969482422,22.110000610351562,399500,18.706941604614258,0.0
BSCP,2020-03-05,22.15999984741211,22.15999984741211,22.049999237060547,22.065000534057617,67800,18.668865203857422,0.0
BSCP,2020-03-06,22.06999969482422,22.089000701904297,21.940000534057617,22.020000457763672,243200,18.63079261779785,0.0
BSCP,2020-03-09,21.6200008392334,22.0,21.6200008392334,21.709999084472656,105500,18.368494033813477,0.0
BSCP,2020-03-10,21.59000015258789,21.670000076293945,21.459999084472656,21.459999084472656,341100,18.156984329223633,0.0
BSCP,2020-03-11,21.459999084472656,21.459999084472656,20.981000900268555,21.045000076293945,133100,17.80586051940918,0.0
BSCP,2020-03-12,20.65999984741211,21.0,19.75,20.489999771118164,138200,17.336278915405273,0.0
BSCP,2020-03-13,20.389999389648438,20.790000915527344,20.389999389648438,20.75,574000,17.55626678466797,0.0
BSCP,2020-03-16,19.31999969482422,20.579999923706055,19.31999969482422,20.520000457763672,137900,17.361663818359375,0.0
BSCP,2020-03-17,20.190000534057617,20.420000076293945,19.969999313354492,20.059999465942383,391800,16.97245979309082,0.0
BSCP,2020-03-18,19.690000534057617,19.812000274658203,19.1299991607666,19.309999465942383,270400,16.337900161743164,0.0
BSCP,2020-03-19,19.270000457763672,19.37700080871582,18.600000381469727,18.839000701904297,388800,15.939399719238281,0.0
BSCP,2020-03-20,18.889999389648438,19.1200008392334,18.611000061035156,18.673999786376953,226900,15.799787521362305,0.0
BSCP,2020-03-23,19.170000076293945,19.565000534057617,19.170000076293945,19.469999313354492,174200,16.520164489746094,0.053
BSCP,2020-03-24,19.56999969482422,19.799999237060547,19.34000015258789,19.552000045776367,206000,16.589738845825195,0.0
BSCP,2020-03-25,19.790000915527344,20.18000030517578,19.719999313354492,20.139999389648438,129500,17.088645935058594,0.0
BSCP,2020-03-26,20.06999969482422,20.239999771118164,20.030000686645508,20.22599983215332,189200,17.16162109375,0.0
BSCP,2020-03-27,20.229999542236328,20.389999389648438,20.10099983215332,20.280000686645508,103100,17.20744514465332,0.0
BSCP,2020-03-30,20.360000610351562,20.514999389648438,20.270000457763672,20.489999771118164,86600,17.38562774658203,0.0
BSCP,2020-03-31,20.690000534057617,20.690000534057617,20.517000198364258,20.56999969482422,98900,17.453500747680664,0.0
BSCP,2020-04-01,20.5,20.6200008392334,20.459999084472656,20.489999771118164,91400,17.38562774658203,0.0
BSCP,2020-04-02,20.48200035095215,20.579999923706055,20.420000076293945,20.49799919128418,52800,17.39240837097168,0.0
BSCP,2020-04-03,20.549999237060547,20.549999237060547,20.424999237060547,20.45400047302246,110900,17.355083465576172,0.0
BSCP,2020-04-06,20.53499984741211,20.6200008392334,20.51300048828125,20.6200008392334,110500,17.495929718017578,0.0
BSCP,2020-04-07,20.770000457763672,20.770000457763672,20.68000030517578,20.700000762939453,131300,17.563810348510742,0.0
BSCP,2020-04-08,20.690000534057617,20.959999084472656,20.670000076293945,20.93000030517578,160200,17.758960723876953,0.0
BSCP,2020-04-09,21.15999984741211,21.510000228881836,21.100000381469727,21.5049991607666,474800,18.24684715270996,0.0
BSCP,2020-04-13,21.459999084472656,21.579999923706055,21.36199951171875,21.530000686645508,208800,18.268047332763672,0.0
BSCP,2020-04-14,21.510000228881836,21.639999389648438,21.500999450683594,21.639999389648438,301400,18.361391067504883,0.0
BSCP,2020-04-15,21.450000762939453,21.684999465942383,21.420000076293945,21.520000457763672,724300,18.259565353393555,0.0
BSCP,2020-04-16,21.540000915527344,21.649999618530273,21.469999313354492,21.579999923706055,89500,18.310482025146484,0.0
BSCP,2020-04-17,21.549999237060547,21.690000534057617,21.511999130249023,21.6200008392334,121900,18.34442138671875,0.0
BSCP,2020-04-20,21.530000686645508,21.54599952697754,21.3799991607666,21.44300079345703,142300,18.236412048339844,0.05
BSCP,2020-04-21,21.389999389648438,21.40999984741211,21.299999237060547,21.329999923706055,67400,18.140300750732422,0.0
BSCP,2020-04-22,21.399999618530273,21.450000762939453,21.299999237060547,21.399999618530273,140200,18.19984245300293,0.0
BSCP,2020-04-23,21.440000534057617,21.479999542236328,21.329999923706055,21.43000030517578,103800,18.225351333618164,0.0
BSCP,2020-04-24,21.479999542236328,21.5,21.34000015258789,21.459999084472656,144400,18.250871658325195,0.0
BSCP,2020-04-27,21.459999084472656,21.459999084472656,21.350000381469727,21.40999984741211,540900,18.208345413208008,0.0
BSCP,2020-04-28,21.3799991607666,21.469999313354492,21.350000381469727,21.399999618530273,106600,18.19984245300293,0.0
BSCP,2020-04-29,21.399999618530273,21.540000915527344,21.399999618530273,21.459999084472656,105000,18.250871658325195,0.0
BSCP,2020-04-30,21.540000915527344,21.549999237060547,21.469999313354492,21.530000686645508,85600,18.310401916503906,0.0
BSCP,2020-05-01,21.530000686645508,21.530000686645508,21.43000030517578,21.469999313354492,167000,18.259368896484375,0.0
BSCP,2020-05-04,21.469999313354492,21.527000427246094,21.44700050354004,21.469999313354492,65100,18.259368896484375,0.0
BSCP,2020-05-05,21.520000457763672,21.540000915527344,21.43000030517578,21.510000228881836,110800,18.293394088745117,0.0
BSCP,2020-05-06,21.530000686645508,21.530000686645508,21.43000030517578,21.459999084472656,111600,18.250871658325195,0.0
BSCP,2020-05-07,21.450000762939453,21.540000915527344,21.43000030517578,21.510000228881836,92600,18.293394088745117,0.0
BSCP,2020-05-08,21.510000228881836,21.540000915527344,21.459999084472656,21.4950008392334,144000,18.28062629699707,0.0
BSCP,2020-05-11,21.5,21.5,21.43000030517578,21.489999771118164,171400,18.276382446289062,0.0
BSCP,2020-05-12,21.5,21.558000564575195,21.440000534057617,21.44499969482422,155100,18.23811912536621,0.0
BSCP,2020-05-13,21.5,21.59000015258789,21.5,21.56800079345703,157800,18.342716217041016,0.0
BSCP,2020-05-14,21.5,21.600000381469727,21.5,21.575000762939453,84500,18.348676681518555,0.0
BSCP,2020-05-15,21.610000610351562,21.6200008392334,21.510000228881836,21.549999237060547,65700,18.327415466308594,0.0
BSCP,2020-05-18,21.549999237060547,21.6299991607666,21.510000228881836,21.584999084472656,179400,18.39900779724121,0.049
BSCP,2020-05-19,21.68000030517578,21.709999084472656,21.579999923706055,21.700000762939453,253000,18.497037887573242,0.0
BSCP,2020-05-20,21.68000030517578,21.809999465942383,21.65999984741211,21.795000076293945,92700,18.578018188476562,0.0
BSCP,2020-05-21,21.809999465942383,21.809999465942383,21.75,21.79199981689453,89500,18.575458526611328,0.0
BSCP,2020-05-22,21.809999465942383,21.829999923706055,21.770000457763672,21.80500030517578,46000,18.586544036865234,0.0
BSCP,2020-05-26,21.8700008392334,21.889999389648438,21.790000915527344,21.889999389648438,166700,18.65900230407715,0.0
BSCP,2020-05-27,21.920000076293945,21.920000076293945,21.84000015258789,21.902000427246094,102400,18.66922378540039,0.0
BSCP,2020-05-28,21.90999984741211,21.950000762939453,21.84000015258789,21.90999984741211,120300,18.676042556762695,0.0
BSCP,2020-05-29,21.93000030517578,22.030000686645508,21.90999984741211,21.989999771118164,112300,18.744226455688477,0.0
BSCP,2020-06-01,22.06999969482422,22.079999923706055,21.93000030517578,22.06999969482422,109800,18.81241798400879,0.0
BSCP,2020-06-02,22.042999267578125,22.1299991607666,21.979999542236328,22.117000579833984,110900,18.85248374938965,0.0
BSCP,2020-06-03,22.15999984741211,22.15999984741211,22.010000228881836,22.100000381469727,140200,18.838001251220703,0.0
BSCP,2020-06-04,22.139999389648438,22.149999618530273,22.020000457763672,22.12700080871582,127100,18.861011505126953,0.0
BSCP,2020-06-05,22.1299991607666,22.170000076293945,22.062999725341797,22.149999618530273,76600,18.88062286376953,0.0
BSCP,2020-06-08,22.190000534057617,22.219999313354492,22.100000381469727,22.18000030517578,91400,18.90618324279785,0.0
BSCP,2020-06-09,22.200000762939453,22.209999084472656,22.15999984741211,22.18600082397461,98200,18.91131019592285,0.0
BSCP,2020-06-10,22.200000762939453,22.229999542236328,22.1299991607666,22.201000213623047,180800,18.92408561706543,0.0
BSCP,2020-06-11,22.049999237060547,22.139999389648438,22.049999237060547,22.059999465942383,89800,18.80389976501465,0.0
BSCP,2020-06-12,22.0,22.110000610351562,22.0,22.0939998626709,136300,18.832881927490234,0.0
BSCP,2020-06-15,21.959999084472656,22.25,21.959999084472656,22.219999313354492,102300,18.94028091430664,0.0
BSCP,2020-06-16,22.31999969482422,22.34000015258789,22.226999282836914,22.34000015258789,106100,19.04257583618164,0.0
BSCP,2020-06-17,22.34000015258789,22.34000015258789,22.209999084472656,22.264999389648438,181500,18.9786376953125,0.0
BSCP,2020-06-18,22.290000915527344,22.290000915527344,22.229999542236328,22.25,92800,18.965856552124023,0.0
BSCP,2020-06-19,22.2450008392334,22.290000915527344,22.239999771118164,22.2549991607666,121800,18.970123291015625,0.0
BSCP,2020-06-22,22.229999542236328,22.229999542236328,22.190000534057617,22.200000762939453,93800,18.961584091186523,0.045
BSCP,2020-06-23,22.200000762939453,22.219999313354492,22.170000076293945,22.200000762939453,135800,18.961584091186523,0.0
BSCP,2020-06-24,22.190000534057617,22.190000534057617,22.149999618530273,22.16900062561035,101000,18.93509864807129,0.0
BSCP,2020-06-25,22.190000534057617,22.200000762939453,22.149999618530273,22.184999465942383,142500,18.948760986328125,0.0
BSCP,2020-06-26,22.200000762939453,22.200000762939453,22.1299991607666,22.139999389648438,101500,18.910329818725586,0.0
BSCP,2020-06-29,22.15999984741211,22.219999313354492,22.149999618530273,22.219999313354492,121400,18.978656768798828,0.0
BSCP,2020-06-30,22.229999542236328,22.270000457763672,22.219999313354492,22.219999313354492,113200,18.978656768798828,0.0
BSCP,2020-07-01,22.229999542236328,22.25,22.200000762939453,22.219999313354492,120200,18.978656768798828,0.0
BSCP,2020-07-02,22.260000228881836,22.280000686645508,22.239999771118164,22.260000228881836,120900,19.012826919555664,0.0
BSCP,2020-07-06,22.270000457763672,22.31999969482422,22.270000457763672,22.30500030517578,123700,19.051259994506836,0.0
BSCP,2020-07-07,22.280000686645508,22.309999465942383,22.270000457763672,22.290000915527344,264400,19.038450241088867,0.0
BSCP,2020-07-08,22.299999237060547,22.31999969482422,22.260000228881836,22.299999237060547,171400,19.046985626220703,0.0
BSCP,2020-07-09,22.290000915527344,22.31999969482422,22.280000686645508,22.309999465942383,115200,19.055524826049805,0.0
BSCP,2020-07-10,22.299999237060547,22.309999465942383,22.270000457763672,22.285999298095703,175700,19.035030364990234,0.0
BSCP,2020-07-13,22.299999237060547,22.315000534057617,22.290000915527344,22.30500030517578,86400,19.051259994506836,0.0
BSCP,2020-07-14,22.299999237060547,22.329999923706055,22.280000686645508,22.31999969482422,141500,19.064067840576172,0.0
BSCP,2020-07-15,22.34000015258789,22.350000381469727,22.299999237060547,22.3439998626709,155600,19.084569931030273,0.0
BSCP,2020-07-16,22.34000015258789,22.360000610351562,22.34000015258789,22.350000381469727,119800,19.089689254760742,0.0
BSCP,2020-07-17,22.31999969482422,22.3799991607666,22.31999969482422,22.3799991607666,85900,19.11532211303711,0.0
BSCP,2020-07-20,22.350000381469727,22.389999389648438,22.309999465942383,22.350000381469727,152900,19.129011154174805,0.046
BSCP,2020-07-21,22.360000610351562,22.3799991607666,22.329999923706055,22.361000061035156,202400,19.138431549072266,0.0
BSCP,2020-07-22,22.389999389648438,22.399999618530273,22.363000869750977,22.385000228881836,91900,19.158971786499023,0.0
BSCP,2020-07-23,22.389999389648438,22.399999618530273,22.350000381469727,22.3799991607666,152600,19.154687881469727,0.0
BSCP,2020-07-24,22.3799991607666,22.399999618530273,22.360000610351562,22.385000228881836,114400,19.158971786499023,0.0
BSCP,2020-07-27,22.3700008392334,22.43000030517578,22.360000610351562,22.364999771118164,155100,19.1418514251709,0.0
BSCP,2020-07-28,22.360000610351562,22.399999618530273,22.350000381469727,22.3799991607666,105400,19.154687881469727,0.0
BSCP,2020-07-29,22.3700008392334,22.440000534057617,22.360000610351562,22.430999755859375,117500,19.19834327697754,0.0
BSCP,2020-07-30,22.420000076293945,22.459999084472656,22.399999618530273,22.450000762939453,100500,19.21460723876953,0.0
BSCP,2020-07-31,22.440000534057617,22.479999542236328,22.420000076293945,22.479999542236328,129700,19.240278244018555,0.0
BSCP,2020-08-03,22.479999542236328,22.5,22.450000762939453,22.5,92800,19.257394790649414,0.0
BSCP,2020-08-04,22.5,22.520000457763672,22.469999313354492,22.510000228881836,107800,19.265958786010742,0.0
BSCP,2020-08-05,22.520000457763672,22.530000686645508,22.5,22.510000228881836,111100,19.265958786010742,0.0
BSCP,2020-08-06,22.530000686645508,22.549999237060547,22.490999221801758,22.540000915527344,109100,19.29163360595703,0.0
BSCP,2020-08-07,22.540000915527344,22.549999237060547,22.530000686645508,22.53499984741211,93800,19.287355422973633,0.0
BSCP,2020-08-10,22.530000686645508,22.549999237060547,22.520000457763672,22.53499984741211,119400,19.287355422973633,0.0
BSCP,2020-08-11,22.510000228881836,22.510000228881836,22.489999771118164,22.4950008392334,185100,19.253124237060547,0.0
BSCP,2020-08-12,22.469999313354492,22.489999771118164,22.461999893188477,22.489999771118164,119200,19.248836517333984,0.0
BSCP,2020-08-13,22.459999084472656,22.489999771118164,22.420000076293945,22.43000030517578,232400,19.197484970092773,0.0
BSCP,2020-08-14,22.440000534057617,22.450000762939453,22.399999618530273,22.420000076293945,247200,19.18893051147461,0.0
BSCP,2020-08-17,22.420000076293945,22.440000534057617,22.40999984741211,22.440000534057617,150900,19.20604705810547,0.0
BSCP,2020-08-18,22.420000076293945,22.469999313354492,22.420000076293945,22.459999084472656,449700,19.223163604736328,0.0
BSCP,2020-08-19,22.450000762939453,22.464000701904297,22.43000030517578,22.44499969482422,1044300,19.210330963134766,0.0
BSCP,2020-08-20,22.450000762939453,22.469999313354492,22.437999725341797,22.46500015258789,133500,19.22743797302246,0.0
BSCP,2020-08-21,22.469999313354492,22.479999542236328,22.450000762939453,22.469999313354492,109900,19.231718063354492,0.0
BSCP,2020-08-24,22.43000030517578,22.43400001525879,22.399999618530273,22.43000030517578,212400,19.23515510559082,0.044
BSCP,2020-08-25,22.399999618530273,22.43000030517578,22.3799991607666,22.41699981689453,266600,19.22400665283203,0.0
BSCP,2020-08-26,22.389999389648438,22.420000076293945,22.360000610351562,22.405000686645508,168800,19.213714599609375,0.0
BSCP,2020-08-27,22.40999984741211,22.440000534057617,22.3799991607666,22.389999389648438,386100,19.20085334777832,0.0
BSCP,2020-08-28,22.420000076293945,22.450000762939453,22.39900016784668,22.420000076293945,205500,19.226573944091797,0.0
BSCP,2020-08-31,22.440000534057617,22.469999313354492,22.40999984741211,22.43000030517578,176300,19.23515510559082,0.0
BSCP,2020-09-01,22.459999084472656,22.524999618530273,22.440000534057617,22.514999389648438,670700,19.308046340942383,0.0
BSCP,2020-09-02,22.5,22.530000686645508,22.479999542236328,22.5,240800,19.295175552368164,0.0
BSCP,2020-09-03,22.520000457763672,22.520000457763672,22.479999542236328,22.510000228881836,146000,19.303752899169922,0.0
BSCP,2020-09-04,22.479999542236328,22.479999542236328,22.43000030517578,22.454999923706055,143500,19.256591796875,0.0
BSCP,2020-09-08,22.440000534057617,22.450000762939453,22.420000076293945,22.434999465942383,139300,19.23944664001465,0.0
BSCP,2020-09-09,22.450000762939453,22.459999084472656,22.420000076293945,22.45199966430664,119700,19.254016876220703,0.0
BSCP,2020-09-10,22.440000534057617,22.469999313354492,22.420000076293945,22.440000534057617,207000,19.24372673034668,0.0
BSCP,2020-09-11,22.450000762939453,22.479999542236328,22.40999984741211,22.479999542236328,85100,19.27803611755371,0.0
BSCP,2020-09-14,22.450000762939453,22.483999252319336,22.440000534057617,22.469999313354492,227700,19.269454956054688,0.0
BSCP,2020-09-15,22.450000762939453,22.469999313354492,22.420000076293945,22.469999313354492,92700,19.269454956054688,0.0
BSCP,2020-09-16,22.479999542236328,22.489999771118164,22.459999084472656,22.475000381469727,222900,19.27374267578125,0.0
BSCP,2020-09-17,22.479999542236328,22.489999771118164,22.469999313354492,22.479999542236328,160000,19.27803611755371,0.0
BSCP,2020-09-18,22.469999313354492,22.479999542236328,22.459999084472656,22.469999313354492,130700,19.269454956054688,0.0
BSCP,2020-09-21,22.43000030517578,22.43000030517578,22.399999618530273,22.420000076293945,75300,19.261720657348633,0.041
BSCP,2020-09-22,22.420000076293945,22.420000076293945,22.399999618530273,22.420000076293945,94800,19.261720657348633,0.0
BSCP,2020-09-23,22.420000076293945,22.420000076293945,22.350000381469727,22.360000610351562,126800,19.21017837524414,0.0
BSCP,2020-09-24,22.360000610351562,22.360000610351562,22.299999237060547,22.327999114990234,164100,19.18267822265625,0.0
BSCP,2020-09-25,22.299999237060547,22.309999465942383,22.290000915527344,22.299999237060547,118400,19.15862464904785,0.0
BSCP,2020-09-28,22.260000228881836,22.360000610351562,22.260000228881836,22.354999542236328,157200,19.205875396728516,0.0
BSCP,2020-09-29,22.360000610351562,22.360000610351562,22.329999923706055,22.347000122070312,91500,19.199003219604492,0.0
BSCP,2020-09-30,22.350000381469727,22.360000610351562,22.34000015258789,22.350000381469727,95000,19.201580047607422,0.0
BSCP,2020-10-01,22.350000381469727,22.3799991607666,22.34000015258789,22.3799991607666,58500,19.227354049682617,0.0
BSCP,2020-10-02,22.389999389648438,22.389999389648438,22.34000015258789,22.389999389648438,105400,19.235944747924805,0.0
BSCP,2020-10-05,22.3799991607666,22.389999389648438,22.360000610351562,22.3799991607666,128600,19.227354049682617,0.0
BSCP,2020-10-06,22.3799991607666,22.40999984741211,22.3700008392334,22.395000457763672,294900,19.2402400970459,0.0
BSCP,2020-10-07,22.3700008392334,22.3799991607666,22.360000610351562,22.365999221801758,106700,19.2153263092041,0.0
BSCP,2020-10-08,22.389999389648438,22.389999389648438,22.3700008392334,22.385000228881836,91000,19.231651306152344,0.0
BSCP,2020-10-09,22.399999618530273,22.420000076293945,22.3799991607666,22.395000457763672,69700,19.2402400970459,0.0
BSCP,2020-10-12,22.420000076293945,22.469999313354492,22.402000427246094,22.454999923706055,67400,19.291791915893555,0.0
BSCP,2020-10-13,22.459999084472656,22.459999084472656,22.420000076293945,22.434999465942383,75800,19.274612426757812,0.0
BSCP,2020-10-14,22.40999984741211,22.450000762939453,22.40999984741211,22.440000534057617,131600,19.278902053833008,0.0
BSCP,2020-10-15,22.440000534057617,22.450000762939453,22.420000076293945,22.437000274658203,101000,19.276330947875977,0.0
BSCP,2020-10-16,22.450000762939453,22.459999084472656,22.40999984741211,22.44300079345703,98200,19.2814884185791,0.0
BSCP,2020-10-19,22.389999389648438,22.399999618530273,22.375999450683594,22.395000457763672,92400,19.276315689086914,0.042
BSCP,2020-10-20,22.3799991607666,22.399999618530273,22.3700008392334,22.399999618530273,104600,19.280628204345703,0.0
BSCP,2020-10-21,22.3799991607666,22.399999618530273,22.34000015258789,22.389999389648438,126600,19.272014617919922,0.0
BSCP,2020-10-22,22.3799991607666,22.389999389648438,22.360000610351562,22.3700008392334,63100,19.254789352416992,0.0
BSCP,2020-10-23,22.3799991607666,22.389999389648438,22.3700008392334,22.389999389648438,103400,19.272014617919922,0.0
BSCP,2020-10-26,22.389999389648438,22.40999984741211,22.3700008392334,22.399999618530273,183900,19.280628204345703,0.0
BSCP,2020-10-27,22.389999389648438,22.440000534057617,22.389999389648438,22.440000534057617,211000,19.315048217773438,0.0
BSCP,2020-10-28,22.40999984741211,22.420000076293945,22.360000610351562,22.3799991607666,216400,19.26340675354004,0.0
BSCP,2020-10-29,22.3700008392334,22.3700008392334,22.309999465942383,22.339000701904297,70800,19.228120803833008,0.0
BSCP,2020-10-30,22.350000381469727,22.360000610351562,22.32699966430664,22.34000015258789,72000,19.22897720336914,0.0
BSCP,2020-11-02,22.34000015258789,22.3700008392334,22.329999923706055,22.350000381469727,796900,19.237581253051758,0.0
BSCP,2020-11-03,22.34000015258789,22.3700008392334,22.329999923706055,22.350000381469727,92600,19.237581253051758,0.0
BSCP,2020-11-04,22.40999984741211,22.450000762939453,22.375,22.450000762939453,139500,19.323665618896484,0.0
BSCP,2020-11-05,22.450000762939453,22.479999542236328,22.420000076293945,22.459999084472656,132400,19.33226776123047,0.0
BSCP,2020-11-06,22.440000534057617,22.459999084472656,22.420000076293945,22.459999084472656,164300,19.33226776123047,0.0
BSCP,2020-11-09,22.450000762939453,22.459999084472656,22.389999389648438,22.420000076293945,186200,19.297836303710938,0.0
BSCP,2020-11-10,22.3700008392334,22.40999984741211,22.3700008392334,22.3700008392334,137900,19.254789352416992,0.0
BSCP,2020-11-11,22.3799991607666,22.509000778198242,22.350000381469727,22.395000457763672,166600,19.276315689086914,0.0
BSCP,2020-11-12,22.399999618530273,22.420000076293945,22.389999389648438,22.420000076293945,122100,19.297836303710938,0.0
BSCP,2020-11-13,22.420000076293945,22.440000534057617,22.40999984741211,22.43000030517578,176700,19.30644416809082,0.0
BSCP,2020-11-16,22.43000030517578,22.469999313354492,22.420000076293945,22.469999313354492,135300,19.340877532958984,0.0
BSCP,2020-11-17,22.459999084472656,22.475000381469727,22.40999984741211,22.469999313354492,442100,19.340877532958984,0.0
BSCP,2020-11-18,22.450000762939453,22.479999542236328,22.440000534057617,22.479999542236328,172300,19.349489212036133,0.0
BSCP,2020-11-19,22.469999313354492,22.510000228881836,22.459999084472656,22.510000228881836,202400,19.375301361083984,0.0
BSCP,2020-11-20,22.479999542236328,22.520000457763672,22.469999313354492,22.5,104500,19.366695404052734,0.0
BSCP,2020-11-23,22.469999313354492,22.469999313354492,22.440000534057617,22.459999084472656,334200,19.365835189819336,0.039
BSCP,2020-11-24,22.479999542236328,22.479999542236328,22.440000534057617,22.469999313354492,187100,19.37445831298828,0.0
BSCP,2020-11-25,22.479999542236328,22.489999771118164,22.451000213623047,22.489999771118164,169800,19.391700744628906,0.0
BSCP,2020-11-27,22.489999771118164,22.510000228881836,22.485000610351562,22.5,64400,19.40032196044922,0.0
BSCP,2020-11-30,22.479999542236328,22.530000686645508,22.469999313354492,22.524999618530273,183100,19.421875,0.0
BSCP,2020-12-01,22.520000457763672,22.540000915527344,22.488000869750977,22.530000686645508,254500,19.426193237304688,0.0
BSCP,2020-12-02,22.5,22.530000686645508,22.466999053955078,22.510000228881836,217300,19.408946990966797,0.0
BSCP,2020-12-03,22.520000457763672,22.559999465942383,22.514999389648438,22.549999237060547,187200,19.443439483642578,0.0
BSCP,2020-12-04,22.520000457763672,22.520000457763672,22.489999771118164,22.510000228881836,186300,19.408946990966797,0.0
BSCP,2020-12-07,22.520000457763672,22.540000915527344,22.510000228881836,22.530000686645508,147400,19.426193237304688,0.0
BSCP,2020-12-08,22.520000457763672,22.530000686645508,22.510000228881836,22.520000457763672,128400,19.417570114135742,0.0
BSCP,2020-12-09,22.510000228881836,22.510000228881836,22.479999542236328,22.489999771118164,161700,19.391700744628906,0.0
BSCP,2020-12-10,22.489999771118164,22.510000228881836,22.479999542236328,22.510000228881836,112100,19.408946990966797,0.0
BSCP,2020-12-11,22.510000228881836,22.530000686645508,22.5,22.530000686645508,210600,19.426193237304688,0.0
BSCP,2020-12-14,22.520000457763672,22.530000686645508,22.510000228881836,22.530000686645508,241500,19.426193237304688,0.0
BSCP,2020-12-15,22.549999237060547,22.549999237060547,22.525999069213867,22.549999237060547,297700,19.443439483642578,0.0
BSCP,2020-12-16,22.540000915527344,22.549999237060547,22.520000457763672,22.530000686645508,136700,19.426193237304688,0.0
BSCP,2020-12-17,22.559999465942383,22.56999969482422,22.530000686645508,22.56999969482422,252600,19.460676193237305,0.0
BSCP,2020-12-18,22.559999465942383,22.56999969482422,22.541000366210938,22.559999465942383,900800,19.45205307006836,0.0
BSCP,2020-12-21,22.520000457763672,22.520000457763672,22.493999481201172,22.520000457763672,818000,19.44774627685547,0.035
BSCP,2020-12-22,22.510000228881836,22.540000915527344,22.510000228881836,22.540000915527344,375900,19.46500587463379,0.0
BSCP,2020-12-23,22.549999237060547,22.559999465942383,22.5049991607666,22.559999465942383,2657900,19.482280731201172,0.0
BSCP,2020-12-24,22.559999465942383,22.56999969482422,22.549999237060547,22.56999969482422,165700,19.490915298461914,0.0
BSCP,2020-12-28,22.559999465942383,22.59000015258789,22.549999237060547,22.579999923706055,459700,19.499553680419922,0.0
BSCP,2020-12-29,22.579999923706055,22.600000381469727,22.56999969482422,22.59000015258789,412900,19.50818634033203,0.0
BSCP,2020-12-30,22.600000381469727,22.6200008392334,22.59000015258789,22.6200008392334,306200,19.534095764160156,0.0
BSCP,2020-12-31,22.6200008392334,22.6299991607666,22.610000610351562,22.6299991607666,177500,19.542726516723633,0.0
BSCP,2021-01-04,22.610000610351562,22.610000610351562,22.579999923706055,22.600000381469727,417400,19.516830444335938,0.0
BSCP,2021-01-05,22.600000381469727,22.600000381469727,22.549999237060547,22.575000762939453,349100,19.4952392578125,0.0
BSCP,2021-01-06,22.549999237060547,22.549999237060547,22.510000228881836,22.540000915527344,574000,19.46500587463379,0.0
BSCP,2021-01-07,22.520000457763672,22.540000915527344,22.510000228881836,22.530000686645508,326300,19.456377029418945,0.0
BSCP,2021-01-08,22.520000457763672,22.520000457763672,22.5,22.5,264900,19.430465698242188,0.0
BSCP,2021-01-11,22.5,22.5,22.469999313354492,22.479999542236328,233500,19.413196563720703,0.0
BSCP,2021-01-12,22.469999313354492,22.5,22.45199966430664,22.5,182600,19.430465698242188,0.0
BSCP,2021-01-13,22.510000228881836,22.540000915527344,22.4950008392334,22.540000915527344,637500,19.46500587463379,0.0
BSCP,2021-01-14,22.540000915527344,22.549999237060547,22.5,22.514999389648438,233700,19.44342613220215,0.0
BSCP,2021-01-15,22.530000686645508,22.540000915527344,22.506999969482422,22.530000686645508,443700,19.456377029418945,0.0
BSCP,2021-01-19,22.489999771118164,22.5,22.475000381469727,22.4950008392334,185400,19.457244873046875,0.036
BSCP,2021-01-20,22.489999771118164,22.510000228881836,22.479999542236328,22.493999481201172,267400,19.456378936767578,0.0
BSCP,2021-01-21,22.469999313354492,22.510000228881836,22.459999084472656,22.510000228881836,391200,19.470212936401367,0.0
BSCP,2021-01-22,22.489999771118164,22.510000228881836,22.469999313354492,22.479999542236328,258900,19.44426918029785,0.0
BSCP,2021-01-25,22.5,22.520000457763672,22.489999771118164,22.5,149000,19.461563110351562,0.0
BSCP,2021-01-26,22.5,22.520000457763672,22.488000869750977,22.520000457763672,160700,19.478870391845703,0.0
BSCP,2021-01-27,22.510000228881836,22.520000457763672,22.489999771118164,22.510000228881836,177800,19.470212936401367,0.0
BSCP,2021-01-28,22.489999771118164,22.5049991607666,22.485000610351562,22.489999771118164,153500,19.452911376953125,0.0
BSCP,2021-01-29,22.479999542236328,22.510000228881836,22.479000091552734,22.5,175200,19.461563110351562,0.0
BSCP,2021-02-01,22.496999740600586,22.520000457763672,22.489999771118164,22.520000457763672,804200,19.478870391845703,0.0
BSCP,2021-02-02,22.5,22.520000457763672,22.483999252319336,22.510000228881836,186900,19.470212936401367,0.0
BSCP,2021-02-03,22.489999771118164,22.510000228881836,22.489999771118164,22.5049991607666,167100,19.465890884399414,0.0
BSCP,2021-02-04,22.5,22.520000457763672,22.479999542236328,22.514999389648438,234300,19.47454261779785,0.0
BSCP,2021-02-05,22.520000457763672,22.530000686645508,22.5,22.5,294600,19.461563110351562,0.0
BSCP,2021-02-08,22.520000457763672,22.530000686645508,22.5,22.530000686645508,151300,19.48751449584961,0.0
BSCP,2021-02-09,22.520000457763672,22.530000686645508,22.510000228881836,22.514999389648438,199800,19.47454261779785,0.0
BSCP,2021-02-10,22.530000686645508,22.540000915527344,22.520000457763672,22.540000915527344,282600,19.49616050720215,0.0
BSCP,2021-02-11,22.540000915527344,22.549999237060547,22.510000228881836,22.524999618530273,572600,19.48318862915039,0.0
BSCP,2021-02-12,22.510000228881836,22.530000686645508,22.510000228881836,22.520000457763672,246900,19.478870391845703,0.0
BSCP,2021-02-16,22.485000610351562,22.489999771118164,22.459999084472656,22.46500015258789,286800,19.431289672851562,0.0
BSCP,2021-02-17,22.459999084472656,22.486000061035156,22.459999084472656,22.479999542236328,207100,19.44426918029785,0.0
BSCP,2021-02-18,22.469999313354492,22.489999771118164,22.440000534057617,22.479999542236328,290000,19.44426918029785,0.0
BSCP,2021-02-19,22.469999313354492,22.469999313354492,22.43000030517578,22.44499969482422,168800,19.413990020751953,0.0
BSCP,2021-02-22,22.399999618530273,22.420000076293945,22.389999389648438,22.399999618530273,159800,19.402732849121094,0.032
BSCP,2021-02-23,22.3700008392334,22.40999984741211,22.365999221801758,22.40999984741211,237400,19.411401748657227,0.0
BSCP,2021-02-24,22.3700008392334,22.40999984741211,22.350000381469727,22.40999984741211,230500,19.411401748657227,0.0
BSCP,2021-02-25,22.329999923706055,22.329999923706055,22.170000076293945,22.18000030517578,264900,19.212169647216797,0.0
BSCP,2021-02-26,22.239999771118164,22.264999389648438,22.19300079345703,22.260000228881836,856900,19.281465530395508,0.0
BSCP,2021-03-01,22.270000457763672,22.31999969482422,22.2450008392334,22.309999465942383,1194600,19.324777603149414,0.0
BSCP,2021-03-02,22.299999237060547,22.329999923706055,22.295000076293945,22.329999923706055,172000,19.342100143432617,0.0
BSCP,2021-03-03,22.290000915527344,22.290000915527344,22.260000228881836,22.280000686645508,224100,19.298789978027344,0.0
BSCP,2021-03-04,22.280000686645508,22.290000915527344,22.219999313354492,22.219999313354492,212500,19.246816635131836,0.0
BSCP,2021-03-05,22.15999984741211,22.209999084472656,22.149999618530273,22.190000534057617,227800,19.2208309173584,0.0
BSCP,2021-03-08,22.149999618530273,22.170000076293945,22.06999969482422,22.079999923706055,216600,19.12554359436035,0.0
BSCP,2021-03-09,22.110000610351562,22.139999389648438,22.100000381469727,22.1299991607666,137300,19.168861389160156,0.0
BSCP,2021-03-10,22.1299991607666,22.18000030517578,22.12299919128418,22.165000915527344,259800,19.199172973632812,0.0
BSCP,2021-03-11,22.18000030517578,22.260000228881836,22.18000030517578,22.200000762939453,608500,19.229496002197266,0.0
BSCP,2021-03-12,22.1299991607666,22.149999618530273,22.11400032043457,22.139999389648438,147400,19.177520751953125,0.0
BSCP,2021-03-15,22.200000762939453,22.200000762939453,22.1299991607666,22.170000076293945,260400,19.203510284423828,0.0
BSCP,2021-03-16,22.170000076293945,22.18000030517578,22.149999618530273,22.165000915527344,206500,19.199172973632812,0.0
BSCP,2021-03-17,22.149999618530273,22.249000549316406,22.1299991607666,22.21500015258789,152400,19.24248504638672,0.0
BSCP,2021-03-18,22.149999618530273,22.170000076293945,22.1299991607666,22.155000686645508,498000,19.19051742553711,0.0
BSCP,2021-03-19,22.1299991607666,22.15999984741211,22.1200008392334,22.135000228881836,259600,19.173194885253906,0.0
BSCP,2021-03-22,22.1200008392334,22.139999389648438,22.110000610351562,22.1200008392334,291600,19.189680099487305,0.034
BSCP,2021-03-23,22.1299991607666,22.15999984741211,22.1299991607666,22.15999984741211,161200,19.22437286376953,0.0
BSCP,2021-03-24,22.1299991607666,22.170000076293945,22.1299991607666,22.170000076293945,146000,19.233049392700195,0.0
BSCP,2021-03-25,22.170000076293945,22.190000534057617,22.149999618530273,22.18000030517578,133400,19.24172592163086,0.0
BSCP,2021-03-26,22.15999984741211,22.170000076293945,22.139999389648438,22.15999984741211,113600,19.22437286376953,0.0
BSCP,2021-03-29,22.15999984741211,22.15999984741211,22.139999389648438,22.149999618530273,124400,19.2157039642334,0.0
BSCP,2021-03-30,22.1200008392334,22.149999618530273,22.100000381469727,22.145000457763672,177700,19.211362838745117,0.0
BSCP,2021-03-31,22.149999618530273,22.17099952697754,22.139999389648438,22.149999618530273,107700,19.2157039642334,0.0
BSCP,2021-04-01,22.170000076293945,22.190000534057617,22.149999618530273,22.165000915527344,169100,19.228715896606445,0.0
BSCP,2021-04-05,22.1299991607666,22.15999984741211,22.11400032043457,22.149999618530273,180100,19.2157039642334,0.0
BSCP,2021-04-06,22.170000076293945,22.219999313354492,22.170000076293945,22.219999313354492,205800,19.276426315307617,0.0
BSCP,2021-04-07,22.229999542236328,22.239999771118164,22.209999084472656,22.229999542236328,210800,19.28510093688965,0.0
BSCP,2021-04-08,22.239999771118164,22.260000228881836,22.229999542236328,22.2549991607666,191500,19.306787490844727,0.0
BSCP,2021-04-09,22.219999313354492,22.25,22.211999893188477,22.239999771118164,107800,19.29377555847168,0.0
BSCP,2021-04-12,22.229999542236328,22.229999542236328,22.209999084472656,22.225000381469727,140100,19.280765533447266,0.0
BSCP,2021-04-13,22.229999542236328,22.280000686645508,22.22599983215332,22.274999618530273,153900,19.324138641357422,0.0
BSCP,2021-04-14,22.270000457763672,22.280000686645508,22.25,22.266000747680664,431500,19.316333770751953,0.0
BSCP,2021-04-15,22.280000686645508,22.31999969482422,22.270000457763672,22.312000274658203,156200,19.356239318847656,0.0
BSCP,2021-04-16,22.280000686645508,22.290000915527344,22.260000228881836,22.264999389648438,163600,19.315465927124023,0.0
BSCP,2021-04-19,22.219999313354492,22.25,22.209999084472656,22.239999771118164,200200,19.32241439819336,0.033
BSCP,2021-04-20,22.229999542236328,22.270000457763672,22.229999542236328,22.260000228881836,107500,19.33979034423828,0.0
BSCP,2021-04-21,22.260000228881836,22.280000686645508,22.25,22.274999618530273,97800,19.352827072143555,0.0
BSCP,2021-04-22,22.260000228881836,22.280000686645508,22.25,22.274999618530273,135900,19.352827072143555,0.0
BSCP,2021-04-23,22.270000457763672,22.290000915527344,22.260000228881836,22.274999618530273,313100,19.352827072143555,0.0
BSCP,2021-04-26,22.270000457763672,22.290000915527344,22.25,22.274999618530273,234700,19.352827072143555,0.0
BSCP,2021-04-27,22.270000457763672,22.270000457763672,22.239999771118164,22.25,138200,19.33110237121582,0.0
BSCP,2021-04-28,22.25,22.280000686645508,22.239999771118164,22.270000457763672,100600,19.348480224609375,0.0
BSCP,2021-04-29,22.229999542236328,22.270000457763672,22.229999542236328,22.264999389648438,107800,19.344131469726562,0.0
BSCP,2021-04-30,22.270000457763672,22.290000915527344,22.2549991607666,22.28499984741211,218100,19.36150550842285,0.0
BSCP,2021-05-03,22.280000686645508,22.299999237060547,22.270000457763672,22.290000915527344,269100,19.365854263305664,0.0
BSCP,2021-05-04,22.299999237060547,22.309999465942383,22.280000686645508,22.295000076293945,105500,19.370201110839844,0.0
BSCP,2021-05-05,22.290000915527344,22.31999969482422,22.290000915527344,22.31999969482422,126200,19.391916275024414,0.0
BSCP,2021-05-06,22.309999465942383,22.34000015258789,22.299999237060547,22.31999969482422,150300,19.391916275024414,0.0
BSCP,2021-05-07,22.350000381469727,22.3799991607666,22.350000381469727,22.360000610351562,118000,19.42667007446289,0.0
BSCP,2021-05-10,22.360000610351562,22.360000610351562,22.329999923706055,22.334999084472656,149200,19.40494728088379,0.0
BSCP,2021-05-11,22.309999465942383,22.329999923706055,22.299999237060547,22.31999969482422,130200,19.391916275024414,0.0
BSCP,2021-05-12,22.280000686645508,22.290000915527344,22.260000228881836,22.270000457763672,188500,19.348480224609375,0.0
BSCP,2021-05-13,22.280000686645508,22.309999465942383,22.280000686645508,22.309999465942383,123600,19.383235931396484,0.0
BSCP,2021-05-14,22.309999465942383,22.350000381469727,22.309999465942383,22.34000015258789,128200,19.409299850463867,0.0
BSCP,2021-05-17,22.329999923706055,22.329999923706055,22.309999465942383,22.31999969482422,121700,19.391916275024414,0.0
BSCP,2021-05-18,22.309999465942383,22.329999923706055,22.309999465942383,22.31999969482422,104100,19.391916275024414,0.0
BSCP,2021-05-19,22.31999969482422,22.329999923706055,22.280000686645508,22.295000076293945,111900,19.370201110839844,0.0
BSCP,2021-05-20,22.299999237060547,22.350000381469727,22.299999237060547,22.350000381469727,142800,19.41798210144043,0.0
BSCP,2021-05-21,22.350000381469727,22.360000610351562,22.329999923706055,22.344999313354492,54100,19.41363525390625,0.0
BSCP,2021-05-24,22.31999969482422,22.354999542236328,22.309999465942383,22.334999084472656,524200,19.433643341064453,0.033
BSCP,2021-05-25,22.329999923706055,22.360000610351562,22.329999923706055,22.354000091552734,129100,19.450178146362305,0.0
BSCP,2021-05-26,22.329999923706055,22.350000381469727,22.329999923706055,22.350000381469727,113600,19.446699142456055,0.0
BSCP,2021-05-27,22.34000015258789,22.350000381469727,22.32200050354004,22.334999084472656,111100,19.433643341064453,0.0
BSCP,2021-05-28,22.329999923706055,22.360000610351562,22.329999923706055,22.343000411987305,179900,19.44061279296875,0.0
BSCP,2021-06-01,22.34000015258789,22.350000381469727,22.31999969482422,22.34000015258789,90400,19.438011169433594,0.0
BSCP,2021-06-02,22.350000381469727,22.360000610351562,22.34000015258789,22.360000610351562,98300,19.455406188964844,0.0
BSCP,2021-06-03,22.31999969482422,22.325000762939453,22.299999237060547,22.31999969482422,126800,19.420597076416016,0.0
BSCP,2021-06-04,22.31999969482422,22.360000610351562,22.31999969482422,22.350000381469727,110600,19.446699142456055,0.0
BSCP,2021-06-07,22.34000015258789,22.360000610351562,22.34000015258789,22.354999542236328,185400,19.45105743408203,0.0
BSCP,2021-06-08,22.3700008392334,22.3799991607666,22.360000610351562,22.375,130200,19.46845054626465,0.0
BSCP,2021-06-09,22.399999618530273,22.40999984741211,22.3799991607666,22.395000457763672,96700,19.485857009887695,0.0
BSCP,2021-06-10,22.3799991607666,22.420000076293945,22.3700008392334,22.40999984741211,164200,19.498916625976562,0.0
BSCP,2021-06-11,22.420000076293945,22.420000076293945,22.395000457763672,22.40999984741211,131800,19.498916625976562,0.0
BSCP,2021-06-14,22.389999389648438,22.389999389648438,22.360000610351562,22.375,115300,19.46845054626465,0.0
BSCP,2021-06-15,22.3700008392334,22.385000228881836,22.360000610351562,22.3799991607666,149700,19.472806930541992,0.0
BSCP,2021-06-16,22.389999389648438,22.399999618530273,22.280000686645508,22.315000534057617,142300,19.416244506835938,0.0
BSCP,2021-06-17,22.309999465942383,22.31999969482422,22.290000915527344,22.30500030517578,102600,19.407543182373047,0.0
BSCP,2021-06-18,22.290000915527344,22.299999237060547,22.260000228881836,22.295000076293945,123000,19.398853302001953,0.0
BSCP,2021-06-21,22.25,22.280000686645508,22.239999771118164,22.264999389648438,152500,19.399721145629883,0.031
BSCP,2021-06-22,22.260000228881836,22.299999237060547,22.260000228881836,22.295000076293945,133600,19.425865173339844,0.0
BSCP,2021-06-23,22.290000915527344,22.299999237060547,22.270000457763672,22.280000686645508,132700,19.412796020507812,0.0
BSCP,2021-06-24,22.280000686645508,22.299999237060547,22.270000457763672,22.28499984741211,102300,19.417142868041992,0.0
BSCP,2021-06-25,22.290000915527344,22.290000915527344,22.260000228881836,22.266000747680664,104700,19.400592803955078,0.0
BSCP,2021-06-28,22.270000457763672,22.290000915527344,22.26799964904785,22.290000915527344,129200,19.42150115966797,0.0
BSCP,2021-06-29,22.270000457763672,22.299999237060547,22.270000457763672,22.295000076293945,137300,19.425865173339844,0.0
BSCP,2021-06-30,22.299999237060547,22.31999969482422,22.290000915527344,22.309999465942383,152900,19.43892478942871,0.0
BSCP,2021-07-01,22.309999465942383,22.309999465942383,22.270000457763672,22.290000915527344,90800,19.42150115966797,0.0
BSCP,2021-07-02,22.290000915527344,22.31999969482422,22.290000915527344,22.315000534057617,53500,19.443286895751953,0.0
BSCP,2021-07-06,22.309999465942383,22.360000610351562,22.309999465942383,22.350000381469727,83800,19.473783493041992,0.0
BSCP,2021-07-07,22.350000381469727,22.360000610351562,22.336999893188477,22.354999542236328,78000,19.47813606262207,0.0
BSCP,2021-07-08,22.350000381469727,22.389999389648438,22.350000381469727,22.3799991607666,109300,19.499914169311523,0.0
BSCP,2021-07-09,22.350000381469727,22.354999542236328,22.34000015258789,22.344999313354492,68300,19.469425201416016,0.0
BSCP,2021-07-12,22.34000015258789,22.350000381469727,22.31999969482422,22.329999923706055,71800,19.456357955932617,0.0
BSCP,2021-07-13,22.31999969482422,22.329999923706055,22.299999237060547,22.309999465942383,110400,19.43892478942871,0.0
BSCP,2021-07-14,22.309999465942383,22.34000015258789,22.309999465942383,22.327999114990234,84400,19.454607009887695,0.0
BSCP,2021-07-15,22.329999923706055,22.350000381469727,22.329999923706055,22.334999084472656,167200,19.460704803466797,0.0
BSCP,2021-07-16,22.31999969482422,22.34000015258789,22.309999465942383,22.333999633789062,110200,19.45983123779297,0.0
BSCP,2021-07-19,22.34000015258789,22.3700008392334,22.329999923706055,22.350000381469727,104700,19.501718521118164,0.032
BSCP,2021-07-20,22.3799991607666,22.3799991607666,22.34000015258789,22.3700008392334,98300,19.51917266845703,0.0
BSCP,2021-07-21,22.350000381469727,22.350000381469727,22.31999969482422,22.334999084472656,153100,19.488636016845703,0.0
BSCP,2021-07-22,22.329999923706055,22.360000610351562,22.31999969482422,22.360000610351562,513800,19.510446548461914,0.0
BSCP,2021-07-23,22.350000381469727,22.350000381469727,22.334999084472656,22.350000381469727,212700,19.501718521118164,0.0
BSCP,2021-07-26,22.350000381469727,22.350000381469727,22.329999923706055,22.350000381469727,101400,19.501718521118164,0.0
BSCP,2021-07-27,22.3700008392334,22.3700008392334,22.350000381469727,22.360000610351562,80400,19.510446548461914,0.0
BSCP,2021-07-28,22.350000381469727,22.3799991607666,22.34000015258789,22.3799991607666,152100,19.52789306640625,0.0
BSCP,2021-07-29,22.3700008392334,22.3700008392334,22.34000015258789,22.360000610351562,109100,19.510446548461914,0.0
BSCP,2021-07-30,22.3700008392334,22.3700008392334,22.357999801635742,22.3700008392334,78800,19.51917266845703,0.0
BSCP,2021-08-02,22.3700008392334,22.399999618530273,22.3700008392334,22.399999618530273,273700,19.54535484313965,0.0
BSCP,2021-08-03,22.389999389648438,22.40999984741211,22.389999389648438,22.40999984741211,103600,19.554080963134766,0.0
BSCP,2021-08-04,22.40999984741211,22.43000030517578,22.350000381469727,22.3799991607666,126900,19.52789306640625,0.0
BSCP,2021-08-05,22.3700008392334,22.3700008392334,22.329999923706055,22.350000381469727,134500,19.501718521118164,0.0
BSCP,2021-08-06,22.31999969482422,22.31999969482422,22.299999237060547,22.309999465942383,133400,19.466819763183594,0.0
BSCP,2021-08-09,22.299999237060547,22.31999969482422,22.270000457763672,22.290000915527344,162300,19.44937515258789,0.0
BSCP,2021-08-10,22.280000686645508,22.280000686645508,22.25,22.260000228881836,109800,19.423192977905273,0.0
BSCP,2021-08-11,22.270000457763672,22.290000915527344,22.25,22.280000686645508,129200,19.440650939941406,0.0
BSCP,2021-08-12,22.270000457763672,22.280000686645508,22.25,22.270000457763672,123900,19.431913375854492,0.0
BSCP,2021-08-13,22.280000686645508,22.299999237060547,22.270000457763672,22.28700065612793,123100,19.446744918823242,0.0
BSCP,2021-08-16,22.299999237060547,22.34000015258789,22.299999237060547,22.31999969482422,128700,19.475549697875977,0.0
BSCP,2021-08-17,22.299999237060547,22.31999969482422,22.299999237060547,22.31999969482422,174100,19.475549697875977,0.0
BSCP,2021-08-18,22.309999465942383,22.31999969482422,22.290000915527344,22.299999237060547,190300,19.458091735839844,0.0
BSCP,2021-08-19,22.309999465942383,22.309999465942383,22.280000686645508,22.299999237060547,160000,19.458091735839844,0.0
BSCP,2021-08-20,22.299999237060547,22.309999465942383,22.280000686645508,22.290000915527344,89200,19.44937515258789,0.0
BSCP,2021-08-23,22.260000228881836,22.280000686645508,22.219999313354492,22.280000686645508,143300,19.467721939086914,0.031
BSCP,2021-08-24,22.270000457763672,22.280000686645508,22.239999771118164,22.270000457763672,221800,19.458984375,0.0
BSCP,2021-08-25,22.260000228881836,22.260000228881836,22.239999771118164,22.25,172600,19.441505432128906,0.0
BSCP,2021-08-26,22.25,22.25,22.229999542236328,22.239999771118164,227100,19.432771682739258,0.0
BSCP,2021-08-27,22.229999542236328,22.280000686645508,22.219999313354492,22.280000686645508,139400,19.467721939086914,0.0
BSCP,2021-08-30,22.290000915527344,22.299999237060547,22.280000686645508,22.299999237060547,118000,19.48519515991211,0.0
BSCP,2021-08-31,22.299999237060547,22.31999969482422,22.299999237060547,22.309999465942383,101100,19.493932723999023,0.0
BSCP,2021-09-01,22.309999465942383,22.31999969482422,22.280000686645508,22.299999237060547,159700,19.48519515991211,0.0
BSCP,2021-09-02,22.309999465942383,22.319000244140625,22.299999237060547,22.309999465942383,149900,19.493932723999023,0.0
BSCP,2021-09-03,22.299999237060547,22.309999465942383,22.299999237060547,22.30500030517578,125200,19.489564895629883,0.0
BSCP,2021-09-07,22.299999237060547,22.299999237060547,22.260000228881836,22.280000686645508,133200,19.467721939086914,0.0
BSCP,2021-09-08,22.290000915527344,22.299999237060547,22.270000457763672,22.290000915527344,223900,19.476451873779297,0.0
BSCP,2021-09-09,22.299999237060547,22.31999969482422,22.290000915527344,22.31999969482422,92800,19.502670288085938,0.0
BSCP,2021-09-10,22.309999465942383,22.309999465942383,22.2810001373291,22.309999465942383,173200,19.493932723999023,0.0
BSCP,2021-09-13,22.312999725341797,22.31999969482422,22.299999237060547,22.309999465942383,115500,19.493932723999023,0.0
BSCP,2021-09-14,22.309999465942383,22.329999923706055,22.309999465942383,22.329999923706055,147100,19.511404037475586,0.0
BSCP,2021-09-15,22.329999923706055,22.329999923706055,22.309999465942383,22.31999969482422,128000,19.502670288085938,0.0
BSCP,2021-09-16,22.312999725341797,22.31999969482422,22.284000396728516,22.299999237060547,175200,19.48519515991211,0.0
BSCP,2021-09-17,22.299999237060547,22.299999237060547,22.270000457763672,22.290000915527344,77400,19.476451873779297,0.0
BSCP,2021-09-20,22.260000228881836,22.270000457763672,22.25,22.260000228881836,118700,19.476449966430664,0.03
BSCP,2021-09-21,22.270000457763672,22.280000686645508,22.270000457763672,22.270000457763672,107400,19.48520851135254,0.0
BSCP,2021-09-22,22.270000457763672,22.290000915527344,22.25,22.260000228881836,175900,19.476449966430664,0.0
BSCP,2021-09-23,22.229999542236328,22.239999771118164,22.209999084472656,22.229999542236328,187400,19.450204849243164,0.0
BSCP,2021-09-24,22.200000762939453,22.219999313354492,22.191999435424805,22.21500015258789,145400,19.437082290649414,0.0
BSCP,2021-09-27,22.200000762939453,22.209999084472656,22.190000534057617,22.209999084472656,112900,19.432708740234375,0.0
BSCP,2021-09-28,22.18000030517578,22.190000534057617,22.15999984741211,22.18000030517578,244300,19.406461715698242,0.0
BSCP,2021-09-29,22.18000030517578,22.200000762939453,22.170000076293945,22.18000030517578,243600,19.406461715698242,0.0
BSCP,2021-09-30,22.18000030517578,22.200000762939453,22.18000030517578,22.19499969482422,132100,19.419584274291992,0.0
BSCP,2021-10-01,22.18000030517578,22.239999771118164,22.18000030517578,22.235000610351562,83800,19.45458221435547,0.0
BSCP,2021-10-04,22.219999313354492,22.239999771118164,22.200000762939453,22.209999084472656,101100,19.432708740234375,0.0
BSCP,2021-10-05,22.200000762939453,22.209999084472656,22.190000534057617,22.209999084472656,115700,19.432708740234375,0.0
BSCP,2021-10-06,22.200000762939453,22.200000762939453,22.18000030517578,22.190000534057617,130000,19.415206909179688,0.0
BSCP,2021-10-07,22.190000534057617,22.190000534057617,22.170000076293945,22.18000030517578,205900,19.406461715698242,0.0
BSCP,2021-10-08,22.170000076293945,22.170000076293945,22.1299991607666,22.145000457763672,205100,19.375835418701172,0.0
BSCP,2021-10-11,22.139999389648438,22.139999389648438,22.1200008392334,22.1299991607666,95100,19.362714767456055,0.0
BSCP,2021-10-12,22.1299991607666,22.149999618530273,22.1200008392334,22.139999389648438,140600,19.371458053588867,0.0
BSCP,2021-10-13,22.1299991607666,22.139999389648438,22.1200008392334,22.139999389648438,343600,19.371458053588867,0.0
BSCP,2021-10-14,22.15999984741211,22.170000076293945,22.149999618530273,22.170000076293945,202800,19.397703170776367,0.0
BSCP,2021-10-15,22.139999389648438,22.15399932861328,22.1299991607666,22.139999389648438,154000,19.371458053588867,0.0
BSCP,2021-10-18,22.06999969482422,22.06999969482422,22.040000915527344,22.059999465942383,154600,19.328527450561523,0.031
BSCP,2021-10-19,22.059999465942383,22.06999969482422,22.040000915527344,22.059999465942383,171700,19.328527450561523,0.0
BSCP,2021-10-20,22.059999465942383,22.079999923706055,22.059999465942383,22.059999465942383,172000,19.328527450561523,0.0
BSCP,2021-10-21,22.040000915527344,22.049999237060547,22.010000228881836,22.020000457763672,118000,19.293479919433594,0.0
BSCP,2021-10-22,22.020000457763672,22.030000686645508,22.0,22.030000686645508,174300,19.302236557006836,0.0
BSCP,2021-10-25,22.020000457763672,22.049999237060547,22.020000457763672,22.049999237060547,219400,19.319761276245117,0.0
BSCP,2021-10-26,22.030000686645508,22.049999237060547,22.0,22.049999237060547,261100,19.319761276245117,0.0
BSCP,2021-10-27,22.049999237060547,22.06999969482422,22.030000686645508,22.049999237060547,208100,19.319761276245117,0.0
BSCP,2021-10-28,22.040000915527344,22.066999435424805,22.040000915527344,22.059999465942383,200400,19.328527450561523,0.0
BSCP,2021-10-29,22.027999877929688,22.049999237060547,22.0,22.049999237060547,447700,19.319761276245117,0.0
BSCP,2021-11-01,22.040000915527344,22.040000915527344,22.0,22.030000686645508,354100,19.302236557006836,0.0
BSCP,2021-11-02,22.040000915527344,22.06999969482422,22.040000915527344,22.06999969482422,275300,19.337284088134766,0.0
BSCP,2021-11-03,22.06999969482422,22.06999969482422,22.020000457763672,22.059999465942383,255700,19.328527450561523,0.0
BSCP,2021-11-04,22.079999923706055,22.110000610351562,22.075000762939453,22.110000610351562,129500,19.372331619262695,0.0
BSCP,2021-11-05,22.113000869750977,22.149999618530273,22.100000381469727,22.149999618530273,225800,19.407381057739258,0.0
BSCP,2021-11-08,22.1200008392334,22.139999389648438,22.09000015258789,22.100000381469727,301100,19.363574981689453,0.0
BSCP,2021-11-09,22.1200008392334,22.1299991607666,22.100000381469727,22.1200008392334,531700,19.3810977935791,0.0
BSCP,2021-11-10,22.06999969482422,22.06999969482422,22.010000228881836,22.020000457763672,186000,19.293479919433594,0.0
BSCP,2021-11-11,22.014999389648438,22.020000457763672,21.969999313354492,21.979999542236328,145100,19.258432388305664,0.0
BSCP,2021-11-12,21.989999771118164,22.009000778198242,21.979999542236328,22.0,120500,19.275957107543945,0.0
BSCP,2021-11-15,22.020000457763672,22.020000457763672,21.959999084472656,21.959999084472656,269100,19.240921020507812,0.0
BSCP,2021-11-16,21.950000762939453,21.969999313354492,21.950000762939453,21.959999084472656,279000,19.240921020507812,0.0
BSCP,2021-11-17,21.959999084472656,21.989999771118164,21.950000762939453,21.989999771118164,149400,19.267194747924805,0.0
BSCP,2021-11-18,21.979999542236328,21.989999771118164,21.969999313354492,21.989999771118164,138900,19.267194747924805,0.0
BSCP,2021-11-19,22.0,22.020000457763672,21.989999771118164,22.0,272000,19.275957107543945,0.0
BSCP,2021-11-22,21.920000076293945,21.93000030517578,21.8799991607666,21.889999389648438,625900,19.205766677856445,0.03
BSCP,2021-11-23,21.8700008392334,21.8799991607666,21.851999282836914,21.860000610351562,254100,19.179445266723633,0.0
BSCP,2021-11-24,21.84000015258789,21.860000610351562,21.82699966430664,21.860000610351562,154200,19.179445266723633,0.0
BSCP,2021-11-26,21.860000610351562,21.920000076293945,21.860000610351562,21.90999984741211,107800,19.22332191467285,0.0
BSCP,2021-11-29,21.899999618530273,21.940000534057617,21.895999908447266,21.93000030517578,84800,19.240869522094727,0.0
BSCP,2021-11-30,21.969999313354492,21.989999771118164,21.899999618530273,21.93000030517578,121300,19.240869522094727,0.0
BSCP,2021-12-01,21.899999618530273,21.93000030517578,21.889999389648438,21.920000076293945,371100,19.232088088989258,0.0
BSCP,2021-12-02,21.920000076293945,21.920000076293945,21.8700008392334,21.889999389648438,401400,19.205766677856445,0.0
BSCP,2021-12-03,21.889999389648438,21.959999084472656,21.8799991607666,21.959999084472656,242200,19.267183303833008,0.0
BSCP,2021-12-06,21.93000030517578,21.94499969482422,21.899999618530273,21.90999984741211,265100,19.22332191467285,0.0
BSCP,2021-12-07,21.899999618530273,21.90999984741211,21.889999389648438,21.899999618530273,284400,19.214542388916016,0.0
BSCP,2021-12-08,21.889999389648438,21.93000030517578,21.8700008392334,21.899999618530273,375300,19.214542388916016,0.0
BSCP,2021-12-09,21.90999984741211,21.920000076293945,21.899999618530273,21.90999984741211,288300,19.22332191467285,0.0
BSCP,2021-12-10,21.899999618530273,21.93000030517578,21.8799991607666,21.899999618530273,229600,19.214542388916016,0.0
BSCP,2021-12-13,21.90999984741211,21.940000534057617,21.899999618530273,21.924999237060547,356700,19.236474990844727,0.0
BSCP,2021-12-14,21.899999618530273,21.90999984741211,21.8799991607666,21.889999389648438,201200,19.205766677856445,0.0
BSCP,2021-12-15,21.899999618530273,21.924999237060547,21.875,21.920000076293945,160500,19.232088088989258,0.0
BSCP,2021-12-16,21.93000030517578,21.969999313354492,21.920000076293945,21.950000762939453,275100,19.25840950012207,0.0
BSCP,2021-12-17,21.959999084472656,21.979999542236328,21.940000534057617,21.940000534057617,110700,19.249635696411133,0.0
BSCP,2021-12-20,21.889999389648438,21.90999984741211,21.8799991607666,21.8799991607666,450700,19.259321212768555,0.071
BSCP,2021-12-21,21.850000381469727,21.889999389648438,21.850000381469727,21.8700008392334,385800,19.25051498413086,0.0
BSCP,2021-12-22,21.8700008392334,21.889999389648438,21.8700008392334,21.8799991607666,262900,19.259321212768555,0.0
BSCP,2021-12-23,21.8799991607666,21.899999618530273,21.8799991607666,21.899999618530273,343800,19.276920318603516,0.0
BSCP,2021-12-27,21.889999389648438,21.899999618530273,21.8799991607666,21.899999618530273,315400,19.276920318603516,0.0
BSCP,2021-12-28,21.90999984741211,21.90999984741211,21.889999389648438,21.899999618530273,349200,19.276920318603516,0.0
BSCP,2021-12-29,21.889999389648438,21.899999618530273,21.8700008392334,21.8799991607666,259200,19.259321212768555,0.0
BSCP,2021-12-30,21.8799991607666,21.899999618530273,21.8799991607666,21.899999618530273,170900,19.276920318603516,0.0
BSCP,2021-12-31,21.889999389648438,21.90999984741211,21.889999389648438,21.899999618530273,199100,19.276920318603516,0.0
BSCP,2022-01-03,21.8700008392334,21.8799991607666,21.84000015258789,21.850000381469727,179800,19.232913970947266,0.0
BSCP,2022-01-04,21.860000610351562,21.8799991607666,21.84000015258789,21.8700008392334,201100,19.25051498413086,0.0
BSCP,2022-01-05,21.860000610351562,21.8700008392334,21.809999465942383,21.81999969482422,164200,19.20650291442871,0.0
BSCP,2022-01-06,21.81999969482422,21.81999969482422,21.780000686645508,21.790000915527344,276500,19.180099487304688,0.0
BSCP,2022-01-07,21.790000915527344,21.790000915527344,21.760000228881836,21.770000457763672,245400,19.162494659423828,0.0
BSCP,2022-01-10,21.760000228881836,21.770000457763672,21.729999542236328,21.739999771118164,242900,19.13608741760254,0.0
BSCP,2022-01-11,21.719999313354492,21.760000228881836,21.719999313354492,21.75,446500,19.14488983154297,0.0
BSCP,2022-01-12,21.75,21.780000686645508,21.75,21.75,113100,19.14488983154297,0.0
BSCP,2022-01-13,21.75,21.770000457763672,21.739999771118164,21.760000228881836,203500,19.15369415283203,0.0
BSCP,2022-01-14,21.75,21.75,21.709999084472656,21.719999313354492,111800,19.11849021911621,0.0
BSCP,2022-01-18,21.68000030517578,21.68000030517578,21.6299991607666,21.639999389648438,163100,19.048063278198242,0.0
BSCP,2022-01-19,21.639999389648438,21.68000030517578,21.639999389648438,21.65999984741211,220300,19.065673828125,0.0
BSCP,2022-01-20,21.65999984741211,21.670000076293945,21.6299991607666,21.639999389648438,227600,19.048063278198242,0.0
BSCP,2022-01-21,21.65999984741211,21.690000534057617,21.649999618530273,21.68000030517578,206600,19.083276748657227,0.0
BSCP,2022-01-24,21.649999618530273,21.65999984741211,21.6299991607666,21.649999618530273,564000,19.083274841308594,0.03
BSCP,2022-01-25,21.65999984741211,21.65999984741211,21.6200008392334,21.639999389648438,332600,19.0744571685791,0.0
BSCP,2022-01-26,21.649999618530273,21.656999588012695,21.540000915527344,21.549999237060547,228200,18.99513053894043,0.0
BSCP,2022-01-27,21.540000915527344,21.54599952697754,21.510000228881836,21.520000457763672,268500,18.96868896484375,0.0
BSCP,2022-01-28,21.520000457763672,21.549999237060547,21.510000228881836,21.530000686645508,240300,18.97750473022461,0.0
BSCP,2022-01-31,21.530000686645508,21.559999465942383,21.510000228881836,21.549999237060547,119700,18.99513053894043,0.0
BSCP,2022-02-01,21.559999465942383,21.600000381469727,21.541000366210938,21.559999465942383,273700,19.00394058227539,0.0
BSCP,2022-02-02,21.579999923706055,21.59000015258789,21.56999969482422,21.579999923706055,244700,19.021574020385742,0.0
BSCP,2022-02-03,21.549999237060547,21.559999465942383,21.540000915527344,21.559999465942383,140800,19.00394058227539,0.0
BSCP,2022-02-04,21.479999542236328,21.479999542236328,21.450000762939453,21.459999084472656,216300,18.915800094604492,0.0
BSCP,2022-02-07,21.459999084472656,21.489999771118164,21.43000030517578,21.489999771118164,132700,18.942245483398438,0.0
BSCP,2022-02-08,21.469999313354492,21.469999313354492,21.440000534057617,21.450000762939453,175200,18.906986236572266,0.0
BSCP,2022-02-09,21.459999084472656,21.469999313354492,21.440000534057617,21.450000762939453,190100,18.906986236572266,0.0
BSCP,2022-02-10,21.389999389648438,21.389999389648438,21.290000915527344,21.290000915527344,174900,18.765954971313477,0.0
BSCP,2022-02-11,21.34000015258789,21.389999389648438,21.309999465942383,21.3700008392334,298400,18.836471557617188,0.0
BSCP,2022-02-14,21.309999465942383,21.309999465942383,21.280000686645508,21.299999237060547,143900,18.774768829345703,0.0
BSCP,2022-02-15,21.299999237060547,21.329999923706055,21.280000686645508,21.309999465942383,515600,18.78357696533203,0.0
BSCP,2022-02-16,21.309999465942383,21.34000015258789,21.309999465942383,21.329999923706055,292500,18.80121421813965,0.0
BSCP,2022-02-17,21.34000015258789,21.3700008392334,21.320999145507812,21.350000381469727,289100,18.818843841552734,0.0
BSCP,2022-02-18,21.360000610351562,21.364999771118164,21.309999465942383,21.329999923706055,205200,18.80121421813965,0.0
BSCP,2022-02-22,21.299999237060547,21.299999237060547,21.270000457763672,21.280000686645508,414100,18.781797409057617,0.028
BSCP,2022-02-23,21.270000457763672,21.270000457763672,21.239999771118164,21.239999771118164,288700,18.746490478515625,0.0
BSCP,2022-02-24,21.239999771118164,21.270000457763672,21.239999771118164,21.260000228881836,376100,18.764141082763672,0.0
BSCP,2022-02-25,21.25,21.270000457763672,21.229999542236328,21.270000457763672,108800,18.772974014282227,0.0
BSCP,2022-02-28,21.299999237060547,21.350000381469727,21.299999237060547,21.350000381469727,171600,18.84357452392578,0.0
BSCP,2022-03-01,21.385000228881836,21.469999313354492,21.3799991607666,21.420000076293945,275200,18.905363082885742,0.0
BSCP,2022-03-02,21.360000610351562,21.360000610351562,21.283000946044922,21.299999237060547,129300,18.799449920654297,0.0
BSCP,2022-03-03,21.309999465942383,21.309999465942383,21.280000686645508,21.299999237060547,194900,18.799449920654297,0.0
BSCP,2022-03-04,21.309999465942383,21.329999923706055,21.280000686645508,21.290000915527344,167700,18.790616989135742,0.0
BSCP,2022-03-07,21.25,21.260000228881836,21.18000030517578,21.190000534057617,143700,18.702360153198242,0.0
BSCP,2022-03-08,21.15999984741211,21.15999984741211,21.06999969482422,21.100000381469727,161100,18.622928619384766,0.0
BSCP,2022-03-09,21.09000015258789,21.1200008392334,21.06999969482422,21.110000610351562,363700,18.631755828857422,0.0
BSCP,2022-03-10,21.079999923706055,21.079999923706055,21.03499984741211,21.059999465942383,186000,18.58762550354004,0.0
BSCP,2022-03-11,21.049999237060547,21.049999237060547,21.010000228881836,21.030000686645508,287700,18.561141967773438,0.0
BSCP,2022-03-14,20.950000762939453,20.979999542236328,20.899999618530273,20.924999237060547,647200,18.468467712402344,0.0
BSCP,2022-03-15,20.940000534057617,20.968000411987305,20.93000030517578,20.940000534057617,1062600,18.481714248657227,0.0
BSCP,2022-03-16,20.959999084472656,21.0,20.889999389648438,20.969999313354492,286300,18.50818634033203,0.0
BSCP,2022-03-17,20.979999542236328,21.030000686645508,20.979999542236328,21.030000686645508,227800,18.561141967773438,0.0
BSCP,2022-03-18,20.989999771118164,21.020000457763672,20.982999801635742,21.020000457763672,119400,18.552316665649414,0.0
BSCP,2022-03-21,20.93000030517578,20.950000762939453,20.8700008392334,20.889999389648438,243200,18.4656925201416,0.032
BSCP,2022-03-22,20.850000381469727,20.889999389648438,20.84000015258789,20.889999389648438,185000,18.4656925201416,0.0
BSCP,2022-03-23,20.889999389648438,20.90999984741211,20.8799991607666,20.889999389648438,208000,18.4656925201416,0.0
BSCP,2022-03-24,20.860000610351562,20.899999618530273,20.829999923706055,20.899999618530273,129500,18.474529266357422,0.0
BSCP,2022-03-25,20.860000610351562,20.860000610351562,20.780000686645508,20.81999969482422,163200,18.4038143157959,0.0
BSCP,2022-03-28,20.799999237060547,20.860000610351562,20.780000686645508,20.799999237060547,233500,18.38613510131836,0.0
BSCP,2022-03-29,20.809999465942383,20.8799991607666,20.809999465942383,20.8700008392334,569900,18.448020935058594,0.0
BSCP,2022-03-30,20.8700008392334,20.90999984741211,20.860000610351562,20.899999618530273,426900,18.474529266357422,0.0
BSCP,2022-03-31,20.899999618530273,20.93000030517578,20.889999389648438,20.90999984741211,362200,18.48337173461914,0.0
BSCP,2022-04-01,20.829999923706055,20.8799991607666,20.81999969482422,20.860000610351562,242600,18.439167022705078,0.0
BSCP,2022-04-04,20.850000381469727,20.93000030517578,20.850000381469727,20.899999618530273,240500,18.474529266357422,0.0
BSCP,2022-04-05,20.8700008392334,20.8700008392334,20.790000915527344,20.809999465942383,202300,18.394975662231445,0.0
BSCP,2022-04-06,20.75,20.860000610351562,20.739999771118164,20.790000915527344,238900,18.377302169799805,0.0
BSCP,2022-04-07,20.809999465942383,20.84000015258789,20.799999237060547,20.809999465942383,197400,18.394975662231445,0.0
BSCP,2022-04-08,20.760000228881836,20.780000686645508,20.739999771118164,20.760000228881836,207000,18.35078239440918,0.0
BSCP,2022-04-11,20.729999542236328,20.90999984741211,20.719999313354492,20.739999771118164,513000,18.333097457885742,0.0
BSCP,2022-04-12,20.780000686645508,20.959999084472656,20.780000686645508,20.809999465942383,314200,18.394975662231445,0.0
BSCP,2022-04-13,20.809999465942383,20.860000610351562,20.809999465942383,20.84000015258789,237500,18.421497344970703,0.0
BSCP,2022-04-14,20.81999969482422,20.81999969482422,20.760000228881836,20.780000686645508,373300,18.368459701538086,0.0
BSCP,2022-04-18,20.719999313354492,20.75,20.700000762939453,20.719999313354492,243000,18.3427791595459,0.031
BSCP,2022-04-19,20.670000076293945,20.690000534057617,20.6200008392334,20.6200008392334,395500,18.25425910949707,0.0
BSCP,2022-04-20,20.6299991607666,20.68000030517578,20.610000610351562,20.65999984741211,700800,18.289669036865234,0.0
BSCP,2022-04-21,20.6299991607666,20.6299991607666,20.549999237060547,20.56999969482422,637500,18.20999526977539,0.0
BSCP,2022-04-22,20.510000228881836,20.58799934387207,20.489999771118164,20.56999969482422,292300,18.20999526977539,0.0
BSCP,2022-04-25,20.610000610351562,20.790000915527344,20.610000610351562,20.670000076293945,632500,18.298521041870117,0.0
BSCP,2022-04-26,20.690000534057617,20.729999542236328,20.690000534057617,20.719999313354492,1650500,18.3427791595459,0.0
BSCP,2022-04-27,20.700000762939453,20.780000686645508,20.649999618530273,20.649999618530273,1003900,18.28081512451172,0.0
BSCP,2022-04-28,20.639999389648438,20.639999389648438,20.600000381469727,20.639999389648438,258100,18.271963119506836,0.0
BSCP,2022-04-29,20.59000015258789,20.600000381469727,20.55500030517578,20.559999465942383,335300,18.20113754272461,0.0
BSCP,2022-05-02,20.540000915527344,20.579999923706055,20.520000457763672,20.549999237060547,334200,18.192296981811523,0.0
BSCP,2022-05-03,20.559999465942383,20.600000381469727,20.549999237060547,20.559999465942383,250000,18.20113754272461,0.0
BSCP,2022-05-04,20.549999237060547,20.711999893188477,20.510000228881836,20.65999984741211,490900,18.289669036865234,0.0
BSCP,2022-05-05,20.6299991607666,20.6299991607666,20.549999237060547,20.59000015258789,895500,18.227705001831055,0.0
BSCP,2022-05-06,20.559999465942383,20.600000381469727,20.549999237060547,20.56999969482422,430000,18.20999526977539,0.0
BSCP,2022-05-09,20.579999923706055,20.700000762939453,20.579999923706055,20.6299991607666,365100,18.263113021850586,0.0
BSCP,2022-05-10,20.649999618530273,20.690000534057617,20.6299991607666,20.6299991607666,248000,18.263113021850586,0.0
BSCP,2022-05-11,20.59000015258789,20.684999465942383,20.56999969482422,20.6200008392334,7422600,18.25425910949707,0.0
BSCP,2022-05-12,20.639999389648438,20.68000030517578,20.639999389648438,20.649999618530273,311300,18.28081512451172,0.0
BSCP,2022-05-13,20.639999389648438,20.639999389648438,20.600000381469727,20.6299991607666,411000,18.263113021850586,0.0
BSCP,2022-05-16,20.6299991607666,20.68000030517578,20.6299991607666,20.65999984741211,252300,18.289669036865234,0.0
BSCP,2022-05-17,20.600000381469727,20.610000610351562,20.575000762939453,20.59000015258789,303600,18.227705001831055,0.0
BSCP,2022-05-18,20.565000534057617,20.608999252319336,20.559999465942383,20.56999969482422,1493300,18.20999526977539,0.0
BSCP,2022-05-19,20.610000610351562,20.639999389648438,20.60300064086914,20.6200008392334,247200,18.25425910949707,0.0
BSCP,2022-05-20,20.6299991607666,20.655000686645508,20.610000610351562,20.649999618530273,305700,18.28081512451172,0.0
BSCP,2022-05-23,20.600000381469727,20.61400032043457,20.600000381469727,20.610000610351562,259700,18.27549934387207,0.034
BSCP,2022-05-24,20.6200008392334,20.709999084472656,20.6200008392334,20.709999084472656,599000,18.36417579650879,0.0
BSCP,2022-05-25,20.729999542236328,20.75,20.709999084472656,20.739999771118164,227600,18.39076805114746,0.0
BSCP,2022-05-26,20.760000228881836,20.799999237060547,20.75,20.760000228881836,693300,18.408510208129883,0.0
BSCP,2022-05-27,20.780000686645508,20.799999237060547,20.770000457763672,20.799999237060547,272900,18.443971633911133,0.0
BSCP,2022-05-31,20.760000228881836,20.760000228881836,20.700000762939453,20.729999542236328,219700,18.381900787353516,0.0
BSCP,2022-06-01,20.729999542236328,20.739999771118164,20.649999618530273,20.670000076293945,275900,18.32870101928711,0.0
BSCP,2022-06-02,20.68000030517578,20.68000030517578,20.635000228881836,20.68000030517578,311500,18.337570190429688,0.0
BSCP,2022-06-03,20.639999389648438,20.68000030517578,20.6299991607666,20.65999984741211,365300,18.319835662841797,0.0
BSCP,2022-06-06,20.649999618530273,20.649999618530273,20.610000610351562,20.6299991607666,1657100,18.293228149414062,0.0
BSCP,2022-06-07,20.6299991607666,20.670000076293945,20.56999969482422,20.639999389648438,237100,18.302099227905273,0.0
BSCP,2022-06-08,20.6200008392334,20.639999389648438,20.600000381469727,20.610000610351562,578900,18.27549934387207,0.0
BSCP,2022-06-09,20.610000610351562,20.610000610351562,20.55500030517578,20.56999969482422,301000,18.240028381347656,0.0
BSCP,2022-06-10,20.479999542236328,20.479999542236328,20.43000030517578,20.440000534057617,228200,18.1247501373291,0.0
BSCP,2022-06-13,20.290000915527344,20.309999465942383,20.190000534057617,20.239999771118164,632200,17.947410583496094,0.0
BSCP,2022-06-14,20.25,20.280000686645508,20.149999618530273,20.170000076293945,1013000,17.885337829589844,0.0
BSCP,2022-06-15,20.239999771118164,20.34000015258789,20.190000534057617,20.329999923706055,672800,18.027206420898438,0.0
BSCP,2022-06-16,20.25,20.329999923706055,20.239999771118164,20.299999237060547,413200,18.0006103515625,0.0
BSCP,2022-06-17,20.31999969482422,20.479999542236328,20.2810001373291,20.309999465942383,884600,18.009477615356445,0.0
BSCP,2022-06-21,20.270000457763672,20.299999237060547,20.260000228881836,20.270000457763672,422500,18.00681495666504,0.037
BSCP,2022-06-22,20.329999923706055,20.350000381469727,20.290000915527344,20.299999237060547,254700,18.033462524414062,0.0
BSCP,2022-06-23,20.360000610351562,20.420000076293945,20.34000015258789,20.3700008392334,916400,18.09564781188965,0.0
BSCP,2022-06-24,20.350000381469727,20.405000686645508,20.3439998626709,20.3799991607666,355100,18.104530334472656,0.0
BSCP,2022-06-27,20.350000381469727,20.37700080871582,20.34000015258789,20.360000610351562,217300,18.086767196655273,0.0
BSCP,2022-06-28,20.350000381469727,20.350000381469727,20.31999969482422,20.350000381469727,184300,18.077877044677734,0.0
BSCP,2022-06-29,20.34000015258789,20.399999618530273,20.31999969482422,20.399999618530273,542800,18.122295379638672,0.0
BSCP,2022-06-30,20.40999984741211,20.459999084472656,20.409000396728516,20.440000534057617,469200,18.1578311920166,0.0
BSCP,2022-07-01,20.5,20.569000244140625,20.5,20.540000915527344,182400,18.246667861938477,0.0
BSCP,2022-07-05,20.549999237060547,20.56999969482422,20.520000457763672,20.559999465942383,276300,18.264429092407227,0.0
BSCP,2022-07-06,20.559999465942383,20.56999969482422,20.459999084472656,20.5,376600,18.21113395690918,0.0
BSCP,2022-07-07,20.5,20.520000457763672,20.459999084472656,20.510000228881836,386700,18.220012664794922,0.0
BSCP,2022-07-08,20.469999313354492,20.489999771118164,20.440000534057617,20.459999084472656,365600,18.175594329833984,0.0
BSCP,2022-07-11,20.489999771118164,20.510000228881836,20.43000030517578,20.459999084472656,248000,18.175594329833984,0.0
BSCP,2022-07-12,20.479999542236328,20.5,20.450000762939453,20.450000762939453,220400,18.166717529296875,0.0
BSCP,2022-07-13,20.3799991607666,20.459999084472656,20.360000610351562,20.440000534057617,372200,18.1578311920166,0.0
BSCP,2022-07-14,20.3799991607666,20.469999313354492,20.360000610351562,20.450000762939453,1285600,18.166717529296875,0.0
BSCP,2022-07-15,20.420000076293945,20.489999771118164,20.420000076293945,20.489999771118164,549600,18.202247619628906,0.0
BSCP,2022-07-18,20.440000534057617,20.440000534057617,20.399999618530273,20.399999618530273,226600,18.157743453979492,0.04
BSCP,2022-07-19,20.420000076293945,20.43000030517578,20.40999984741211,20.420000076293945,473700,18.175540924072266,0.0
BSCP,2022-07-20,20.450000762939453,20.450000762939453,20.389999389648438,20.40999984741211,496600,18.166645050048828,0.0
BSCP,2022-07-21,20.420000076293945,20.520000457763672,20.420000076293945,20.520000457763672,681000,18.264556884765625,0.0
BSCP,2022-07-22,20.56999969482422,20.6200008392334,20.549999237060547,20.59000015258789,453800,18.32686424255371,0.0
BSCP,2022-07-25,20.565000534057617,20.579999923706055,20.540000915527344,20.559999465942383,343200,18.300155639648438,0.0
BSCP,2022-07-26,20.56999969482422,20.579999923706055,20.540000915527344,20.549999237060547,593800,18.291263580322266,0.0
BSCP,2022-07-27,20.540000915527344,20.6200008392334,20.540000915527344,20.610000610351562,266900,18.344661712646484,0.0
BSCP,2022-07-28,20.68000030517578,20.709999084472656,20.65999984741211,20.700000762939453,198500,18.424766540527344,0.0
BSCP,2022-07-29,20.68000030517578,20.739999771118164,20.670000076293945,20.729999542236328,282000,18.45147132873535,0.0
BSCP,2022-08-01,20.700000762939453,20.709999084472656,20.690000534057617,20.700000762939453,162100,18.424766540527344,0.0
BSCP,2022-08-02,20.700000762939453,20.700000762939453,20.600000381469727,20.610000610351562,226700,18.344661712646484,0.0
BSCP,2022-08-03,20.579999923706055,20.6200008392334,20.559999465942383,20.6200008392334,639000,18.353565216064453,0.0
BSCP,2022-08-04,20.6299991607666,20.68000030517578,20.6200008392334,20.68000030517578,239900,18.406972885131836,0.0
BSCP,2022-08-05,20.549999237060547,20.579999923706055,20.520999908447266,20.559999465942383,195900,18.300155639648438,0.0
BSCP,2022-08-08,20.559999465942383,20.600000381469727,20.559999465942383,20.579999923706055,621700,18.317956924438477,0.0
BSCP,2022-08-09,20.530000686645508,20.540000915527344,20.510000228881836,20.530000686645508,335500,18.273460388183594,0.0
BSCP,2022-08-10,20.600000381469727,20.639999389648438,20.59000015258789,20.600000381469727,283100,18.33575439453125,0.0
BSCP,2022-08-11,20.639999389648438,20.670000076293945,20.56999969482422,20.579999923706055,311600,18.317956924438477,0.0
BSCP,2022-08-12,20.6200008392334,20.649999618530273,20.584999084472656,20.6200008392334,421800,18.353565216064453,0.0
BSCP,2022-08-15,20.639999389648438,20.649999618530273,20.6299991607666,20.639999389648438,205200,18.37136459350586,0.0
BSCP,2022-08-16,20.6299991607666,20.6299991607666,20.600000381469727,20.610000610351562,1189400,18.344661712646484,0.0
BSCP,2022-08-17,20.549999237060547,20.56999969482422,20.5,20.549999237060547,625400,18.291263580322266,0.0
BSCP,2022-08-18,20.579999923706055,20.597999572753906,20.559999465942383,20.566999435424805,586000,18.30638885498047,0.0
BSCP,2022-08-19,20.530000686645508,20.559999465942383,20.5,20.540000915527344,800800,18.282358169555664,0.0
BSCP,2022-08-22,20.459999084472656,20.459999084472656,20.420000076293945,20.440000534057617,506800,18.229736328125,0.041
BSCP,2022-08-23,20.43000030517578,20.479999542236328,20.420000076293945,20.450000762939453,311300,18.2386531829834,0.0
BSCP,2022-08-24,20.43000030517578,20.447999954223633,20.420000076293945,20.43000030517578,356200,18.220821380615234,0.0
BSCP,2022-08-25,20.440000534057617,20.5,20.440000534057617,20.479999542236328,356600,18.265409469604492,0.0
BSCP,2022-08-26,20.469999313354492,20.5,20.43000030517578,20.450000762939453,767700,18.2386531829834,0.0
BSCP,2022-08-29,20.40999984741211,20.43000030517578,20.389999389648438,20.420000076293945,1160700,18.211896896362305,0.0
BSCP,2022-08-30,20.40999984741211,20.420000076293945,20.360000610351562,20.40999984741211,413000,18.202978134155273,0.0
BSCP,2022-08-31,20.389999389648438,20.417999267578125,20.350000381469727,20.360000610351562,342900,18.15839195251465,0.0
BSCP,2022-09-01,20.350000381469727,20.350000381469727,20.30900001525879,20.34000015258789,397800,18.140548706054688,0.0
BSCP,2022-09-02,20.399999618530273,20.424999237060547,20.3700008392334,20.3799991607666,121200,18.176223754882812,0.0
BSCP,2022-09-06,20.34000015258789,20.350000381469727,20.270000457763672,20.31999969482422,268500,18.122709274291992,0.0
BSCP,2022-09-07,20.31999969482422,20.385000228881836,20.31999969482422,20.3799991607666,236400,18.176223754882812,0.0
BSCP,2022-09-08,20.3700008392334,20.389999389648438,20.360000610351562,20.3700008392334,273700,18.167301177978516,0.0
BSCP,2022-09-09,20.3700008392334,20.40999984741211,20.350000381469727,20.360000610351562,292500,18.15839195251465,0.0
BSCP,2022-09-12,20.3799991607666,20.399999618530273,20.360000610351562,20.3700008392334,498300,18.167301177978516,0.0
BSCP,2022-09-13,20.270000457763672,20.290000915527344,20.25,20.290000915527344,1681600,18.095958709716797,0.0
BSCP,2022-09-14,20.25,20.290000915527344,20.25,20.280000686645508,291100,18.087038040161133,0.0
BSCP,2022-09-15,20.260000228881836,20.270000457763672,20.239999771118164,20.260000228881836,320800,18.06920623779297,0.0
BSCP,2022-09-16,20.219999313354492,20.290000915527344,20.21500015258789,20.270000457763672,1019800,18.078121185302734,0.0
BSCP,2022-09-19,20.170000076293945,20.209999084472656,20.149999618530273,20.18000030517578,617200,18.034334182739258,0.041
BSCP,2022-09-20,20.149999618530273,20.18000030517578,20.139999389648438,20.149999618530273,1872300,18.007516860961914,0.0
BSCP,2022-09-21,20.15999984741211,20.219999313354492,20.084999084472656,20.139999389648438,1296800,17.998580932617188,0.0
BSCP,2022-09-22,20.09000015258789,20.110000610351562,20.040000915527344,20.06999969482422,600800,17.936023712158203,0.0
BSCP,2022-09-23,20.040000915527344,20.040000915527344,19.9950008392334,20.010000228881836,783800,17.882404327392578,0.0
BSCP,2022-09-26,19.979999542236328,19.982999801635742,19.8799991607666,19.899999618530273,1021700,17.784099578857422,0.0
BSCP,2022-09-27,19.93000030517578,19.940000534057617,19.850000381469727,19.860000610351562,911400,17.748355865478516,0.0
BSCP,2022-09-28,19.959999084472656,20.030000686645508,19.93000030517578,20.010000228881836,1137600,17.882404327392578,0.0
BSCP,2022-09-29,19.959999084472656,19.969999313354492,19.900999069213867,19.959999084472656,519900,17.83771514892578,0.0
BSCP,2022-09-30,19.979999542236328,20.0,19.93000030517578,19.94499969482422,693300,17.824316024780273,0.0
BSCP,2022-10-03,20.0,20.086000442504883,20.0,20.040000915527344,1355700,17.909215927124023,0.0
BSCP,2022-10-04,20.079999923706055,20.09000015258789,20.040000915527344,20.049999237060547,421600,17.91814613342285,0.0
BSCP,2022-10-05,20.010000228881836,20.035999298095703,19.985000610351562,20.024999618530273,742300,17.895811080932617,0.0
BSCP,2022-10-06,20.010000228881836,20.030000686645508,19.989999771118164,20.0,655800,17.87346076965332,0.0
BSCP,2022-10-07,19.969999313354492,19.969999313354492,19.93000030517578,19.93000030517578,249400,17.810911178588867,0.0
BSCP,2022-10-10,19.959999084472656,19.959999084472656,19.899999618530273,19.899999618530273,248000,17.784099578857422,0.0
BSCP,2022-10-11,19.90999984741211,19.940000534057617,19.8799991607666,19.8799991607666,553500,17.766225814819336,0.0
BSCP,2022-10-12,19.899999618530273,19.90999984741211,19.8700008392334,19.899999618530273,314200,17.784099578857422,0.0
BSCP,2022-10-13,19.780000686645508,19.8799991607666,19.735000610351562,19.8799991607666,843800,17.766225814819336,0.0
BSCP,2022-10-14,19.889999389648438,19.90999984741211,19.799999237060547,19.809999465942383,371600,17.70366859436035,0.0
BSCP,2022-10-17,19.8799991607666,19.90999984741211,19.850000381469727,19.860000610351562,254000,17.748355865478516,0.0
BSCP,2022-10-18,19.8799991607666,19.90999984741211,19.860000610351562,19.875,369400,17.761751174926758,0.0
BSCP,2022-10-19,19.81999969482422,19.84000015258789,19.790000915527344,19.809999465942383,450200,17.70366859436035,0.0
BSCP,2022-10-20,19.799999237060547,19.81999969482422,19.764999389648438,19.780000686645508,512800,17.67685890197754,0.0
BSCP,2022-10-21,19.799999237060547,19.860000610351562,19.770000457763672,19.860000610351562,465400,17.748355865478516,0.0
BSCP,2022-10-24,19.790000915527344,19.84000015258789,19.775999069213867,19.799999237060547,364100,17.73312759399414,0.043
BSCP,2022-10-25,19.850000381469727,19.899999618530273,19.850000381469727,19.860000610351562,470100,17.786865234375,0.0
BSCP,2022-10-26,19.8700008392334,19.90999984741211,19.860000610351562,19.8700008392334,349200,17.795822143554688,0.0
BSCP,2022-10-27,19.899999618530273,19.940000534057617,19.889999389648438,19.93000030517578,610100,17.849563598632812,0.0
BSCP,2022-10-28,19.90999984741211,19.940000534057617,19.899999618530273,19.920000076293945,439700,17.840600967407227,0.0
BSCP,2022-10-31,19.8799991607666,19.899999618530273,19.860000610351562,19.899999618530273,330900,17.822690963745117,0.0
BSCP,2022-11-01,19.93000030517578,19.93000030517578,19.8700008392334,19.889999389648438,390600,17.81373405456543,0.0
BSCP,2022-11-02,19.889999389648438,19.957000732421875,19.81999969482422,19.81999969482422,589500,17.751039505004883,0.0
BSCP,2022-11-03,19.780000686645508,19.84000015258789,19.770000457763672,19.815000534057617,590700,17.74656105041504,0.0
BSCP,2022-11-04,19.84000015258789,19.889999389648438,19.809999465942383,19.889999389648438,554900,17.81373405456543,0.0
BSCP,2022-11-07,19.860000610351562,19.889999389648438,19.836000442504883,19.8700008392334,616400,17.795822143554688,0.0
BSCP,2022-11-08,19.8799991607666,19.899999618530273,19.850000381469727,19.889999389648438,1030900,17.81373405456543,0.0
BSCP,2022-11-09,19.8799991607666,19.920000076293945,19.860000610351562,19.90999984741211,770600,17.831647872924805,0.0
BSCP,2022-11-10,20.079999923706055,20.1299991607666,20.059999465942383,20.1200008392334,417100,18.019723892211914,0.0
BSCP,2022-11-11,20.110000610351562,20.139999389648438,20.08300018310547,20.1299991607666,335100,18.028675079345703,0.0
BSCP,2022-11-14,20.09000015258789,20.110000610351562,20.06999969482422,20.100000381469727,421900,18.00181770324707,0.0
BSCP,2022-11-15,20.139999389648438,20.15999984741211,20.1200008392334,20.15999984741211,662200,18.0555477142334,0.0
BSCP,2022-11-16,20.149999618530273,20.209999084472656,20.149999618530273,20.18000030517578,1007500,18.073467254638672,0.0
BSCP,2022-11-17,20.1200008392334,20.149999618530273,20.100000381469727,20.1200008392334,556500,18.019723892211914,0.0
BSCP,2022-11-18,20.139999389648438,20.139999389648438,20.110000610351562,20.1299991607666,542400,18.028675079345703,0.0
BSCP,2022-11-21,20.100000381469727,20.110000610351562,20.06999969482422,20.06999969482422,493200,18.015213012695312,0.045
BSCP,2022-11-22,20.06999969482422,20.1200008392334,20.06999969482422,20.100000381469727,1476300,18.042152404785156,0.0
BSCP,2022-11-23,20.09000015258789,20.149999618530273,20.079999923706055,20.1299991607666,673400,18.069072723388672,0.0
BSCP,2022-11-25,20.15999984741211,20.15999984741211,20.1200008392334,20.135000228881836,133400,18.073562622070312,0.0
BSCP,2022-11-28,20.139999389648438,20.15999984741211,20.1200008392334,20.1200008392334,468000,18.060094833374023,0.0
BSCP,2022-11-29,20.110000610351562,20.128999710083008,20.082000732421875,20.100000381469727,802600,18.042152404785156,0.0
BSCP,2022-11-30,20.09000015258789,20.200000762939453,20.059999465942383,20.200000762939453,746500,18.131906509399414,0.0
BSCP,2022-12-01,20.200000762939453,20.25,20.190000534057617,20.239999771118164,949800,18.167808532714844,0.0
BSCP,2022-12-02,20.190000534057617,20.25,20.170000076293945,20.2450008392334,644100,18.172300338745117,0.0
BSCP,2022-12-05,20.219999313354492,20.219999313354492,20.16200065612793,20.18000030517578,366500,18.11396026611328,0.0
BSCP,2022-12-06,20.18000030517578,20.200000762939453,20.15999984741211,20.200000762939453,531100,18.131906509399414,0.0
BSCP,2022-12-07,20.219999313354492,20.260000228881836,20.200000762939453,20.229999542236328,620700,18.15883445739746,0.0
BSCP,2022-12-08,20.229999542236328,20.239999771118164,20.207000732421875,20.219999313354492,579800,18.149858474731445,0.0
BSCP,2022-12-09,20.209999084472656,20.229999542236328,20.190000534057617,20.209999084472656,491600,18.14088249206543,0.0
BSCP,2022-12-12,20.209999084472656,20.219999313354492,20.170000076293945,20.18000030517578,727800,18.11396026611328,0.0
BSCP,2022-12-13,20.309999465942383,20.309999465942383,20.229999542236328,20.229999542236328,507600,18.15883445739746,0.0
BSCP,2022-12-14,20.270000457763672,20.290000915527344,20.209999084472656,20.239999771118164,571200,18.167808532714844,0.0
BSCP,2022-12-15,20.25,20.270000457763672,20.229999542236328,20.25,644000,18.176782608032227,0.0
BSCP,2022-12-16,20.229999542236328,20.290000915527344,20.219999313354492,20.270000457763672,413500,18.194744110107422,0.0
BSCP,2022-12-19,20.219999313354492,20.229999542236328,20.170000076293945,20.170000076293945,922000,18.14885139465332,0.049
BSCP,2022-12-20,20.170000076293945,20.18000030517578,20.1299991607666,20.15999984741211,1074300,18.139850616455078,0.0
BSCP,2022-12-21,20.200000762939453,20.239999771118164,20.200000762939453,20.209999084472656,1901100,18.184837341308594,0.0
BSCP,2022-12-22,20.209999084472656,20.229999542236328,20.190000534057617,20.209999084472656,961700,18.184837341308594,0.0
BSCP,2022-12-23,20.190000534057617,20.209999084472656,20.18000030517578,20.200000762939453,2068900,18.175844192504883,0.0
BSCP,2022-12-27,20.15999984741211,20.190000534057617,20.149999618530273,20.15999984741211,1270200,18.139850616455078,0.0
BSCP,2022-12-28,20.149999618530273,20.170000076293945,20.139999389648438,20.15999984741211,756800,18.139850616455078,0.0
BSCP,2022-12-29,20.149999618530273,20.170000076293945,20.149999618530273,20.170000076293945,640100,18.14885139465332,0.0
BSCP,2022-12-30,20.139999389648438,20.149999618530273,20.1299991607666,20.139999389648438,750600,18.121856689453125,0.0
BSCP,2023-01-03,20.190000534057617,20.200000762939453,20.110000610351562,20.149999618530273,763900,18.13085174560547,0.0
BSCP,2023-01-04,20.190000534057617,20.190000534057617,20.15999984741211,20.170000076293945,1518400,18.14885139465332,0.0
BSCP,2023-01-05,20.1200008392334,20.139999389648438,20.100000381469727,20.139999389648438,524000,18.121856689453125,0.0
BSCP,2023-01-06,20.149999618530273,20.25,20.149999618530273,20.239999771118164,975300,18.211835861206055,0.0
BSCP,2023-01-09,20.239999771118164,20.290000915527344,20.229999542236328,20.270000457763672,602400,18.238828659057617,0.0
BSCP,2023-01-10,20.239999771118164,20.270000457763672,20.239999771118164,20.25,980200,18.220836639404297,0.0
BSCP,2023-01-11,20.260000228881836,20.280000686645508,20.25,20.270000457763672,764200,18.238828659057617,0.0
BSCP,2023-01-12,20.309999465942383,20.329999923706055,20.290000915527344,20.329999923706055,889000,18.292816162109375,0.0
BSCP,2023-01-13,20.299999237060547,20.309999465942383,20.270000457763672,20.270000457763672,1200500,18.238828659057617,0.0
BSCP,2023-01-17,20.270000457763672,20.31999969482422,20.270000457763672,20.315000534057617,709400,18.27932357788086,0.0
BSCP,2023-01-18,20.350000381469727,20.3799991607666,20.329999923706055,20.364999771118164,893000,18.324308395385742,0.0
BSCP,2023-01-19,20.34000015258789,20.350000381469727,20.329999923706055,20.34000015258789,1063500,18.301815032958984,0.0
BSCP,2023-01-20,20.309999465942383,20.350000381469727,20.299999237060547,20.34000015258789,622300,18.301815032958984,0.0
BSCP,2023-01-23,20.280000686645508,20.280000686645508,20.270000457763672,20.274999618530273,493700,18.288280487060547,0.05
BSCP,2023-01-24,20.270000457763672,20.295000076293945,20.260000228881836,20.280000686645508,928200,18.29279327392578,0.0
BSCP,2023-01-25,20.280000686645508,20.299999237060547,20.270000457763672,20.299999237060547,581300,18.310836791992188,0.0
BSCP,2023-01-26,20.290000915527344,20.299999237060547,20.270000457763672,20.290000915527344,1155300,18.30181884765625,0.0
BSCP,2023-01-27,20.270000457763672,20.290000915527344,20.260000228881836,20.28499984741211,689200,18.297306060791016,0.0
BSCP,2023-01-30,20.270000457763672,20.290000915527344,20.25,20.280000686645508,753900,18.29279327392578,0.0
BSCP,2023-01-31,20.299999237060547,20.329999923706055,20.290000915527344,20.309999465942383,1569600,18.31985855102539,0.0
BSCP,2023-02-01,20.31999969482422,20.3799991607666,20.290000915527344,20.360000610351562,645600,18.364952087402344,0.0
BSCP,2023-02-02,20.3799991607666,20.399999618530273,20.3799991607666,20.3799991607666,1002900,18.382993698120117,0.0
BSCP,2023-02-03,20.329999923706055,20.329999923706055,20.280000686645508,20.280000686645508,1401600,18.29279327392578,0.0
BSCP,2023-02-06,20.25,20.25,20.219999313354492,20.225000381469727,814800,18.243183135986328,0.0
BSCP,2023-02-07,20.239999771118164,20.268999099731445,20.219999313354492,20.239999771118164,1027400,18.2567138671875,0.0
BSCP,2023-02-08,20.239999771118164,20.25,20.229999542236328,20.239999771118164,799000,18.2567138671875,0.0
BSCP,2023-02-09,20.260000228881836,20.260000228881836,20.209999084472656,20.229999542236328,622000,18.24769401550293,0.0
BSCP,2023-02-10,20.219999313354492,20.229999542236328,20.200000762939453,20.209999084472656,692500,18.229650497436523,0.0
BSCP,2023-02-13,20.200000762939453,20.209999084472656,20.190000534057617,20.209999084472656,661900,18.229650497436523,0.0
BSCP,2023-02-14,20.190000534057617,20.190000534057617,20.139999389648438,20.170000076293945,673800,18.19357681274414,0.0
BSCP,2023-02-15,20.170000076293945,20.18000030517578,20.158000946044922,20.18000030517578,666900,18.202592849731445,0.0
BSCP,2023-02-16,20.170000076293945,20.190000534057617,20.149999618530273,20.170000076293945,469800,18.19357681274414,0.0
BSCP,2023-02-17,20.149999618530273,20.200000762939453,20.149999618530273,20.18000030517578,340800,18.202592849731445,0.0
BSCP,2023-02-21,20.110000610351562,20.110000610351562,20.059999465942383,20.100000381469727,875700,18.17365837097168,0.048
BSCP,2023-02-22,20.100000381469727,20.1299991607666,20.09000015258789,20.09000015258789,959600,18.164615631103516,0.0
BSCP,2023-02-23,20.100000381469727,20.1200008392334,20.09000015258789,20.110000610351562,878300,18.182706832885742,0.0
BSCP,2023-02-24,20.059999465942383,20.06999969482422,20.040000915527344,20.059999465942383,247100,18.137493133544922,0.0
BSCP,2023-02-27,20.079999923706055,20.09000015258789,20.06999969482422,20.06999969482422,408100,18.146530151367188,0.0
BSCP,2023-02-28,20.06999969482422,20.09000015258789,20.049999237060547,20.09000015258789,7756600,18.164615631103516,0.0
BSCP,2023-03-01,20.059999465942383,20.059999465942383,20.030000686645508,20.030000686645508,1116500,18.110368728637695,0.0
BSCP,2023-03-02,20.030000686645508,20.06999969482422,20.020000457763672,20.059999465942383,1149200,18.137493133544922,0.0
BSCP,2023-03-03,20.09000015258789,20.09000015258789,20.059999465942383,20.09000015258789,1250100,18.164615631103516,0.0
BSCP,2023-03-06,20.09000015258789,20.094999313354492,20.059999465942383,20.065000534057617,777500,18.14201545715332,0.0
BSCP,2023-03-07,20.079999923706055,20.100000381469727,20.0,20.0,676000,18.083242416381836,0.0
BSCP,2023-03-08,20.010000228881836,20.030000686645508,19.969999313354492,19.97599983215332,782400,18.061548233032227,0.0
BSCP,2023-03-09,20.020000457763672,20.059999465942383,20.010000228881836,20.040000915527344,1291600,18.11941146850586,0.0
BSCP,2023-03-10,20.139999389648438,20.149999618530273,20.09000015258789,20.1200008392334,1188600,18.191741943359375,0.0
BSCP,2023-03-13,20.229999542236328,20.31599998474121,20.170000076293945,20.200000762939453,1695500,18.264076232910156,0.0
BSCP,2023-03-14,20.200000762939453,20.200000762939453,20.06999969482422,20.15999984741211,1262200,18.2279052734375,0.0
BSCP,2023-03-15,20.229999542236328,20.229999542236328,20.114999771118164,20.209999084472656,1295100,18.273115158081055,0.0
BSCP,2023-03-16,20.219999313354492,20.219999313354492,20.100000381469727,20.1299991607666,885700,18.20078468322754,0.0
BSCP,2023-03-17,20.149999618530273,20.260000228881836,20.149999618530273,20.219999313354492,596700,18.28215789794922,0.0
BSCP,2023-03-20,20.18000030517578,20.200000762939453,20.1299991607666,20.145999908447266,306700,18.26222038269043,0.052
BSCP,2023-03-21,20.149999618530273,20.2189998626709,20.1200008392334,20.165000915527344,513300,18.279438018798828,0.0
BSCP,2023-03-22,20.170000076293945,20.309999465942383,20.149999618530273,20.25,732600,18.35649299621582,0.0
BSCP,2023-03-23,20.25,20.31800079345703,20.25,20.280000686645508,576200,18.383684158325195,0.0
BSCP,2023-03-24,20.3799991607666,20.3799991607666,20.309999465942383,20.31999969482422,497300,18.419944763183594,0.0
BSCP,2023-03-27,20.260000228881836,20.280000686645508,20.200000762939453,20.219999313354492,655200,18.329296112060547,0.0
BSCP,2023-03-28,20.209999084472656,20.209999084472656,20.167999267578125,20.200000762939453,570900,18.31116485595703,0.0
BSCP,2023-03-29,20.18000030517578,20.219999313354492,20.15999984741211,20.219999313354492,462400,18.329296112060547,0.0
BSCP,2023-03-30,20.209999084472656,20.229999542236328,20.200000762939453,20.219999313354492,632900,18.329296112060547,0.0
BSCP,2023-03-31,20.239999771118164,20.290000915527344,20.214000701904297,20.280000686645508,678900,18.383684158325195,0.0
BSCP,2023-04-03,20.270000457763672,20.3700008392334,20.264999389648438,20.360000610351562,442700,18.456209182739258,0.0
BSCP,2023-04-04,20.329999923706055,20.389999389648438,20.31999969482422,20.3700008392334,792000,18.46527099609375,0.0
BSCP,2023-04-05,20.399999618530273,20.440000534057617,20.3799991607666,20.389999389648438,507800,18.483400344848633,0.0
BSCP,2023-04-06,20.389999389648438,20.399999618530273,20.360000610351562,20.3700008392334,779800,18.46527099609375,0.0
BSCP,2023-04-10,20.31999969482422,20.329999923706055,20.299999237060547,20.325000762939453,542600,18.424480438232422,0.0
BSCP,2023-04-11,20.350000381469727,20.350000381469727,20.299999237060547,20.309999465942383,670000,18.41088104248047,0.0
BSCP,2023-04-12,20.350000381469727,20.3799991607666,20.31999969482422,20.3439998626709,1154400,18.441701889038086,0.0
BSCP,2023-04-13,20.3799991607666,20.389999389648438,20.360000610351562,20.3700008392334,664200,18.46527099609375,0.0
BSCP,2023-04-14,20.34000015258789,20.350000381469727,20.31999969482422,20.34000015258789,490600,18.43807029724121,0.0
BSCP,2023-04-17,20.31999969482422,20.31999969482422,20.299999237060547,20.299999237060547,1007100,18.401813507080078,0.0
BSCP,2023-04-18,20.309999465942383,20.326000213623047,20.30299949645996,20.31999969482422,462800,18.419944763183594,0.0
BSCP,2023-04-19,20.299999237060547,20.299999237060547,20.270000457763672,20.270000457763672,503100,18.374618530273438,0.0
BSCP,2023-04-20,20.309999465942383,20.329999923706055,20.299999237060547,20.31999969482422,472400,18.419944763183594,0.0
BSCP,2023-04-21,20.350000381469727,20.35099983215332,20.309999465942383,20.31999969482422,407700,18.419944763183594,0.0
BSCP,2023-04-24,20.290000915527344,20.299999237060547,20.270000457763672,20.280000686645508,668200,18.436311721801758,0.058
BSCP,2023-04-25,20.329999923706055,20.360000610351562,20.31999969482422,20.360000610351562,511600,18.50904083251953,0.0
BSCP,2023-04-26,20.350000381469727,20.360000610351562,20.299999237060547,20.329999923706055,493000,18.481769561767578,0.0
BSCP,2023-04-27,20.299999237060547,20.299999237060547,20.273000717163086,20.280000686645508,420100,18.436311721801758,0.0
BSCP,2023-04-28,20.309999465942383,20.31999969482422,20.290000915527344,20.309999465942383,365500,18.46358299255371,0.0
BSCP,2023-05-01,20.299999237060547,20.305999755859375,20.270000457763672,20.299999237060547,487400,18.45448875427246,0.0
BSCP,2023-05-02,20.290000915527344,20.350000381469727,20.280000686645508,20.329999923706055,605700,18.481769561767578,0.0
BSCP,2023-05-03,20.34000015258789,20.3700008392334,20.34000015258789,20.360000610351562,588400,18.50904083251953,0.0
BSCP,2023-05-04,20.360000610351562,20.420000076293945,20.350000381469727,20.399999618530273,1304900,18.54539680480957,0.0
BSCP,2023-05-05,20.3700008392334,20.3700008392334,20.309999465942383,20.329999923706055,1177400,18.481769561767578,0.0
BSCP,2023-05-08,20.299999237060547,20.34000015258789,20.299999237060547,20.309999465942383,300400,18.46358299255371,0.0
BSCP,2023-05-09,20.299999237060547,20.31999969482422,20.299999237060547,20.309999465942383,363900,18.46358299255371,0.0
BSCP,2023-05-10,20.329999923706055,20.3700008392334,20.329999923706055,20.3700008392334,1021800,18.51813507080078,0.0
BSCP,2023-05-11,20.389999389648438,20.399999618530273,20.360000610351562,20.360000610351562,974900,18.50904083251953,0.0
BSCP,2023-05-12,20.360000610351562,20.3799991607666,20.31999969482422,20.34000015258789,452900,18.490854263305664,0.0
BSCP,2023-05-15,20.329999923706055,20.34000015258789,20.31999969482422,20.34000015258789,972600,18.490854263305664,0.0
BSCP,2023-05-16,20.309999465942383,20.31999969482422,20.290000915527344,20.299999237060547,436600,18.45448875427246,0.0
BSCP,2023-05-17,20.309999465942383,20.309999465942383,20.280000686645508,20.280000686645508,470800,18.436311721801758,0.0
BSCP,2023-05-18,20.260000228881836,20.270000457763672,20.23200035095215,20.260000228881836,708900,18.41813087463379,0.0
BSCP,2023-05-19,20.25,20.290000915527344,20.239999771118164,20.260000228881836,470000,18.41813087463379,0.0
BSCP,2023-05-22,20.200000762939453,20.209999084472656,20.190000534057617,20.190000534057617,444000,18.409011840820312,0.06
BSCP,2023-05-23,20.190000534057617,20.209999084472656,20.18000030517578,20.209999084472656,519100,18.427248001098633,0.0
BSCP,2023-05-24,20.209999084472656,20.209999084472656,20.15999984741211,20.15999984741211,941900,18.38165855407715,0.0
BSCP,2023-05-25,20.15999984741211,20.15999984741211,20.1299991607666,20.1299991607666,584400,18.35430335998535,0.0
BSCP,2023-05-26,20.1299991607666,20.149999618530273,20.1200008392334,20.149999618530273,470900,18.372541427612305,0.0
BSCP,2023-05-30,20.15999984741211,20.226999282836914,20.149999618530273,20.200000762939453,1383400,18.41813087463379,0.0
BSCP,2023-05-31,20.209999084472656,20.229999542236328,20.19499969482422,20.209999084472656,679800,18.427248001098633,0.0
BSCP,2023-06-01,20.229999542236328,20.25,20.219999313354492,20.25,473200,18.463716506958008,0.0
BSCP,2023-06-02,20.239999771118164,20.239999771118164,20.200000762939453,20.209999084472656,614300,18.427248001098633,0.0
BSCP,2023-06-05,20.190000534057617,20.219999313354492,20.18000030517578,20.19499969482422,633800,18.4135684967041,0.0
BSCP,2023-06-06,20.200000762939453,20.209999084472656,20.170000076293945,20.190000534057617,565700,18.409011840820312,0.0
BSCP,2023-06-07,20.18000030517578,20.190000534057617,20.15999984741211,20.170000076293945,813800,18.390775680541992,0.0
BSCP,2023-06-08,20.190000534057617,20.209999084472656,20.190000534057617,20.200000762939453,826500,18.41813087463379,0.0
BSCP,2023-06-09,20.18000030517578,20.190000534057617,20.149999618530273,20.149999618530273,469700,18.372541427612305,0.0
BSCP,2023-06-12,20.170000076293945,20.190000534057617,20.15999984741211,20.190000534057617,584300,18.409011840820312,0.0
BSCP,2023-06-13,20.31999969482422,20.31999969482422,20.139999389648438,20.149999618530273,1318700,18.372541427612305,0.0
BSCP,2023-06-14,20.170000076293945,20.190000534057617,20.125,20.149999618530273,956900,18.372541427612305,0.0
BSCP,2023-06-15,20.170000076293945,20.209999084472656,20.170000076293945,20.209999084472656,672400,18.427248001098633,0.0
BSCP,2023-06-16,20.170000076293945,20.190000534057617,20.15999984741211,20.190000534057617,616600,18.409011840820312,0.0
BSCP,2023-06-20,20.1299991607666,20.149999618530273,20.124000549316406,20.1299991607666,593300,18.407180786132812,0.058
BSCP,2023-06-21,20.1200008392334,20.149999618530273,20.110000610351562,20.1299991607666,589400,18.407180786132812,0.0
BSCP,2023-06-22,20.1299991607666,20.200000762939453,20.110000610351562,20.1299991607666,509500,18.407180786132812,0.0
BSCP,2023-06-23,20.139999389648438,20.15999984741211,20.1200008392334,20.1299991607666,477500,18.407180786132812,0.0
BSCP,2023-06-26,20.139999389648438,20.149999618530273,20.139999389648438,20.149999618530273,452000,18.425474166870117,0.0
BSCP,2023-06-27,20.149999618530273,20.149999618530273,20.110000610351562,20.1200008392334,566400,18.39803695678711,0.0
BSCP,2023-06-28,20.1299991607666,20.15999984741211,20.1200008392334,20.15999984741211,7529200,18.434616088867188,0.0
BSCP,2023-06-29,20.110000610351562,20.1200008392334,20.06999969482422,20.110000610351562,499900,18.38889503479004,0.0
BSCP,2023-06-30,20.1200008392334,20.139999389648438,20.110000610351562,20.1299991607666,423800,18.407180786132812,0.0
BSCP,2023-07-03,20.1299991607666,20.15999984741211,20.1200008392334,20.1299991607666,119300,18.407180786132812,0.0
BSCP,2023-07-05,20.149999618530273,20.149999618530273,20.110000610351562,20.1200008392334,728600,18.39803695678711,0.0
BSCP,2023-07-06,20.100000381469727,20.110000610351562,20.06100082397461,20.110000610351562,835300,18.38889503479004,0.0
BSCP,2023-07-07,20.1200008392334,20.149999618530273,20.110000610351562,20.1299991607666,510100,18.407180786132812,0.0
BSCP,2023-07-10,20.1299991607666,20.15999984741211,20.12700080871582,20.15999984741211,830900,18.434616088867188,0.0
BSCP,2023-07-11,20.149999618530273,20.170000076293945,20.149999618530273,20.149999618530273,523400,18.425474166870117,0.0
BSCP,2023-07-12,20.200000762939453,20.239999771118164,20.200000762939453,20.209999084472656,2236100,18.480337142944336,0.0
BSCP,2023-07-13,20.25,20.270000457763672,20.239999771118164,20.2549991607666,409900,18.521484375,0.0
BSCP,2023-07-14,20.239999771118164,20.239999771118164,20.18000030517578,20.18000030517578,864600,18.452903747558594,0.0
BSCP,2023-07-17,20.200000762939453,20.209999084472656,20.190000534057617,20.209999084472656,1274000,18.480337142944336,0.0
BSCP,2023-07-18,20.209999084472656,20.229999542236328,20.200000762939453,20.209999084472656,765700,18.480337142944336,0.0
BSCP,2023-07-19,20.229999542236328,20.229999542236328,20.200000762939453,20.219999313354492,490800,18.489479064941406,0.0
BSCP,2023-07-20,20.200000762939453,20.209999084472656,20.170000076293945,20.209999084472656,533100,18.480337142944336,0.0
BSCP,2023-07-21,20.209999084472656,20.219999313354492,20.190000534057617,20.200000762939453,1316400,18.471193313598633,0.0
BSCP,2023-07-24,20.139999389648438,20.15999984741211,20.1299991607666,20.139999389648438,290600,18.473020553588867,0.062
BSCP,2023-07-25,20.1299991607666,20.1299991607666,20.11199951171875,20.1200008392334,753200,18.454681396484375,0.0
BSCP,2023-07-26,20.139999389648438,20.15999984741211,20.1200008392334,20.149999618530273,520000,18.482202529907227,0.0
BSCP,2023-07-27,20.149999618530273,20.149999618530273,20.11400032043457,20.139999389648438,1146700,18.473020553588867,0.0
BSCP,2023-07-28,20.149999618530273,20.170000076293945,20.139999389648438,20.170000076293945,385900,18.50054359436035,0.0
BSCP,2023-07-31,20.170000076293945,20.200000762939453,20.15999984741211,20.190000534057617,579800,18.51888656616211,0.0
BSCP,2023-08-01,20.18000030517578,20.18000030517578,20.15999984741211,20.15999984741211,627100,18.491371154785156,0.0
BSCP,2023-08-02,20.170000076293945,20.170000076293945,20.139999389648438,20.149999618530273,859300,18.482202529907227,0.0
BSCP,2023-08-03,20.15999984741211,20.18000030517578,20.149999618530273,20.170000076293945,1050200,18.50054359436035,0.0
BSCP,2023-08-04,20.18000030517578,20.209999084472656,20.18000030517578,20.209999084472656,1014500,18.537233352661133,0.0
BSCP,2023-08-07,20.209999084472656,20.229999542236328,20.200000762939453,20.229999542236328,1046100,18.555574417114258,0.0
BSCP,2023-08-08,20.229999542236328,20.229999542236328,20.200000762939453,20.219999313354492,1078600,18.54640007019043,0.0
BSCP,2023-08-09,20.229999542236328,20.229999542236328,20.200000762939453,20.200000762939453,390000,18.528059005737305,0.0
BSCP,2023-08-10,20.209999084472656,20.219999313354492,20.18000030517578,20.190000534057617,715900,18.51888656616211,0.0
BSCP,2023-08-11,20.18000030517578,20.190000534057617,20.170000076293945,20.170000076293945,414900,18.50054359436035,0.0
BSCP,2023-08-14,20.170000076293945,20.170000076293945,20.149999618530273,20.149999618530273,351800,18.482202529907227,0.0
BSCP,2023-08-15,20.149999618530273,20.170000076293945,20.149999618530273,20.170000076293945,588700,18.50054359436035,0.0
BSCP,2023-08-16,20.15999984741211,20.170000076293945,20.139999389648438,20.139999389648438,596200,18.473020553588867,0.0
BSCP,2023-08-17,20.149999618530273,20.15999984741211,20.139999389648438,20.155000686645508,572200,18.486783981323242,0.0
BSCP,2023-08-18,20.149999618530273,20.18000030517578,20.139999389648438,20.170000076293945,402800,18.50054359436035,0.0
BSCP,2023-08-21,20.09000015258789,20.100000381469727,20.09000015258789,20.094999313354492,417800,18.48674201965332,0.06
BSCP,2023-08-22,20.09000015258789,20.09000015258789,20.079999923706055,20.084999084472656,520900,18.4775447845459,0.0
BSCP,2023-08-23,20.09000015258789,20.1299991607666,20.09000015258789,20.1200008392334,480100,18.509742736816406,0.0
BSCP,2023-08-24,20.100000381469727,20.1200008392334,20.100000381469727,20.110000610351562,447000,18.500545501708984,0.0
BSCP,2023-08-25,20.110000610351562,20.110000610351562,20.09000015258789,20.100000381469727,376300,18.49134063720703,0.0
BSCP,2023-08-28,20.110000610351562,20.1200008392334,20.100000381469727,20.110000610351562,576200,18.500545501708984,0.0
BSCP,2023-08-29,20.100000381469727,20.15999984741211,20.100000381469727,20.149999618530273,756400,18.537343978881836,0.0
BSCP,2023-08-30,20.170000076293945,20.170000076293945,20.149999618530273,20.15999984741211,1014500,18.546541213989258,0.0
BSCP,2023-08-31,20.170000076293945,20.18000030517578,20.15999984741211,20.170000076293945,670200,18.555740356445312,0.0
BSCP,2023-09-01,20.200000762939453,20.209999084472656,20.15999984741211,20.15999984741211,644200,18.546541213989258,0.0
BSCP,2023-09-05,20.170000076293945,20.170000076293945,20.139999389648438,20.149999618530273,1317500,18.537343978881836,0.0
BSCP,2023-09-06,20.139999389648438,20.149999618530273,20.110000610351562,20.1200008392334,779900,18.509742736816406,0.0
BSCP,2023-09-07,20.139999389648438,20.170000076293945,20.1299991607666,20.170000076293945,653700,18.555740356445312,0.0
BSCP,2023-09-08,20.15999984741211,20.18000030517578,20.149999618530273,20.15999984741211,433900,18.546541213989258,0.0
BSCP,2023-09-11,20.15999984741211,20.170000076293945,20.149999618530273,20.15999984741211,544900,18.546541213989258,0.0
BSCP,2023-09-12,20.139999389648438,20.15999984741211,20.139999389648438,20.155000686645508,456200,18.54193878173828,0.0
BSCP,2023-09-13,20.149999618530273,20.170000076293945,20.149999618530273,20.15999984741211,515700,18.546541213989258,0.0
BSCP,2023-09-14,20.18000030517578,20.18000030517578,20.15999984741211,20.165000915527344,395000,18.551143646240234,0.0
BSCP,2023-09-15,20.15999984741211,20.170000076293945,20.139999389648438,20.165000915527344,1004100,18.551143646240234,0.0
BSCP,2023-09-18,20.100000381469727,20.110000610351562,20.09000015258789,20.100000381469727,587800,18.544679641723633,0.058
BSCP,2023-09-19,20.100000381469727,20.100000381469727,20.079999923706055,20.094999313354492,480600,18.540067672729492,0.0
BSCP,2023-09-20,20.110000610351562,20.110000610351562,20.06999969482422,20.06999969482422,679300,18.517005920410156,0.0
BSCP,2023-09-21,20.079999923706055,20.100000381469727,20.06999969482422,20.079999923706055,449700,18.526227951049805,0.0
BSCP,2023-09-22,20.09000015258789,20.110000610351562,20.09000015258789,20.09000015258789,446400,18.53545570373535,0.0
BSCP,2023-09-25,20.100000381469727,20.1200008392334,20.100000381469727,20.110000610351562,556100,18.553911209106445,0.0
BSCP,2023-09-26,20.100000381469727,20.100000381469727,20.06999969482422,20.079999923706055,1443000,18.526227951049805,0.0
BSCP,2023-09-27,20.100000381469727,20.100000381469727,20.059999465942383,20.079999923706055,798000,18.526227951049805,0.0
BSCP,2023-09-28,20.09000015258789,20.110000610351562,20.079999923706055,20.110000610351562,1099600,18.553911209106445,0.0
BSCP,2023-09-29,20.110000610351562,20.1299991607666,20.100000381469727,20.110000610351562,671200,18.553911209106445,0.0
BSCP,2023-10-02,20.100000381469727,20.110000610351562,20.079999923706055,20.09000015258789,2116800,18.53545570373535,0.0
BSCP,2023-10-03,20.100000381469727,20.100000381469727,20.06999969482422,20.079999923706055,683100,18.526227951049805,0.0
BSCP,2023-10-04,20.100000381469727,20.1200008392334,20.09000015258789,20.110000610351562,584400,18.553911209106445,0.0
BSCP,2023-10-05,20.1299991607666,20.139999389648438,20.110000610351562,20.1299991607666,1032900,18.572362899780273,0.0
BSCP,2023-10-06,20.110000610351562,20.1299991607666,20.100000381469727,20.1200008392334,811900,18.56313705444336,0.0
BSCP,2023-10-09,20.15999984741211,20.18000030517578,20.142000198364258,20.15999984741211,606100,18.600034713745117,0.0
BSCP,2023-10-10,20.15999984741211,20.18000030517578,20.149999618530273,20.172000885009766,799900,18.611112594604492,0.0
BSCP,2023-10-11,20.15999984741211,20.18000030517578,20.149999618530273,20.149999618530273,698700,18.590810775756836,0.0
BSCP,2023-10-12,20.149999618530273,20.149999618530273,20.139999389648438,20.149999618530273,451000,18.590810775756836,0.0
BSCP,2023-10-13,20.170000076293945,20.170000076293945,20.139999389648438,20.139999389648438,664000,18.581584930419922,0.0
BSCP,2023-10-16,20.149999618530273,20.158000946044922,20.1299991607666,20.1299991607666,461900,18.572362899780273,0.0
BSCP,2023-10-17,20.1200008392334,20.1200008392334,20.104999542236328,20.110000610351562,1375300,18.553911209106445,0.0
BSCP,2023-10-18,20.110000610351562,20.1299991607666,20.09000015258789,20.09000015258789,686400,18.53545570373535,0.0
BSCP,2023-10-19,20.110000610351562,20.1299991607666,20.100000381469727,20.125,863300,18.567745208740234,0.0
BSCP,2023-10-20,20.139999389648438,20.149999618530273,20.131999969482422,20.149999618530273,743300,18.590810775756836,0.0
BSCP,2023-10-23,20.09000015258789,20.110000610351562,20.079999923706055,20.110000610351562,828600,18.609323501586914,0.06
BSCP,2023-10-24,20.100000381469727,20.110000610351562,20.100000381469727,20.100000381469727,1050400,18.600065231323242,0.0
BSCP,2023-10-25,20.100000381469727,20.100000381469727,20.09000015258789,20.100000381469727,661000,18.600065231323242,0.0
BSCP,2023-10-26,20.110000610351562,20.1200008392334,20.110000610351562,20.114999771118164,608300,18.613950729370117,0.0
BSCP,2023-10-27,20.1299991607666,20.190000534057617,20.1200008392334,20.125,412200,18.623197555541992,0.0
BSCP,2023-10-30,20.1200008392334,20.1200008392334,20.110000610351562,20.1200008392334,618100,18.618576049804688,0.0
BSCP,2023-10-31,20.110000610351562,20.1200008392334,20.100000381469727,20.110000610351562,638000,18.609323501586914,0.0
BSCP,2023-11-01,20.1200008392334,20.170000076293945,20.1200008392334,20.15999984741211,1125700,18.65558433532715,0.0
BSCP,2023-11-02,20.18000030517578,20.200000762939453,20.170000076293945,20.170000076293945,2022500,18.664846420288086,0.0
BSCP,2023-11-03,20.200000762939453,20.229999542236328,20.200000762939453,20.200000762939453,1847900,18.692602157592773,0.0
BSCP,2023-11-06,20.209999084472656,20.219999313354492,20.170000076293945,20.18000030517578,997800,18.674097061157227,0.0
BSCP,2023-11-07,20.18000030517578,20.200000762939453,20.18000030517578,20.200000762939453,440800,18.692602157592773,0.0
BSCP,2023-11-08,20.190000534057617,20.200000762939453,20.18000030517578,20.190000534057617,712700,18.683349609375,0.0
BSCP,2023-11-09,20.190000534057617,20.200000762939453,20.15999984741211,20.170000076293945,761000,18.664846420288086,0.0
BSCP,2023-11-10,20.190000534057617,20.190000534057617,20.170000076293945,20.170000076293945,493600,18.664846420288086,0.0
BSCP,2023-11-13,20.170000076293945,20.200000762939453,20.163999557495117,20.170000076293945,974400,18.664846420288086,0.0
BSCP,2023-11-14,20.229999542236328,20.270000457763672,20.229999542236328,20.264999389648438,1322200,18.752750396728516,0.0
BSCP,2023-11-15,20.239999771118164,20.25,20.229999542236328,20.2450008392334,859700,18.7342472076416,0.0
BSCP,2023-11-16,20.270000457763672,20.270000457763672,20.25,20.264999389648438,821800,18.752750396728516,0.0
BSCP,2023-11-17,20.270000457763672,20.270000457763672,20.25,20.2549991607666,904300,18.743499755859375,0.0
BSCP,2023-11-20,20.200000762939453,20.20199966430664,20.190000534057617,20.190000534057617,686900,18.74071502685547,0.062
BSCP,2023-11-21,20.209999084472656,20.229999542236328,20.209999084472656,20.209999084472656,1066900,18.759279251098633,0.0
BSCP,2023-11-22,20.219999313354492,20.229999542236328,20.209999084472656,20.219999313354492,692500,18.7685604095459,0.0
BSCP,2023-11-24,20.219999313354492,20.229999542236328,20.219999313354492,20.225000381469727,155200,18.773202896118164,0.0
BSCP,2023-11-27,20.229999542236328,20.239999771118164,20.209999084472656,20.239999771118164,776500,18.787124633789062,0.0
BSCP,2023-11-28,20.239999771118164,20.280000686645508,20.229999542236328,20.280000686645508,448100,18.824251174926758,0.0
BSCP,2023-11-29,20.299999237060547,20.31999969482422,20.290000915527344,20.315000534057617,655600,18.85674476623535,0.0
BSCP,2023-11-30,20.309999465942383,20.309999465942383,20.299999237060547,20.30500030517578,618200,18.847461700439453,0.0
BSCP,2023-12-01,20.309999465942383,20.34000015258789,20.299999237060547,20.329999923706055,767000,18.87066650390625,0.0
BSCP,2023-12-04,20.329999923706055,20.329999923706055,20.290000915527344,20.329999923706055,958100,18.87066650390625,0.0
BSCP,2023-12-05,20.34000015258789,20.350000381469727,20.31999969482422,20.34000015258789,955400,18.879947662353516,0.0
BSCP,2023-12-06,20.329999923706055,20.350000381469727,20.329999923706055,20.34000015258789,914000,18.879947662353516,0.0
BSCP,2023-12-07,20.360000610351562,20.3700008392334,20.350000381469727,20.360000610351562,990800,18.898517608642578,0.0
BSCP,2023-12-08,20.329999923706055,20.34000015258789,20.31999969482422,20.329999923706055,1185200,18.87066650390625,0.0
BSCP,2023-12-11,20.31999969482422,20.31999969482422,20.309999465942383,20.31999969482422,1119400,18.86138153076172,0.0
BSCP,2023-12-12,20.329999923706055,20.34000015258789,20.31999969482422,20.329999923706055,1512300,18.87066650390625,0.0
BSCP,2023-12-13,20.350000381469727,20.43000030517578,20.34000015258789,20.420000076293945,837100,18.95420265197754,0.0
BSCP,2023-12-14,20.440000534057617,20.469999313354492,20.43000030517578,20.44499969482422,938700,18.97740936279297,0.0
BSCP,2023-12-15,20.440000534057617,20.440000534057617,20.40999984741211,20.420000076293945,715700,18.95420265197754,0.0
BSCP,2023-12-18,20.3700008392334,20.3700008392334,20.34000015258789,20.360000610351562,1580300,18.960725784301758,0.067
BSCP,2023-12-19,20.360000610351562,20.3700008392334,20.350000381469727,20.3700008392334,1718700,18.97003746032715,0.0
BSCP,2023-12-20,20.3700008392334,20.389999389648438,20.3700008392334,20.389999389648438,1186800,18.98866081237793,0.0
BSCP,2023-12-21,20.40999984741211,20.420000076293945,20.389999389648438,20.415000915527344,2061800,19.011945724487305,0.0
BSCP,2023-12-22,20.40999984741211,20.43000030517578,20.3700008392334,20.420000076293945,1773100,19.016603469848633,0.0
BSCP,2023-12-26,20.40999984741211,20.43000030517578,20.399999618530273,20.424999237060547,2052400,19.021257400512695,0.0
BSCP,2023-12-27,20.420000076293945,20.450000762939453,20.420000076293945,20.440000534057617,1895200,19.03523063659668,0.0
BSCP,2023-12-28,20.450000762939453,20.459999084472656,20.43000030517578,20.44499969482422,1365000,19.039878845214844,0.0
BSCP,2023-12-29,20.440000534057617,20.459999084472656,20.43000030517578,20.454999923706055,1168900,19.049198150634766,0.0
BSCP,2024-01-02,20.44499969482422,20.450000762939453,20.440000534057617,20.440000534057617,1920500,19.03523063659668,0.0
BSCP,2024-01-03,20.440000534057617,20.440000534057617,20.420000076293945,20.434999465942383,1250900,19.030569076538086,0.0
BSCP,2024-01-04,20.43000030517578,20.43000030517578,20.420000076293945,20.43000030517578,883100,19.025917053222656,0.0
BSCP,2024-01-05,20.420000076293945,20.459999084472656,20.420000076293945,20.424999237060547,1542400,19.021257400512695,0.0
BSCP,2024-01-08,20.440000534057617,20.459999084472656,20.43000030517578,20.44499969482422,846400,19.039878845214844,0.0
BSCP,2024-01-09,20.450000762939453,20.459999084472656,20.434999465942383,20.44499969482422,1412000,19.039878845214844,0.0
BSCP,2024-01-10,20.450000762939453,20.469999313354492,20.440000534057617,20.459999084472656,1154800,19.053855895996094,0.0
BSCP,2024-01-11,20.459999084472656,20.5,20.459999084472656,20.479999542236328,1432700,19.07247543334961,0.0
BSCP,2024-01-12,20.520000457763672,20.530000686645508,20.510000228881836,20.530000686645508,1033900,19.119047164916992,0.0
BSCP,2024-01-16,20.520000457763672,20.530000686645508,20.489999771118164,20.489999771118164,836900,19.08179473876953,0.0
BSCP,2024-01-17,20.479999542236328,20.489999771118164,20.459999084472656,20.469999313354492,1134300,19.06316375732422,0.0
BSCP,2024-01-18,20.489999771118164,20.489999771118164,20.469999313354492,20.469999313354492,513700,19.06316375732422,0.0
BSCP,2024-01-19,20.469999313354492,20.479999542236328,20.459999084472656,20.469999313354492,1108900,19.06316375732422,0.0
BSCP,2024-01-22,20.420000076293945,20.43000030517578,20.40999984741211,20.424999237060547,785300,19.079044342041016,0.062
BSCP,2024-01-23,20.420000076293945,20.43000030517578,20.40999984741211,20.43000030517578,942100,19.083717346191406,0.0
BSCP,2024-01-24,20.440000534057617,20.440000534057617,20.420000076293945,20.434999465942383,684100,19.0883846282959,0.0
BSCP,2024-01-25,20.440000534057617,20.450000762939453,20.440000534057617,20.450000762939453,829700,19.10239601135254,0.0
BSCP,2024-01-26,20.459999084472656,20.459999084472656,20.440000534057617,20.44499969482422,923500,19.09772491455078,0.0
BSCP,2024-01-29,20.450000762939453,20.469999313354492,20.440000534057617,20.450000762939453,1052200,19.10239601135254,0.0
BSCP,2024-01-30,20.459999084472656,20.459999084472656,20.450000762939453,20.454999923706055,1145100,19.107070922851562,0.0
BSCP,2024-01-31,20.479999542236328,20.489999771118164,20.459999084472656,20.479999542236328,1180700,19.13042449951172,0.0
BSCP,2024-02-01,20.489999771118164,20.5,20.469999313354492,20.4950008392334,1318600,19.144433975219727,0.0
BSCP,2024-02-02,20.46500015258789,20.469999313354492,20.440000534057617,20.46500015258789,976900,19.11640739440918,0.0
BSCP,2024-02-05,20.459999084472656,20.459999084472656,20.43000030517578,20.450000762939453,836400,19.10239601135254,0.0
BSCP,2024-02-06,20.459999084472656,20.469999313354492,20.450000762939453,20.469999313354492,963500,19.12108039855957,0.0
BSCP,2024-02-07,20.459999084472656,20.479999542236328,20.459999084472656,20.475000381469727,596100,19.12575340270996,0.0
BSCP,2024-02-08,20.459999084472656,20.479999542236328,20.459999084472656,20.459999084472656,445100,19.11173439025879,0.0
BSCP,2024-02-09,20.459999084472656,20.469999313354492,20.440000534057617,20.450000762939453,1214300,19.10239601135254,0.0
BSCP,2024-02-12,20.469999313354492,20.469999313354492,20.459999084472656,20.469999313354492,556500,19.12108039855957,0.0
BSCP,2024-02-13,20.450000762939453,20.450000762939453,20.420000076293945,20.43000030517578,412300,19.083717346191406,0.0
BSCP,2024-02-14,20.43000030517578,20.459999084472656,20.43000030517578,20.459999084472656,1558400,19.11173439025879,0.0
BSCP,2024-02-15,20.479999542236328,20.479999542236328,20.459999084472656,20.459999084472656,510600,19.11173439025879,0.0
BSCP,2024-02-16,20.450000762939453,20.459999084472656,20.440000534057617,20.459999084472656,619900,19.11173439025879,0.0
BSCP,2024-02-20,20.420000076293945,20.420000076293945,20.40999984741211,20.40999984741211,563900,19.12485122680664,0.064
BSCP,2024-02-21,20.420000076293945,20.420000076293945,20.389999389648438,20.415000915527344,571800,19.12954330444336,0.0
BSCP,2024-02-22,20.420000076293945,20.420000076293945,20.389999389648438,20.399999618530273,594000,19.115488052368164,0.0
BSCP,2024-02-23,20.40999984741211,20.40999984741211,20.389999389648438,20.399999618530273,722800,19.115488052368164,0.0
BSCP,2024-02-26,20.40999984741211,20.40999984741211,20.389999389648438,20.399999618530273,475600,19.115488052368164,0.0
BSCP,2024-02-27,20.40999984741211,20.40999984741211,20.389999389648438,20.389999389648438,555700,19.10611343383789,0.0
BSCP,2024-02-28,20.40999984741211,20.40999984741211,20.389999389648438,20.40999984741211,1720900,19.12485122680664,0.0
BSCP,2024-02-29,20.420000076293945,20.420000076293945,20.40999984741211,20.415000915527344,683000,19.12954330444336,0.0
BSCP,2024-03-01,20.420000076293945,20.450000762939453,20.399999618530273,20.434999465942383,1090600,19.148279190063477,0.0
BSCP,2024-03-04,20.43000030517578,20.43000030517578,20.40999984741211,20.43000030517578,729700,19.143598556518555,0.0
BSCP,2024-03-05,20.440000534057617,20.440000534057617,20.43000030517578,20.440000534057617,4870800,19.152965545654297,0.0
BSCP,2024-03-06,20.43000030517578,20.440000534057617,20.43000030517578,20.43000030517578,720400,19.143598556518555,0.0
BSCP,2024-03-07,20.450000762939453,20.450000762939453,20.43000030517578,20.450000762939453,706000,19.162336349487305,0.0
BSCP,2024-03-08,20.469999313354492,20.469999313354492,20.459999084472656,20.469999313354492,520100,19.18107795715332,0.0
BSCP,2024-03-11,20.469999313354492,20.469999313354492,20.440000534057617,20.450000762939453,950500,19.162336349487305,0.0
BSCP,2024-03-12,20.450000762939453,20.459999084472656,20.420000076293945,20.459999084472656,676300,19.17170524597168,0.0
BSCP,2024-03-13,20.459999084472656,20.459999084472656,20.440000534057617,20.450000762939453,630800,19.162336349487305,0.0
BSCP,2024-03-14,20.450000762939453,20.450000762939453,20.43000030517578,20.44499969482422,580400,19.15765380859375,0.0
BSCP,2024-03-15,20.440000534057617,20.450000762939453,20.43000030517578,20.440000534057617,563400,19.152965545654297,0.0
BSCP,2024-03-18,20.389999389648438,20.389999389648438,20.3700008392334,20.3799991607666,478100,19.158605575561523,0.066
BSCP,2024-03-19,20.399999618530273,20.40999984741211,20.3799991607666,20.405000686645508,548000,19.182111740112305,0.0
BSCP,2024-03-20,20.399999618530273,20.420000076293945,20.389999389648438,20.415000915527344,1197000,19.191511154174805,0.0
BSCP,2024-03-21,20.420000076293945,20.420000076293945,20.40999984741211,20.40999984741211,823900,19.186805725097656,0.0
BSCP,2024-03-22,20.43000030517578,20.43000030517578,20.420000076293945,20.43000030517578,755500,19.205615997314453,0.0
BSCP,2024-03-25,20.43000030517578,20.43000030517578,20.40999984741211,20.420000076293945,502500,19.19620704650879,0.0
BSCP,2024-03-26,20.40999984741211,20.43000030517578,20.40999984741211,20.40999984741211,716000,19.186805725097656,0.0
BSCP,2024-03-27,20.43000030517578,20.440000534057617,20.420000076293945,20.440000534057617,1624400,19.215011596679688,0.0
BSCP,2024-03-28,20.420000076293945,20.440000534057617,20.420000076293945,20.43000030517578,758800,19.205615997314453,0.0
BSCP,2024-04-01,20.440000534057617,20.440000534057617,20.420000076293945,20.43000030517578,524100,19.205615997314453,0.0
BSCP,2024-04-02,20.43000030517578,20.43000030517578,20.399999618530273,20.420000076293945,1954200,19.19620704650879,0.0
BSCP,2024-04-03,20.43000030517578,20.440000534057617,20.420000076293945,20.43000030517578,1950500,19.205615997314453,0.0
BSCP,2024-04-04,20.43000030517578,20.450000762939453,20.43000030517578,20.450000762939453,663500,19.224411010742188,0.0
BSCP,2024-04-05,20.440000534057617,20.450000762939453,20.43000030517578,20.440000534057617,716200,19.215011596679688,0.0
BSCP,2024-04-08,20.450000762939453,20.450000762939453,20.43000030517578,20.450000762939453,369500,19.224411010742188,0.0
BSCP,2024-04-09,20.459999084472656,20.459999084472656,20.440000534057617,20.450000762939453,553900,19.224411010742188,0.0
BSCP,2024-04-10,20.43000030517578,20.43000030517578,20.399999618530273,20.40999984741211,448400,19.186805725097656,0.0
BSCP,2024-04-11,20.40999984741211,20.43000030517578,20.399999618530273,20.420000076293945,710200,19.19620704650879,0.0
BSCP,2024-04-12,20.440000534057617,20.440000534057617,20.420000076293945,20.440000534057617,825100,19.215011596679688,0.0
BSCP,2024-04-15,20.420000076293945,20.434999465942383,20.420000076293945,20.43000030517578,402100,19.205615997314453,0.0
BSCP,2024-04-16,20.420000076293945,20.43000030517578,20.40999984741211,20.43000030517578,799000,19.205615997314453,0.0
BSCP,2024-04-17,20.450000762939453,20.450000762939453,20.43000030517578,20.43000030517578,537100,19.205615997314453,0.0
BSCP,2024-04-18,20.43000030517578,20.440000534057617,20.420000076293945,20.420000076293945,596400,19.19620704650879,0.0
BSCP,2024-04-19,20.43000030517578,20.450000762939453,20.420000076293945,20.450000762939453,621400,19.224411010742188,0.0
BSCP,2024-04-22,20.3700008392334,20.3799991607666,20.3700008392334,20.375,459600,19.21592140197754,0.066
BSCP,2024-04-23,20.3700008392334,20.399999618530273,20.3700008392334,20.395000457763672,810200,19.234790802001953,0.0
BSCP,2024-04-24,20.3700008392334,20.389999389648438,20.3700008392334,20.385000228881836,386400,19.22535514831543,0.0
BSCP,2024-04-25,20.389999389648438,20.389999389648438,20.3700008392334,20.389999389648438,2736900,19.23006820678711,0.0
BSCP,2024-04-26,20.399999618530273,20.399999618530273,20.389999389648438,20.399999618530273,1025700,19.239503860473633,0.0
BSCP,2024-04-29,20.40999984741211,20.40999984741211,20.389999389648438,20.399999618530273,992100,19.239503860473633,0.0
BSCP,2024-04-30,20.399999618530273,20.405000686645508,20.389999389648438,20.399999618530273,1117600,19.239503860473633,0.0
BSCP,2024-05-01,20.399999618530273,20.420000076293945,20.389999389648438,20.40999984741211,1146200,19.24893569946289,0.0
BSCP,2024-05-02,20.420000076293945,20.43000030517578,20.40999984741211,20.43000030517578,736100,19.26779556274414,0.0
BSCP,2024-05-03,20.459999084472656,20.459999084472656,20.440000534057617,20.459999084472656,912000,19.296091079711914,0.0
BSCP,2024-05-06,20.459999084472656,20.459999084472656,20.450000762939453,20.450000762939453,625500,19.286659240722656,0.0
BSCP,2024-05-07,20.459999084472656,20.459999084472656,20.440000534057617,20.454999923706055,1049400,19.29137420654297,0.0
BSCP,2024-05-08,20.450000762939453,20.459999084472656,20.440000534057617,20.459999084472656,933900,19.296091079711914,0.0
BSCP,2024-05-09,20.469999313354492,20.469999313354492,20.450000762939453,20.459999084472656,663000,19.296091079711914,0.0
BSCP,2024-05-10,20.459999084472656,20.459999084472656,20.450000762939453,20.459999084472656,538600,19.296091079711914,0.0
BSCP,2024-05-13,20.469999313354492,20.469999313354492,20.450000762939453,20.459999084472656,555800,19.296091079711914,0.0
BSCP,2024-05-14,20.469999313354492,20.469999313354492,20.459999084472656,20.459999084472656,421300,19.296091079711914,0.0
BSCP,2024-05-15,20.489999771118164,20.489999771118164,20.469999313354492,20.489999771118164,503500,19.32438087463379,0.0
BSCP,2024-05-16,20.489999771118164,20.489999771118164,20.469999313354492,20.479999542236328,523000,19.314952850341797,0.0
BSCP,2024-05-17,20.5,20.5,20.469999313354492,20.479999542236328,718500,19.314952850341797,0.0
BSCP,2024-05-20,20.420000076293945,20.420000076293945,20.40999984741211,20.420000076293945,484000,19.322525024414062,0.068
BSCP,2024-05-21,20.40999984741211,20.43000030517578,20.40999984741211,20.43000030517578,1040300,19.331985473632812,0.0
BSCP,2024-05-22,20.420000076293945,20.420000076293945,20.40999984741211,20.415000915527344,481100,19.317792892456055,0.0
BSCP,2024-05-23,20.43000030517578,20.43000030517578,20.40999984741211,20.40999984741211,459200,19.313060760498047,0.0
BSCP,2024-05-24,20.420000076293945,20.420000076293945,20.4060001373291,20.415000915527344,432900,19.317792892456055,0.0
BSCP,2024-05-28,20.420000076293945,20.43000030517578,20.420000076293945,20.43000030517578,607900,19.331985473632812,0.0
BSCP,2024-05-29,20.43000030517578,20.43000030517578,20.420000076293945,20.43000030517578,371400,19.331985473632812,0.0
BSCP,2024-05-30,20.440000534057617,20.440000534057617,20.420000076293945,20.43000030517578,1090700,19.331985473632812,0.0
BSCP,2024-05-31,20.450000762939453,20.450000762939453,20.43000030517578,20.450000762939453,722100,19.350910186767578,0.0
BSCP,2024-06-03,20.459999084472656,20.469999313354492,20.450000762939453,20.459999084472656,746600,19.360374450683594,0.0
BSCP,2024-06-04,20.469999313354492,20.469999313354492,20.459999084472656,20.469999313354492,397000,19.36983299255371,0.0
BSCP,2024-06-05,20.479999542236328,20.479999542236328,20.459999084472656,20.479999542236328,877000,19.37929916381836,0.0
BSCP,2024-06-06,20.479999542236328,20.479999542236328,20.469999313354492,20.469999313354492,412600,19.36983299255371,0.0
BSCP,2024-06-07,20.469999313354492,20.469999313354492,20.459999084472656,20.46500015258789,366600,19.36510467529297,0.0
BSCP,2024-06-10,20.469999313354492,20.469999313354492,20.459999084472656,20.46500015258789,592500,19.36510467529297,0.0
BSCP,2024-06-11,20.459999084472656,20.479999542236328,20.459999084472656,20.479999542236328,456700,19.37929916381836,0.0
BSCP,2024-06-12,20.510000228881836,20.510000228881836,20.489999771118164,20.5,653000,19.398223876953125,0.0
BSCP,2024-06-13,20.510000228881836,20.510000228881836,20.489999771118164,20.5,489300,19.398223876953125,0.0
BSCP,2024-06-14,20.489999771118164,20.510000228881836,20.489999771118164,20.5,448700,19.398223876953125,0.0
BSCP,2024-06-17,20.5,20.5,20.489999771118164,20.5,420000,19.398223876953125,0.0
BSCP,2024-06-18,20.510000228881836,20.510000228881836,20.5,20.510000228881836,726900,19.407686233520508,0.0
BSCP,2024-06-20,20.510000228881836,20.520000457763672,20.5,20.520000457763672,921500,19.41714859008789,0.0
BSCP,2024-06-21,20.520000457763672,20.520000457763672,20.510000228881836,20.520000457763672,802900,19.41714859008789,0.0
BSCP,2024-06-24,20.459999084472656,20.459999084472656,20.440000534057617,20.440000534057617,658700,19.40670394897461,0.069
BSCP,2024-06-25,20.459999084472656,20.459999084472656,20.440000534057617,20.44499969482422,662700,19.411447525024414,0.0
BSCP,2024-06-26,20.450000762939453,20.450000762939453,20.440000534057617,20.450000762939453,452700,19.41619873046875,0.0
BSCP,2024-06-27,20.459999084472656,20.459999084472656,20.450000762939453,20.459999084472656,565900,19.425691604614258,0.0
BSCP,2024-06-28,20.469999313354492,20.469999313354492,20.450000762939453,20.450000762939453,881600,19.41619873046875,0.0
BSCP,2024-07-01,20.469999313354492,20.469999313354492,20.450000762939453,20.469999313354492,989200,19.435182571411133,0.0
BSCP,2024-07-02,20.479999542236328,20.479999542236328,20.459999084472656,20.469999313354492,866800,19.435182571411133,0.0
BSCP,2024-07-03,20.469999313354492,20.489999771118164,20.469999313354492,20.489999771118164,485900,19.454177856445312,0.0
BSCP,2024-07-05,20.479999542236328,20.510000228881836,20.479999542236328,20.510000228881836,1696100,19.473167419433594,0.0
BSCP,2024-07-08,20.510000228881836,20.510000228881836,20.5,20.510000228881836,1084400,19.473167419433594,0.0
BSCP,2024-07-09,20.510000228881836,20.510000228881836,20.5,20.510000228881836,808400,19.473167419433594,0.0
BSCP,2024-07-10,20.520000457763672,20.520000457763672,20.510000228881836,20.514999389648438,690600,19.477914810180664,0.0
BSCP,2024-07-11,20.520000457763672,20.540000915527344,20.520000457763672,20.540000915527344,1500900,19.501649856567383,0.0
BSCP,2024-07-12,20.540000915527344,20.549999237060547,20.530000686645508,20.549999237060547,502000,19.51114273071289,0.0
BSCP,2024-07-15,20.549999237060547,20.559999465942383,20.549999237060547,20.559999465942383,675700,19.52063751220703,0.0
BSCP,2024-07-16,20.559999465942383,20.56999969482422,20.549999237060547,20.56999969482422,738200,19.53013801574707,0.0
BSCP,2024-07-17,20.549999237060547,20.559999465942383,20.549999237060547,20.549999237060547,1304300,19.51114273071289,0.0
BSCP,2024-07-18,20.549999237060547,20.559999465942383,20.549999237060547,20.549999237060547,860600,19.51114273071289,0.0
BSCP,2024-07-19,20.579999923706055,20.579999923706055,20.549999237060547,20.55500030517578,248100,19.51589012145996,0.0
BSCP,2024-07-22,20.5,20.5,20.479999542236328,20.479999542236328,655500,19.5120792388916,0.071
BSCP,2024-07-23,20.489999771118164,20.5,20.479999542236328,20.489999771118164,527500,19.521604537963867,0.0
BSCP,2024-07-24,20.510000228881836,20.510000228881836,20.489999771118164,20.489999771118164,864900,19.521604537963867,0.0
BSCP,2024-07-25,20.5,20.510000228881836,20.489999771118164,20.5,789200,19.531137466430664,0.0
BSCP,2024-07-26,20.520000457763672,20.520000457763672,20.5,20.510000228881836,817500,19.540660858154297,0.0
BSCP,2024-07-29,20.530000686645508,20.530000686645508,20.510000228881836,20.520000457763672,708600,19.550193786621094,0.0
BSCP,2024-07-30,20.530000686645508,20.530000686645508,20.520000457763672,20.520000457763672,894000,19.550193786621094,0.0
BSCP,2024-07-31,20.530000686645508,20.540000915527344,20.520000457763672,20.530000686645508,624500,19.55971908569336,0.0
BSCP,2024-08-01,20.540000915527344,20.549999237060547,20.530000686645508,20.540000915527344,799600,19.56924819946289,0.0
BSCP,2024-08-02,20.55500030517578,20.579999923706055,20.55500030517578,20.56999969482422,844300,19.597829818725586,0.0
BSCP,2024-08-05,20.59000015258789,20.59000015258789,20.56999969482422,20.56999969482422,1769400,19.597829818725586,0.0
BSCP,2024-08-06,20.59000015258789,20.59000015258789,20.56999969482422,20.579999923706055,1047300,19.60735511779785,0.0
BSCP,2024-08-07,20.56999969482422,20.579999923706055,20.56999969482422,20.575000762939453,485900,19.602590560913086,0.0
BSCP,2024-08-08,20.579999923706055,20.59000015258789,20.56999969482422,20.59000015258789,1028200,19.61688232421875,0.0
BSCP,2024-08-09,20.600000381469727,20.600000381469727,20.579999923706055,20.591999053955078,756700,19.618783950805664,0.0
BSCP,2024-08-12,20.59000015258789,20.600000381469727,20.579999923706055,20.59000015258789,366800,19.61688232421875,0.0
BSCP,2024-08-13,20.59000015258789,20.610000610351562,20.59000015258789,20.610000610351562,622500,19.635934829711914,0.0
BSCP,2024-08-14,20.6200008392334,20.6200008392334,20.600000381469727,20.6200008392334,577300,19.64546012878418,0.0
BSCP,2024-08-15,20.610000610351562,20.610000610351562,20.600000381469727,20.610000610351562,576600,19.635934829711914,0.0
BSCP,2024-08-16,20.610000610351562,20.6200008392334,20.600000381469727,20.6200008392334,670500,19.64546012878418,0.0
BSCP,2024-08-19,20.549999237060547,20.549999237060547,20.540000915527344,20.540000915527344,706300,19.63877296447754,0.073
BSCP,2024-08-20,20.559999465942383,20.559999465942383,20.540000915527344,20.549999237060547,663300,19.648334503173828,0.0
BSCP,2024-08-21,20.549999237060547,20.56999969482422,20.549999237060547,20.565000534057617,688100,19.662677764892578,0.0
BSCP,2024-08-22,20.56999969482422,20.56999969482422,20.559999465942383,20.56999969482422,586600,19.667457580566406,0.0
BSCP,2024-08-23,20.56999969482422,20.579999923706055,20.559999465942383,20.575000762939453,771100,19.67223358154297,0.0
BSCP,2024-08-26,20.579999923706055,20.579999923706055,20.56999969482422,20.579999923706055,443800,19.677013397216797,0.0
BSCP,2024-08-27,20.59000015258789,20.59000015258789,20.579999923706055,20.59000015258789,589200,19.68657875061035,0.0
BSCP,2024-08-28,20.600000381469727,20.600000381469727,20.579999923706055,20.59000015258789,612800,19.68657875061035,0.0
BSCP,2024-08-29,20.579999923706055,20.59000015258789,20.579999923706055,20.584999084472656,793500,19.681795120239258,0.0
BSCP,2024-08-30,20.59000015258789,20.600000381469727,20.579999923706055,20.600000381469727,658900,19.696138381958008,0.0
BSCP,2024-09-03,20.600000381469727,20.610000610351562,20.59000015258789,20.610000610351562,1006500,19.705698013305664,0.0
BSCP,2024-09-04,20.6200008392334,20.6299991607666,20.604999542236328,20.6200008392334,1148600,19.715261459350586,0.0
BSCP,2024-09-05,20.6299991607666,20.6299991607666,20.6200008392334,20.625,1610400,19.720041275024414,0.0
BSCP,2024-09-06,20.6299991607666,20.649999618530273,20.6299991607666,20.639999389648438,1173500,19.73438262939453,0.0
BSCP,2024-09-09,20.639999389648438,20.639999389648438,20.6299991607666,20.639999389648438,1030200,19.73438262939453,0.0
BSCP,2024-09-10,20.639999389648438,20.65999984741211,20.6299991607666,20.65999984741211,822000,19.75350570678711,0.0
BSCP,2024-09-11,20.649999618530273,20.649999618530273,20.639999389648438,20.649999618530273,743500,19.743942260742188,0.0
BSCP,2024-09-12,20.65999984741211,20.65999984741211,20.639999389648438,20.649999618530273,1316900,19.743942260742188,0.0
BSCP,2024-09-13,20.649999618530273,20.68000030517578,20.649999618530273,20.68000030517578,875200,19.772628784179688,0.0
BSCP,2024-09-16,20.670000076293945,20.68000030517578,20.670000076293945,20.670000076293945,507900,19.76306915283203,0.0
BSCP,2024-09-17,20.670000076293945,20.68000030517578,20.670000076293945,20.670000076293945,765100,19.76306915283203,0.0
BSCP,2024-09-18,20.670000076293945,20.690000534057617,20.670000076293945,20.690000534057617,813300,19.78219223022461,0.0
BSCP,2024-09-19,20.68000030517578,20.700000762939453,20.68000030517578,20.700000762939453,795700,19.791751861572266,0.0
BSCP,2024-09-20,20.690000534057617,20.709999084472656,20.690000534057617,20.709999084472656,778800,19.801311492919922,0.0
BSCP,2024-09-23,20.639999389648438,20.639999389648438,20.6299991607666,20.639999389648438,788900,19.800352096557617,0.069
BSCP,2024-09-24,20.639999389648438,20.649999618530273,20.6299991607666,20.649999618530273,838400,19.809946060180664,0.0
BSCP,2024-09-25,20.649999618530273,20.649999618530273,20.639999389648438,20.649999618530273,381800,19.809946060180664,0.0
BSCP,2024-09-26,20.639999389648438,20.649999618530273,20.639999389648438,20.649999618530273,673400,19.809946060180664,0.0
BSCP,2024-09-27,20.649999618530273,20.649999618530273,20.639999389648438,20.639999389648438,1802100,19.800352096557617,0.0
BSCP,2024-09-30,20.639999389648438,20.649999618530273,20.639999389648438,20.649999618530273,663700,19.809946060180664,0.0
BSCP,2024-10-01,20.639999389648438,20.65999984741211,20.639999389648438,20.65999984741211,1121900,19.81954002380371,0.0
BSCP,2024-10-02,20.649999618530273,20.65999984741211,20.649999618530273,20.65999984741211,1004200,19.81954002380371,0.0
BSCP,2024-10-03,20.649999618530273,20.65999984741211,20.649999618530273,20.649999618530273,598700,19.809946060180664,0.0
BSCP,2024-10-04,20.639999389648438,20.649999618530273,20.639999389648438,20.639999389648438,387400,19.800352096557617,0.0
BSCP,2024-10-07,20.6299991607666,20.649999618530273,20.6299991607666,20.639999389648438,1048500,19.800352096557617,0.0
BSCP,2024-10-08,20.645000457763672,20.649999618530273,20.639999389648438,20.639999389648438,732400,19.800352096557617,0.0
BSCP,2024-10-09,20.649999618530273,20.649999618530273,20.6299991607666,20.645000457763672,6487400,19.80514907836914,0.0
BSCP,2024-10-10,20.639999389648438,20.649999618530273,20.639999389648438,20.639999389648438,502000,19.800352096557617,0.0
BSCP,2024-10-11,20.649999618530273,20.665000915527344,20.649999618530273,20.65999984741211,349000,19.81954002380371,0.0
BSCP,2024-10-14,20.670000076293945,20.670000076293945,20.65999984741211,20.670000076293945,360100,19.82913589477539,0.0
BSCP,2024-10-15,20.65999984741211,20.670000076293945,20.65999984741211,20.65999984741211,1266700,19.81954002380371,0.0
BSCP,2024-10-16,20.65999984741211,20.670000076293945,20.65999984741211,20.65999984741211,490700,19.81954002380371,0.0
BSCP,2024-10-17,20.68000030517578,20.68000030517578,20.65999984741211,20.670000076293945,372800,19.82913589477539,0.0
BSCP,2024-10-18,20.68000030517578,20.68000030517578,20.670000076293945,20.670000076293945,723700,19.82913589477539,0.0
BSCP,2024-10-21,20.6200008392334,20.6200008392334,20.600000381469727,20.610000610351562,410900,19.83779525756836,0.069
BSCP,2024-10-22,20.610000610351562,20.610000610351562,20.600000381469727,20.600000381469727,532400,19.828168869018555,0.0
BSCP,2024-10-23,20.6200008392334,20.6200008392334,20.600000381469727,20.600000381469727,561400,19.828168869018555,0.0
BSCP,2024-10-24,20.6200008392334,20.6200008392334,20.600000381469727,20.610000610351562,565200,19.83779525756836,0.0
BSCP,2024-10-25,20.6299991607666,20.6299991607666,20.6200008392334,20.6200008392334,362300,19.84741973876953,0.0
BSCP,2024-10-28,20.6200008392334,20.6299991607666,20.6200008392334,20.6299991607666,780200,19.857044219970703,0.0
BSCP,2024-10-29,20.6200008392334,20.6299991607666,20.6200008392334,20.6299991607666,358700,19.857044219970703,0.0
BSCP,2024-10-30,20.6299991607666,20.639999389648438,20.6299991607666,20.639999389648438,292500,19.866670608520508,0.0
BSCP,2024-10-31,20.639999389648438,20.639999389648438,20.6299991607666,20.6299991607666,600300,19.857044219970703,0.0
BSCP,2024-11-01,20.639999389648438,20.649999618530273,20.6299991607666,20.639999389648438,597400,19.866670608520508,0.0
BSCP,2024-11-04,20.65999984741211,20.65999984741211,20.639999389648438,20.649999618530273,788300,19.876296997070312,0.0
BSCP,2024-11-05,20.65999984741211,20.65999984741211,20.649999618530273,20.649999618530273,637900,19.876296997070312,0.0
BSCP,2024-11-06,20.639999389648438,20.649999618530273,20.639999389648438,20.649999618530273,539000,19.876296997070312,0.0
BSCP,2024-11-07,20.65999984741211,20.65999984741211,20.649999618530273,20.65999984741211,431200,19.885921478271484,0.0
BSCP,2024-11-08,20.65999984741211,20.670000076293945,20.65999984741211,20.65999984741211,320500,19.885921478271484,0.0
BSCP,2024-11-11,20.670000076293945,20.670000076293945,20.65999984741211,20.670000076293945,495100,19.895549774169922,0.0
BSCP,2024-11-12,20.670000076293945,20.670000076293945,20.65999984741211,20.665000915527344,696000,19.890735626220703,0.0
BSCP,2024-11-13,20.68000030517578,20.68000030517578,20.65999984741211,20.68000030517578,413500,19.90517234802246,0.0
BSCP,2024-11-14,20.68000030517578,20.68000030517578,20.670000076293945,20.670000076293945,825800,19.895549774169922,0.0
BSCP,2024-11-15,20.68000030517578,20.690000534057617,20.670000076293945,20.690000534057617,664800,19.9148006439209,0.0
BSCP,2024-11-18,20.6299991607666,20.6299991607666,20.600000381469727,20.610000610351562,1119400,19.905139923095703,0.07
BSCP,2024-11-19,20.610000610351562,20.6200008392334,20.610000610351562,20.610000610351562,508800,19.905139923095703,0.0
BSCP,2024-11-20,20.6200008392334,20.6200008392334,20.610000610351562,20.6200008392334,578000,19.914798736572266,0.0
BSCP,2024-11-21,20.610000610351562,20.6299991607666,20.610000610351562,20.610000610351562,880800,19.905139923095703,0.0
BSCP,2024-11-22,20.6299991607666,20.6299991607666,20.6200008392334,20.6200008392334,501300,19.914798736572266,0.0
BSCP,2024-11-25,20.6299991607666,20.6299991607666,20.6200008392334,20.6299991607666,545000,19.924457550048828,0.0
BSCP,2024-11-26,20.639999389648438,20.639999389648438,20.6299991607666,20.6299991607666,561200,19.924457550048828,0.0
BSCP,2024-11-27,20.639999389648438,20.639999389648438,20.6299991607666,20.6299991607666,777200,19.924457550048828,0.0
BSCP,2024-11-29,20.639999389648438,20.649999618530273,20.639999389648438,20.639999389648438,162900,19.934112548828125,0.0
BSCP,2024-12-02,20.639999389648438,20.65999984741211,20.639999389648438,20.65999984741211,546200,19.95343017578125,0.0
BSCP,2024-12-03,20.65999984741211,20.670000076293945,20.649999618530273,20.649999618530273,845700,19.943769454956055,0.0
BSCP,2024-12-04,20.65999984741211,20.65999984741211,20.649999618530273,20.655000686645508,605300,19.9486026763916,0.0
BSCP,2024-12-05,20.649999618530273,20.65999984741211,20.639999389648438,20.649999618530273,1248400,19.943769454956055,0.0
BSCP,2024-12-06,20.670000076293945,20.670000076293945,20.65999984741211,20.65999984741211,942500,19.95343017578125,0.0
BSCP,2024-12-09,20.65999984741211,20.68000030517578,20.65999984741211,20.670000076293945,1026100,19.963088989257812,0.0
BSCP,2024-12-10,20.68000030517578,20.68000030517578,20.670000076293945,20.670000076293945,524400,19.963088989257812,0.0
BSCP,2024-12-11,20.68000030517578,20.690000534057617,20.670000076293945,20.68000030517578,1522800,19.972745895385742,0.0
BSCP,2024-12-12,20.68000030517578,20.690000534057617,20.670000076293945,20.68000030517578,603100,19.972745895385742,0.0
BSCP,2024-12-13,20.68000030517578,20.690000534057617,20.68000030517578,20.68000030517578,1823000,19.972745895385742,0.0
BSCP,2024-12-16,20.690000534057617,20.690000534057617,20.68000030517578,20.68000030517578,577900,19.972745895385742,0.0
BSCP,2024-12-17,20.700000762939453,20.700000762939453,20.690000534057617,20.690000534057617,841300,19.982404708862305,0.0
BSCP,2024-12-18,20.690000534057617,20.700000762939453,20.68000030517578,20.68000030517578,1815500,19.972745895385742,0.0
BSCP,2024-12-19,20.700000762939453,20.700000762939453,20.690000534057617,20.700000762939453,1076700,19.992061614990234,0.0
BSCP,2024-12-20,20.709999084472656,20.709999084472656,20.700000762939453,20.704999923706055,1723500,19.996889114379883,0.0
BSCP,2024-12-23,20.639999389648438,20.649999618530273,20.6299991607666,20.639999389648438,1459600,20.00173568725586,0.07
BSCP,2024-12-24,20.639999389648438,20.649999618530273,20.639999389648438,20.639999389648438,297700,20.00173568725586,0.0
BSCP,2024-12-26,20.649999618530273,20.649999618530273,20.639999389648438,20.639999389648438,969700,20.00173568725586,0.0
BSCP,2024-12-27,20.649999618530273,20.65999984741211,20.6299991607666,20.649999618530273,2857800,20.011425018310547,0.0
BSCP,2024-12-30,20.649999618530273,20.65999984741211,20.649999618530273,20.65999984741211,977100,20.0211181640625,0.0
BSCP,2024-12-31,20.65999984741211,20.670000076293945,20.649999618530273,20.649999618530273,626100,20.011425018310547,0.0
BSCP,2025-01-02,20.670000076293945,20.670000076293945,20.649999618530273,20.65999984741211,857900,20.0211181640625,0.0
BSCP,2025-01-03,20.68000030517578,20.68000030517578,20.65999984741211,20.65999984741211,687800,20.0211181640625,0.0
BSCP,2025-01-06,20.65999984741211,20.670000076293945,20.65999984741211,20.65999984741211,1540000,20.0211181640625,0.0
BSCP,2025-01-07,20.68000030517578,20.68000030517578,20.670000076293945,20.670000076293945,1506200,20.03080940246582,0.0
BSCP,2025-01-08,20.68000030517578,20.68000030517578,20.670000076293945,20.68000030517578,1356000,20.040496826171875,0.0
BSCP,2025-01-10,20.670000076293945,20.690000534057617,20.670000076293945,20.690000534057617,1150100,20.050188064575195,0.0
BSCP,2025-01-13,20.690000534057617,20.700000762939453,20.68000030517578,20.68000030517578,934800,20.040496826171875,0.0
BSCP,2025-01-14,20.68000030517578,20.690000534057617,20.68000030517578,20.68000030517578,1536000,20.040496826171875,0.0
BSCP,2025-01-15,20.690000534057617,20.700000762939453,20.690000534057617,20.690000534057617,1204300,20.050188064575195,0.0
BSCP,2025-01-16,20.700000762939453,20.709999084472656,20.690000534057617,20.700000762939453,1337700,20.05988311767578,0.0
BSCP,2025-01-17,20.709999084472656,20.719999313354492,20.700000762939453,20.700000762939453,934900,20.05988311767578,0.0
BSCP,2025-01-21,20.639999389648438,20.649999618530273,20.639999389648438,20.649999618530273,1341200,20.079326629638672,0.07
BSCP,2025-01-22,20.649999618530273,20.65999984741211,20.639999389648438,20.649999618530273,694800,20.079326629638672,0.0
BSCP,2025-01-23,20.639999389648438,20.649999618530273,20.639999389648438,20.639999389648438,839100,20.069604873657227,0.0
BSCP,2025-01-24,20.65999984741211,20.65999984741211,20.649999618530273,20.65999984741211,820300,20.089052200317383,0.0
BSCP,2025-01-27,20.649999618530273,20.68000030517578,20.649999618530273,20.670000076293945,1043300,20.098777770996094,0.0
BSCP,2025-01-28,20.670000076293945,20.670000076293945,20.65999984741211,20.670000076293945,722300,20.098777770996094,0.0
BSCP,2025-01-29,20.670000076293945,20.670000076293945,20.65999984741211,20.65999984741211,836800,20.089052200317383,0.0
BSCP,2025-01-30,20.68000030517578,20.68000030517578,20.65999984741211,20.670000076293945,646200,20.098777770996094,0.0
BSCP,2025-01-31,20.670000076293945,20.690000534057617,20.670000076293945,20.68000030517578,736800,20.10849952697754,0.0
BSCP,2025-02-03,20.68000030517578,20.690000534057617,20.68000030517578,20.690000534057617,1008000,20.118221282958984,0.0
BSCP,2025-02-04,20.690000534057617,20.690000534057617,20.670000076293945,20.690000534057617,1137700,20.118221282958984,0.0
BSCP,2025-02-05,20.690000534057617,20.690000534057617,20.68000030517578,20.690000534057617,927100,20.118221282958984,0.0
BSCP,2025-02-06,20.68000030517578,20.690000534057617,20.68000030517578,20.68000030517578,850100,20.10849952697754,0.0
BSCP,2025-02-07,20.700000762939453,20.700000762939453,20.690000534057617,20.700000762939453,678800,20.127948760986328,0.0
BSCP,2025-02-10,20.690000534057617,20.700000762939453,20.690000534057617,20.700000762939453,820600,20.127948760986328,0.0
BSCP,2025-02-11,20.690000534057617,20.700000762939453,20.690000534057617,20.690000534057617,736900,20.118221282958984,0.0
BSCP,2025-02-12,20.709999084472656,20.709999084472656,20.690000534057617,20.690000534057617,467700,20.118221282958984,0.0
BSCP,2025-02-13,20.690000534057617,20.700000762939453,20.690000534057617,20.690000534057617,1345800,20.118221282958984,0.0
BSCP,2025-02-14,20.709999084472656,20.719999313354492,20.700000762939453,20.709999084472656,565200,20.137670516967773,0.0
BSCP,2025-02-18,20.719999313354492,20.719999313354492,20.709999084472656,20.709999084472656,1020400,20.137670516967773,0.0
BSCP,2025-02-19,20.709999084472656,20.719999313354492,20.709999084472656,20.719999313354492,999000,20.14739418029785,0.0
BSCP,2025-02-20,20.729999542236328,20.729999542236328,20.709999084472656,20.719999313354492,1067000,20.14739418029785,0.0
BSCP,2025-02-21,20.729999542236328,20.729999542236328,20.719999313354492,20.729999542236328,553800,20.15711784362793,0.0
BSCP,2025-02-24,20.65999984741211,20.670000076293945,20.65999984741211,20.670000076293945,550000,20.166873931884766,0.07
BSCP,2025-02-25,20.670000076293945,20.670000076293945,20.65999984741211,20.670000076293945,814700,20.166873931884766,0.0
BSCP,2025-02-26,20.65999984741211,20.670000076293945,20.65999984741211,20.670000076293945,939500,20.166873931884766,0.0
BSCP,2025-02-27,20.68000030517578,20.68000030517578,20.670000076293945,20.68000030517578,968400,20.1766300201416,0.0
BSCP,2025-02-28,20.68000030517578,20.68000030517578,20.670000076293945,20.68000030517578,913600,20.1766300201416,0.0
BSCP,2025-03-03,20.670000076293945,20.68000030517578,20.670000076293945,20.68000030517578,1287900,20.1766300201416,0.0
BSCP,2025-03-04,20.68000030517578,20.690000534057617,20.68000030517578,20.68000030517578,1397900,20.1766300201416,0.0
BSCP,2025-03-05,20.68000030517578,20.690000534057617,20.68000030517578,20.68000030517578,747100,20.1766300201416,0.0
BSCP,2025-03-06,20.68000030517578,20.690000534057617,20.68000030517578,20.68000030517578,718400,20.1766300201416,0.0
BSCP,2025-03-07,20.690000534057617,20.700000762939453,20.68000030517578,20.690000534057617,1143900,20.186386108398438,0.0
BSCP,2025-03-10,20.690000534057617,20.700000762939453,20.690000534057617,20.700000762939453,1587500,20.196144104003906,0.0
BSCP,2025-03-11,20.719999313354492,20.719999313354492,20.690000534057617,20.690000534057617,943500,20.186386108398438,0.0
BSCP,2025-03-12,20.690000534057617,20.709999084472656,20.690000534057617,20.690000534057617,1121800,20.186386108398438,0.0
BSCP,2025-03-13,20.690000534057617,20.700000762939453,20.690000534057617,20.690000534057617,1652600,20.186386108398438,0.0
BSCP,2025-03-14,20.719999313354492,20.719999313354492,20.700000762939453,20.709999084472656,677700,20.20589828491211,0.0
BSCP,2025-03-17,20.719999313354492,20.719999313354492,20.700000762939453,20.719999313354492,727500,20.215656280517578,0.0
BSCP,2025-03-18,20.709999084472656,20.719999313354492,20.709999084472656,20.709999084472656,575900,20.20589828491211,0.0
BSCP,2025-03-19,20.709999084472656,20.719999313354492,20.709999084472656,20.709999084472656,538400,20.20589828491211,0.0
BSCP,2025-03-20,20.709999084472656,20.729999542236328,20.709999084472656,20.719999313354492,948200,20.215656280517578,0.0
BSCP,2025-03-21,20.719999313354492,20.729999542236328,20.719999313354492,20.729999542236328,422900,20.225414276123047,0.0
BSCP,2025-03-24,20.65999984741211,20.670000076293945,20.65999984741211,20.665000915527344,749100,20.229328155517578,0.069
BSCP,2025-03-25,20.65999984741211,20.670000076293945,20.65999984741211,20.65999984741211,1201100,20.224435806274414,0.0
BSCP,2025-03-26,20.670000076293945,20.670000076293945,20.65999984741211,20.670000076293945,483700,20.234222412109375,0.0
BSCP,2025-03-27,20.65999984741211,20.670000076293945,20.65999984741211,20.670000076293945,567600,20.234222412109375,0.0
BSCP,2025-03-28,20.68000030517578,20.68000030517578,20.670000076293945,20.670000076293945,570000,20.234222412109375,0.0
BSCP,2025-03-31,20.670000076293945,20.68000030517578,20.670000076293945,20.68000030517578,2903500,20.2440128326416,0.0
BSCP,2025-04-01,20.68000030517578,20.690000534057617,20.68000030517578,20.690000534057617,552000,20.253801345825195,0.0
BSCP,2025-04-02,20.690000534057617,20.700000762939453,20.68000030517578,20.68000030517578,1035800,20.2440128326416,0.0
BSCP,2025-04-03,20.690000534057617,20.700000762939453,20.68000030517578,20.690000534057617,785600,20.253801345825195,0.0
BSCP,2025-04-04,20.709999084472656,20.709999084472656,20.68000030517578,20.68000030517578,1054700,20.2440128326416,0.0
BSCP,2025-04-07,20.68000030517578,20.690000534057617,20.65999984741211,20.68000030517578,2963400,20.2440128326416,0.0
BSCP,2025-04-08,20.68000030517578,20.700000762939453,20.68000030517578,20.68000030517578,4096100,20.2440128326416,0.0
BSCP,2025-04-09,20.68000030517578,20.700000762939453,20.670000076293945,20.68000030517578,978300,20.2440128326416,0.0
BSCP,2025-04-10,20.670000076293945,20.690000534057617,20.670000076293945,20.68000030517578,677800,20.2440128326416,0.0
BSCP,2025-04-11,20.68000030517578,20.709999084472656,20.68000030517578,20.690000534057617,1231500,20.253801345825195,0.0
BSCP,2025-04-14,20.690000534057617,20.709999084472656,20.690000534057617,20.690000534057617,1086700,20.253801345825195,0.0
BSCP,2025-04-15,20.700000762939453,20.719999313354492,20.700000762939453,20.709999084472656,1109000,20.273380279541016,0.0
BSCP,2025-04-16,20.700000762939453,20.719999313354492,20.700000762939453,20.709999084472656,725000,20.273380279541016,0.0
BSCP,2025-04-17,20.729999542236328,20.739999771118164,20.719999313354492,20.739999771118164,730500,20.30274772644043,0.0
BSCP,2025-04-21,20.65999984741211,20.670000076293945,20.649999618530273,20.65999984741211,886500,20.293907165527344,0.071
BSCP,2025-04-22,20.65999984741211,20.670000076293945,20.65999984741211,20.670000076293945,853800,20.303730010986328,0.0
BSCP,2025-04-23,20.68000030517578,20.68000030517578,20.65999984741211,20.65999984741211,750100,20.293907165527344,0.0
BSCP,2025-04-24,20.65999984741211,20.670000076293945,20.65999984741211,20.670000076293945,370400,20.303730010986328,0.0
BSCP,2025-04-25,20.68000030517578,20.68000030517578,20.670000076293945,20.670000076293945,657400,20.303730010986328,0.0
BSCP,2025-04-28,20.670000076293945,20.68000030517578,20.670000076293945,20.68000030517578,878400,20.313552856445312,0.0
BSCP,2025-04-29,20.684999465942383,20.690000534057617,20.670000076293945,20.68000030517578,1188100,20.313552856445312,0.0
BSCP,2025-04-30,20.690000534057617,20.690000534057617,20.68000030517578,20.690000534057617,335900,20.323375701904297,0.0
BSCP,2025-05-01,20.690000534057617,20.700000762939453,20.68000030517578,20.690000534057617,1907300,20.323375701904297,0.0
BSCP,2025-05-02,20.690000534057617,20.700000762939453,20.690000534057617,20.700000762939453,603200,20.33319854736328,0.0
BSCP,2025-05-05,20.690000534057617,20.700000762939453,20.690000534057617,20.690000534057617,978200,20.323375701904297,0.0
BSCP,2025-05-06,20.690000534057617,20.700000762939453,20.690000534057617,20.690000534057617,655200,20.323375701904297,0.0
BSCP,2025-05-07,20.700000762939453,20.700000762939453,20.690000534057617,20.700000762939453,316800,20.33319854736328,0.0
BSCP,2025-05-08,20.709999084472656,20.709999084472656,20.690000534057617,20.690000534057617,907900,20.323375701904297,0.0
BSCP,2025-05-09,20.700000762939453,20.709999084472656,20.700000762939453,20.700000762939453,385600,20.33319854736328,0.0
BSCP,2025-05-12,20.700000762939453,20.719999313354492,20.700000762939453,20.700000762939453,1012600,20.33319854736328,0.0
BSCP,2025-05-13,20.709999084472656,20.719999313354492,20.709999084472656,20.709999084472656,915700,20.343019485473633,0.0
BSCP,2025-05-14,20.709999084472656,20.719999313354492,20.709999084472656,20.719999313354492,751700,20.35284423828125,0.0
BSCP,2025-05-15,20.709999084472656,20.719999313354492,20.709999084472656,20.709999084472656,665500,20.343019485473633,0.0
BSCP,2025-05-16,20.719999313354492,20.729999542236328,20.719999313354492,20.719999313354492,479300,20.35284423828125,0.0
BSCP,2025-05-19,20.649999618530273,20.670000076293945,20.6299991607666,20.65999984741211,688800,20.36664581298828,0.074
BSCP,2025-05-20,20.649999618530273,20.65999984741211,20.649999618530273,20.65999984741211,2370600,20.36664581298828,0.0
BSCP,2025-05-21,20.649999618530273,20.65999984741211,20.649999618530273,20.65999984741211,501000,20.36664581298828,0.0
BSCP,2025-05-22,20.65999984741211,20.670000076293945,20.65999984741211,20.670000076293945,656200,20.376502990722656,0.0
BSCP,2025-05-23,20.670000076293945,20.68000030517578,20.65999984741211,20.670000076293945,1074000,20.376502990722656,0.0
BSCP,2025-05-27,20.68000030517578,20.68000030517578,20.670000076293945,20.670000076293945,442500,20.376502990722656,0.0
BSCP,2025-05-28,20.670000076293945,20.68000030517578,20.639999389648438,20.670000076293945,781900,20.376502990722656,0.0
BSCP,2025-05-29,20.670000076293945,20.68000030517578,20.670000076293945,20.670000076293945,566600,20.376502990722656,0.0
BSCP,2025-05-30,20.68000030517578,20.690000534057617,20.68000030517578,20.68000030517578,500200,20.386362075805664,0.0
BSCP,2025-06-02,20.68000030517578,20.690000534057617,20.68000030517578,20.690000534057617,525200,20.39621925354004,0.0
BSCP,2025-06-03,20.690000534057617,20.700000762939453,20.690000534057617,20.700000762939453,450900,20.406078338623047,0.0
BSCP,2025-06-04,20.690000534057617,20.700000762939453,20.690000534057617,20.690000534057617,659200,20.39621925354004,0.0
BSCP,2025-06-05,20.690000534057617,20.700000762939453,20.690000534057617,20.700000762939453,493600,20.406078338623047,0.0
BSCP,2025-06-06,20.700000762939453,20.709999084472656,20.700000762939453,20.709999084472656,436200,20.41593360900879,0.0
BSCP,2025-06-09,20.700000762939453,20.709999084472656,20.700000762939453,20.700000762939453,471600,20.406078338623047,0.0
BSCP,2025-06-10,20.700000762939453,20.709999084472656,20.700000762939453,20.700000762939453,572900,20.406078338623047,0.0
BSCP,2025-06-11,20.700000762939453,20.709999084472656,20.700000762939453,20.700000762939453,1169700,20.406078338623047,0.0
BSCP,2025-06-12,20.709999084472656,20.719999313354492,20.709999084472656,20.719999313354492,384000,20.42579460144043,0.0
BSCP,2025-06-13,20.719999313354492,20.729999542236328,20.719999313354492,20.729999542236328,544600,20.435651779174805,0.0
BSCP,2025-06-16,20.729999542236328,20.729999542236328,20.719999313354492,20.719999313354492,431500,20.42579460144043,0.0
BSCP,2025-06-17,20.719999313354492,20.729999542236328,20.719999313354492,20.729999542236328,446300,20.435651779174805,0.0
BSCP,2025-06-18,20.729999542236328,20.739999771118164,20.719999313354492,20.719999313354492,2369500,20.42579460144043,0.0
BSCP,2025-06-20,20.729999542236328,20.739999771118164,20.729999542236328,20.729999542236328,1339800,20.435651779174805,0.0
BSCP,2025-06-23,20.670000076293945,20.670000076293945,20.65999984741211,20.65999984741211,1057200,20.43960952758789,0.074
BSCP,2025-06-24,20.670000076293945,20.68000030517578,20.670000076293945,20.670000076293945,697100,20.44950294494629,0.0
BSCP,2025-06-25,20.670000076293945,20.68000030517578,20.670000076293945,20.670000076293945,659800,20.44950294494629,0.0
BSCP,2025-06-26,20.670000076293945,20.68000030517578,20.670000076293945,20.670000076293945,759000,20.44950294494629,0.0
BSCP,2025-06-27,20.690000534057617,20.690000534057617,20.68000030517578,20.690000534057617,438500,20.469289779663086,0.0
BSCP,2025-06-30,20.690000534057617,20.700000762939453,20.68000030517578,20.68000030517578,1268500,20.459396362304688,0.0
BSCP,2025-07-01,20.690000534057617,20.700000762939453,20.690000534057617,20.690000534057617,984900,20.469289779663086,0.0
BSCP,2025-07-02,20.690000534057617,20.700000762939453,20.690000534057617,20.690000534057617,628400,20.469289779663086,0.0
BSCP,2025-07-03,20.700000762939453,20.709999084472656,20.700000762939453,20.700000762939453,298300,20.479183197021484,0.0
BSCP,2025-07-07,20.704999923706055,20.709999084472656,20.700000762939453,20.709999084472656,431400,20.48907470703125,0.0
BSCP,2025-07-08,20.709999084472656,20.719999313354492,20.700000762939453,20.700000762939453,897100,20.479183197021484,0.0
BSCP,2025-07-09,20.709999084472656,20.719999313354492,20.700000762939453,20.700000762939453,423500,20.479183197021484,0.0
BSCP,2025-07-10,20.709999084472656,20.719999313354492,20.709999084472656,20.709999084472656,458500,20.48907470703125,0.0
BSCP,2025-07-11,20.709999084472656,20.719999313354492,20.709999084472656,20.709999084472656,385300,20.48907470703125,0.0
BSCP,2025-07-14,20.709999084472656,20.719999313354492,20.709999084472656,20.709999084472656,725000,20.48907470703125,0.0
BSCP,2025-07-15,20.709999084472656,20.729999542236328,20.709999084472656,20.719999313354492,1070100,20.49897003173828,0.0
BSCP,2025-07-16,20.729999542236328,20.729999542236328,20.719999313354492,20.729999542236328,573300,20.50886344909668,0.0
BSCP,2025-07-17,20.739999771118164,20.739999771118164,20.729999542236328,20.735000610351562,547400,20.513809204101562,0.0
BSCP,2025-07-18,20.729999542236328,20.760000228881836,20.729999542236328,20.739999771118164,1416800,20.518756866455078,0.0
BSCP,2025-07-21,20.65999984741211,20.670000076293945,20.65999984741211,20.670000076293945,378500,20.522727966308594,0.074
BSCP,2025-07-22,20.65999984741211,20.68000030517578,20.65999984741211,20.670000076293945,724800,20.522727966308594,0.0
BSCP,2025-07-23,20.68000030517578,20.68000030517578,20.65999984741211,20.670000076293945,773100,20.522727966308594,0.0
BSCP,2025-07-24,20.665000915527344,20.670000076293945,20.65999984741211,20.670000076293945,1470500,20.522727966308594,0.0
BSCP,2025-07-25,20.670000076293945,20.68000030517578,20.670000076293945,20.68000030517578,1094900,20.532657623291016,0.0
BSCP,2025-07-28,20.68000030517578,20.690000534057617,20.670000076293945,20.670000076293945,908700,20.522727966308594,0.0
BSCP,2025-07-29,20.68000030517578,20.690000534057617,20.68000030517578,20.684999465942383,534000,20.537620544433594,0.0
BSCP,2025-07-30,20.68000030517578,20.690000534057617,20.68000030517578,20.684999465942383,1112300,20.537620544433594,0.0
BSCP,2025-07-31,20.68000030517578,20.690000534057617,20.68000030517578,20.684999465942383,787600,20.537620544433594,0.0
BSCP,2025-08-01,20.690000534057617,20.700000762939453,20.690000534057617,20.690000534057617,490500,20.542585372924805,0.0
BSCP,2025-08-04,20.690000534057617,20.700000762939453,20.690000534057617,20.690000534057617,579600,20.542585372924805,0.0
BSCP,2025-08-05,20.700000762939453,20.709999084472656,20.700000762939453,20.700000762939453,1741200,20.552515029907227,0.0
BSCP,2025-08-06,20.700000762939453,20.709999084472656,20.700000762939453,20.704999923706055,460500,20.557477951049805,0.0
BSCP,2025-08-07,20.700000762939453,20.709999084472656,20.700000762939453,20.709999084472656,1204800,20.562440872192383,0.0
BSCP,2025-08-08,20.709999084472656,20.719999313354492,20.709999084472656,20.719999313354492,681100,20.572372436523438,0.0
BSCP,2025-08-11,20.719999313354492,20.719999313354492,20.709999084472656,20.71500015258789,493300,20.567407608032227,0.0
BSCP,2025-08-12,20.719999313354492,20.729999542236328,20.719999313354492,20.725000381469727,518500,20.577335357666016,0.0
BSCP,2025-08-13,20.719999313354492,20.729999542236328,20.719999313354492,20.725000381469727,483100,20.577335357666016,0.0
BSCP,2025-08-14,20.719999313354492,20.729999542236328,20.719999313354492,20.725000381469727,612500,20.577335357666016,0.0
BSCP,2025-08-15,20.729999542236328,20.739999771118164,20.729999542236328,20.729999542236328,330900,20.582300186157227,0.0
BSCP,2025-08-18,20.65999984741211,20.670000076293945,20.65999984741211,20.65999984741211,638900,20.585289001464844,0.073
BSCP,2025-08-19,20.670000076293945,20.68000030517578,20.65999984741211,20.665000915527344,563400,20.59027099609375,0.0
BSCP,2025-08-20,20.670000076293945,20.670000076293945,20.65999984741211,20.65999984741211,592700,20.585289001464844,0.0
BSCP,2025-08-21,20.670000076293945,20.68000030517578,20.65999984741211,20.670000076293945,645600,20.595252990722656,0.0
BSCP,2025-08-22,20.68000030517578,20.687999725341797,20.670000076293945,20.670000076293945,649400,20.595252990722656,0.0
BSCP,2025-08-25,20.670000076293945,20.68000030517578,20.670000076293945,20.670000076293945,337600,20.595252990722656,0.0
BSCP,2025-08-26,20.670000076293945,20.68000030517578,20.670000076293945,20.68000030517578,441200,20.60521697998047,0.0
BSCP,2025-08-27,20.68000030517578,20.690000534057617,20.68000030517578,20.684999465942383,388500,20.610198974609375,0.0
BSCP,2025-08-28,20.690000534057617,20.690000534057617,20.68000030517578,20.684999465942383,496400,20.610198974609375,0.0
BSCP,2025-08-29,20.690000534057617,20.700000762939453,20.68000030517578,20.690000534057617,422000,20.61518096923828,0.0
BSCP,2025-09-02,20.700000762939453,20.700000762939453,20.690000534057617,20.690000534057617,274800,20.61518096923828,0.0
BSCP,2025-09-03,20.700000762939453,20.709999084472656,20.700000762939453,20.704999923706055,342600,20.630126953125,0.0
BSCP,2025-09-04,20.700000762939453,20.709999084472656,20.700000762939453,20.704999923706055,484000,20.630126953125,0.0
BSCP,2025-09-05,20.709999084472656,20.719999313354492,20.709999084472656,20.709999084472656,297100,20.635107040405273,0.0
BSCP,2025-09-08,20.709999084472656,20.719999313354492,20.709999084472656,20.709999084472656,619600,20.635107040405273,0.0
BSCP,2025-09-09,20.709999084472656,20.719999313354492,20.709999084472656,20.709999084472656,587100,20.635107040405273,0.0
BSCP,2025-09-10,20.719999313354492,20.729999542236328,20.709999084472656,20.709999084472656,691400,20.635107040405273,0.0
BSCP,2025-09-11,20.719999313354492,20.729999542236328,20.719999313354492,20.719999313354492,954700,20.645071029663086,0.0
BSCP,2025-09-12,20.719999313354492,20.729999542236328,20.719999313354492,20.719999313354492,1428300,20.645071029663086,0.0
BSCP,2025-09-15,20.729999542236328,20.729999542236328,20.719999313354492,20.729999542236328,447500,20.6550350189209,0.0
BSCP,2025-09-16,20.729999542236328,20.739999771118164,20.729999542236328,20.739999771118164,583000,20.66499900817871,0.0
BSCP,2025-09-17,20.729999542236328,20.739999771118164,20.729999542236328,20.729999542236328,606600,20.6550350189209,0.0
BSCP,2025-09-18,20.729999542236328,20.739999771118164,20.729999542236328,20.729999542236328,646700,20.6550350189209,0.0
BSCP,2025-09-19,20.739999771118164,20.75,20.729999542236328,20.739999771118164,865800,20.66499900817871,0.0
BSCP,2025-09-22,20.670000076293945,20.68000030517578,20.670000076293945,20.674999237060547,462100,20.674999237060547,0.075
BSCP,2025-09-23,20.670000076293945,20.68000030517578,20.670000076293945,20.670000076293945,623300,20.670000076293945,0.0
BSCP,2025-09-24,20.670000076293945,20.68000030517578,20.670000076293945,20.674999237060547,645700,20.674999237060547,0.0
BSCP,2025-09-25,20.670000076293945,20.68000030517578,20.670000076293945,20.670000076293945,1725700,20.670000076293945,0.0
BSCP,2025-09-26,20.690000534057617,20.690000534057617,20.68000030517578,20.684999465942383,397000,20.684999465942383,0.0
BSCP,2025-09-29,20.68000030517578,20.690000534057617,20.68000030517578,20.684999465942383,757400,20.684999465942383,0.0
