symbol,date,open,high,low,close,volume,adjclose,dividends
ESQ,2017-06-27,15.899999618530273,15.899999618530273,15.0,15.25,715300,14.731083869934082,0.0
ESQ,2017-06-28,15.220000267028809,15.25,15.100000381469727,15.149999618530273,71000,14.63448715209961,0.0
ESQ,2017-06-29,15.149999618530273,15.149999618530273,14.739999771118164,14.859999656677246,90200,14.354354858398438,0.0
ESQ,2017-06-30,14.829999923706055,15.126999855041504,14.829999923706055,15.0,31600,14.48958969116211,0.0
ESQ,2017-07-03,15.270000457763672,15.270000457763672,15.0,15.050000190734863,10400,14.537890434265137,0.0
ESQ,2017-07-05,14.899999618530273,15.199999809265137,14.890000343322754,15.140000343322754,13000,14.624828338623047,0.0
ESQ,2017-07-06,15.270000457763672,15.3100004196167,14.949999809265137,14.949999809265137,24400,14.441292762756348,0.0
ESQ,2017-07-07,15.0,15.039999961853027,14.970000267028809,14.994999885559082,8200,14.484760284423828,0.0
ESQ,2017-07-10,15.0,15.210000038146973,14.789999961853027,14.850000381469727,42500,14.344696998596191,0.0
ESQ,2017-07-11,14.850000381469727,15.0,14.800000190734863,14.9399995803833,29000,14.431632041931152,0.0
ESQ,2017-07-12,14.770000457763672,15.0,14.510000228881836,14.899999618530273,81400,14.392992973327637,0.0
ESQ,2017-07-13,14.770000457763672,15.0,14.770000457763672,14.949999809265137,53900,14.441292762756348,0.0
ESQ,2017-07-14,14.767000198364258,14.810999870300293,14.600000381469727,14.649999618530273,44000,14.151501655578613,0.0
ESQ,2017-07-17,14.656000137329102,14.682999610900879,14.640000343322754,14.65999984741211,16800,14.161162376403809,0.0
ESQ,2017-07-18,14.649999618530273,14.75,14.649999618530273,14.699999809265137,8200,14.199799537658691,0.0
ESQ,2017-07-19,14.59000015258789,14.670000076293945,14.550000190734863,14.649999618530273,51500,14.151501655578613,0.0
ESQ,2017-07-20,14.649999618530273,14.677000045776367,14.600000381469727,14.649999618530273,30800,14.151501655578613,0.0
ESQ,2017-07-21,14.649999618530273,14.75,14.649999618530273,14.649999618530273,27000,14.151501655578613,0.0
ESQ,2017-07-24,14.680000305175781,14.699999809265137,14.552000045776367,14.649999618530273,7200,14.151501655578613,0.0
ESQ,2017-07-25,14.75,14.8149995803833,14.600000381469727,14.739999771118164,63600,14.23843765258789,0.0
ESQ,2017-07-26,14.795000076293945,14.890000343322754,14.550000190734863,14.850000381469727,53900,14.344696998596191,0.0
ESQ,2017-07-27,14.90999984741211,14.90999984741211,14.609999656677246,14.609999656677246,39100,14.112860679626465,0.0
ESQ,2017-07-28,14.75,14.949999809265137,14.75,14.899999618530273,15000,14.392992973327637,0.0
ESQ,2017-07-31,14.850000381469727,14.850000381469727,14.699999809265137,14.774999618530273,24600,14.272248268127441,0.0
ESQ,2017-08-01,14.75,14.949999809265137,14.699999809265137,14.890000343322754,11800,14.38333511352539,0.0
ESQ,2017-08-02,14.8100004196167,14.850000381469727,14.800000190734863,14.800000190734863,15800,14.296396255493164,0.0
ESQ,2017-08-03,14.899999618530273,14.9399995803833,14.75,14.819999694824219,52700,14.315715789794922,0.0
ESQ,2017-08-04,14.989999771118164,15.0,14.84000015258789,15.0,22000,14.48958969116211,0.0
ESQ,2017-08-07,15.0,15.050000190734863,14.899999618530273,15.010000228881836,49600,14.499251365661621,0.0
ESQ,2017-08-08,15.04699993133545,15.170000076293945,15.0,15.149999618530273,23000,14.63448715209961,0.0
ESQ,2017-08-09,15.25,15.300000190734863,15.050000190734863,15.180000305175781,10300,14.66346549987793,0.0
ESQ,2017-08-10,15.0,15.300000190734863,15.0,15.170000076293945,9900,14.653807640075684,0.0
ESQ,2017-08-11,15.319999694824219,16.1200008392334,15.210000038146973,16.059999465942383,1500,15.513522148132324,0.0
ESQ,2017-08-14,15.989999771118164,16.059999465942383,15.157999992370605,16.0,4000,15.455564498901367,0.0
ESQ,2017-08-15,16.0,16.0,15.52400016784668,15.52400016784668,1700,14.995760917663574,0.0
ESQ,2017-08-16,15.600000381469727,15.829999923706055,15.600000381469727,15.829999923706055,1400,15.291349411010742,0.0
ESQ,2017-08-17,15.779999732971191,16.010000228881836,15.779999732971191,16.010000228881836,200,15.465224266052246,0.0
ESQ,2017-08-18,15.987000465393066,15.987000465393066,15.987000465393066,15.987000465393066,700,15.44300651550293,0.0
ESQ,2017-08-21,16.010000228881836,16.15999984741211,15.779999732971191,15.899999618530273,12300,15.358963966369629,0.0
ESQ,2017-08-22,15.899999618530273,15.899999618530273,15.170000076293945,15.279999732971191,21600,14.760065078735352,0.0
ESQ,2017-08-23,15.430000305175781,15.5,14.78499984741211,15.15999984741211,23900,14.644145965576172,0.0
ESQ,2017-08-24,15.09000015258789,15.199999809265137,14.899999618530273,15.199999809265137,3400,14.68278694152832,0.0
ESQ,2017-08-25,15.350000381469727,15.5,15.0,15.074999809265137,4100,14.562039375305176,0.0
ESQ,2017-08-28,14.949999809265137,14.949999809265137,14.800000190734863,14.899999618530273,11200,14.392992973327637,0.0
ESQ,2017-08-29,14.800000190734863,14.852999687194824,14.529999732971191,14.699999809265137,43700,14.199799537658691,0.0
ESQ,2017-08-30,14.800000190734863,15.0600004196167,14.729999542236328,15.0600004196167,45800,14.547552108764648,0.0
ESQ,2017-08-31,15.0600004196167,15.25,15.0,15.0,19900,14.48958969116211,0.0
ESQ,2017-09-01,15.0,15.25,14.760000228881836,14.760000228881836,22000,14.257757186889648,0.0
ESQ,2017-09-05,14.949999809265137,14.949999809265137,14.510000228881836,14.800000190734863,30500,14.296396255493164,0.0
ESQ,2017-09-06,14.569999694824219,15.0,14.569999694824219,14.9399995803833,33100,14.431632041931152,0.0
ESQ,2017-09-07,15.239999771118164,15.239999771118164,15.0,15.079999923706055,7500,14.56687068939209,0.0
ESQ,2017-09-08,15.029999732971191,15.234999656677246,15.029999732971191,15.125,2300,14.610336303710938,0.0
ESQ,2017-09-11,15.0600004196167,15.229999542236328,14.949999809265137,15.100000381469727,19700,14.586187362670898,0.0
ESQ,2017-09-12,15.199999809265137,15.199999809265137,15.0,15.199999809265137,9700,14.68278694152832,0.0
ESQ,2017-09-13,15.25,15.25,15.0,15.0,13100,14.48958969116211,0.0
ESQ,2017-09-14,14.979999542236328,15.25,14.979999542236328,15.199999809265137,17500,14.68278694152832,0.0
ESQ,2017-09-15,15.1899995803833,15.199999809265137,14.649999618530273,14.649999618530273,66200,14.151501655578613,0.0
ESQ,2017-09-18,14.800000190734863,15.149999618530273,14.699999809265137,14.850000381469727,23000,14.344696998596191,0.0
ESQ,2017-09-19,15.081000328063965,15.09000015258789,14.90999984741211,15.0,4500,14.48958969116211,0.0
ESQ,2017-09-20,15.0,15.180000305175781,15.0,15.180000305175781,11600,14.66346549987793,0.0
ESQ,2017-09-21,15.180000305175781,15.25,15.119999885559082,15.210000038146973,28200,14.692445755004883,0.0
ESQ,2017-09-22,15.020000457763672,15.1899995803833,15.0,15.0600004196167,1500,14.547552108764648,0.0
ESQ,2017-09-25,15.199999809265137,15.210000038146973,15.0,15.199999809265137,9600,14.68278694152832,0.0
ESQ,2017-09-26,15.199999809265137,15.199999809265137,15.039999961853027,15.1899995803833,1800,14.673125267028809,0.0
ESQ,2017-09-27,15.175000190734863,15.4399995803833,15.175000190734863,15.34000015258789,12200,14.818022727966309,0.0
ESQ,2017-09-28,15.350000381469727,16.52199935913086,15.350000381469727,16.0,67700,15.455564498901367,0.0
ESQ,2017-09-29,15.989999771118164,16.09000015258789,15.84000015258789,16.09000015258789,8700,15.542502403259277,0.0
ESQ,2017-10-02,16.100000381469727,16.149999618530273,15.595999717712402,16.079999923706055,16000,15.532843589782715,0.0
ESQ,2017-10-03,16.200000762939453,16.200000762939453,15.979999542236328,16.010000228881836,2800,15.465224266052246,0.0
ESQ,2017-10-04,16.100000381469727,16.100000381469727,16.100000381469727,16.100000381469727,100,15.552163124084473,0.0
ESQ,2017-10-05,15.420000076293945,15.84000015258789,15.420000076293945,15.84000015258789,1300,15.301008224487305,0.0
ESQ,2017-10-06,15.600000381469727,16.049999237060547,15.600000381469727,16.049999237060547,6800,15.503861427307129,0.0
ESQ,2017-10-09,16.0,16.0,15.600000381469727,15.949999809265137,15400,15.407264709472656,0.0
ESQ,2017-10-10,15.84000015258789,16.049999237060547,15.760000228881836,16.049999237060547,11100,15.503861427307129,0.0
ESQ,2017-10-11,16.049999237060547,16.049999237060547,15.609999656677246,15.890000343322754,2600,15.3493070602417,0.0
ESQ,2017-10-12,15.720000267028809,15.779999732971191,15.65999984741211,15.65999984741211,8500,15.1271333694458,0.0
ESQ,2017-10-13,15.979999542236328,16.040000915527344,15.609999656677246,15.609999656677246,7300,15.078834533691406,0.0
ESQ,2017-10-16,15.600000381469727,15.800000190734863,15.220000267028809,15.220000267028809,6000,14.702104568481445,0.0
ESQ,2017-10-17,15.34000015258789,16.030000686645508,15.34000015258789,16.030000686645508,24000,15.484542846679688,0.0
ESQ,2017-10-18,15.869999885559082,16.023000717163086,15.869999885559082,16.010000228881836,9100,15.465224266052246,0.0
ESQ,2017-10-19,15.26200008392334,15.989999771118164,15.26200008392334,15.989999771118164,3500,15.445905685424805,0.0
ESQ,2017-10-20,15.899999618530273,16.149999618530273,15.899999618530273,16.149999618530273,9000,15.600460052490234,0.0
ESQ,2017-10-23,16.149999618530273,16.149999618530273,15.8100004196167,16.0,1500,15.455564498901367,0.0
ESQ,2017-10-24,16.0,16.0,15.640000343322754,15.789999961853027,1100,15.252710342407227,0.0
ESQ,2017-10-25,15.979999542236328,16.100000381469727,15.949999809265137,16.049999237060547,14400,15.503861427307129,0.0
ESQ,2017-10-26,15.680000305175781,16.149999618530273,15.680000305175781,16.149999618530273,11900,15.600460052490234,0.0
ESQ,2017-10-27,16.059999465942383,16.200000762939453,15.899999618530273,16.100000381469727,6100,15.552163124084473,0.0
ESQ,2017-10-30,16.100000381469727,16.25,15.920000076293945,16.25,4600,15.697054862976074,0.0
ESQ,2017-10-31,16.441999435424805,16.860000610351562,16.440000534057617,16.709999084472656,25300,16.14140510559082,0.0
ESQ,2017-11-01,16.160999298095703,16.309999465942383,16.020000457763672,16.299999237060547,18500,15.745354652404785,0.0
ESQ,2017-11-02,16.420000076293945,16.649999618530273,16.110000610351562,16.360000610351562,11500,15.803314208984375,0.0
ESQ,2017-11-03,16.31999969482422,16.65999984741211,16.31999969482422,16.510000228881836,4800,15.948211669921875,0.0
ESQ,2017-11-06,16.329999923706055,16.6299991607666,16.280000686645508,16.6299991607666,2600,16.06412696838379,0.0
ESQ,2017-11-07,16.309999465942383,16.549999237060547,16.309999465942383,16.549999237060547,3300,15.986848831176758,0.0
ESQ,2017-11-08,16.510000228881836,16.979999542236328,16.5,16.979999542236328,21900,16.402217864990234,0.0
ESQ,2017-11-09,16.850000381469727,16.850000381469727,16.510000228881836,16.75,6100,16.180042266845703,0.0
ESQ,2017-11-10,16.75,16.75,16.75,16.75,0,16.180042266845703,0.0
ESQ,2017-11-13,16.81999969482422,16.940000534057617,16.5,16.510000228881836,4600,15.948211669921875,0.0
ESQ,2017-11-14,16.5,16.829999923706055,16.5,16.829999923706055,1000,16.257320404052734,0.0
ESQ,2017-11-15,16.68000030517578,16.68000030517578,16.670000076293945,16.670000076293945,700,16.102767944335938,0.0
ESQ,2017-11-16,16.65999984741211,16.969999313354492,16.65999984741211,16.969999313354492,8600,16.39255714416504,0.0
ESQ,2017-11-17,17.0,17.0,15.960000038146973,16.75,9500,16.180042266845703,0.0
ESQ,2017-11-20,16.729999542236328,16.950000762939453,16.35099983215332,16.35099983215332,5900,15.79461669921875,0.0
ESQ,2017-11-21,16.65999984741211,16.899999618530273,16.65999984741211,16.899999618530273,1100,16.32493782043457,0.0
ESQ,2017-11-22,16.399999618530273,17.719999313354492,16.399999618530273,17.649999618530273,11400,17.049415588378906,0.0
ESQ,2017-11-24,17.079999923706055,17.600000381469727,17.079999923706055,17.600000381469727,500,17.001117706298828,0.0
ESQ,2017-11-27,17.649999618530273,17.649999618530273,17.1200008392334,17.6200008392334,7000,17.02044105529785,0.0
ESQ,2017-11-28,17.649999618530273,17.729999542236328,17.399999618530273,17.729999542236328,4000,17.12669563293457,0.0
ESQ,2017-11-29,17.75,18.209999084472656,17.684999465942383,18.209999084472656,3600,17.590362548828125,0.0
ESQ,2017-11-30,18.299999237060547,19.780000686645508,18.1299991607666,18.579999923706055,59500,17.947771072387695,0.0
ESQ,2017-12-01,18.899999618530273,18.899999618530273,18.899999618530273,18.899999618530273,600,18.25688362121582,0.0
ESQ,2017-12-04,19.507999420166016,23.183000564575195,19.507999420166016,21.0,13700,20.28542709350586,0.0
ESQ,2017-12-05,21.0,21.309999465942383,20.0,20.270000457763672,84900,19.58026885986328,0.0
ESQ,2017-12-06,20.5,20.5,19.950000762939453,20.31999969482422,30300,19.62856674194336,0.0
ESQ,2017-12-07,20.5,20.979999542236328,20.459999084472656,20.520000457763672,63400,19.821760177612305,0.0
ESQ,2017-12-08,21.31999969482422,21.31999969482422,20.111000061035156,20.450000762939453,9600,19.75414276123047,0.0
ESQ,2017-12-11,19.6299991607666,20.610000610351562,19.6299991607666,20.5,5200,19.80244255065918,0.0
ESQ,2017-12-12,20.749000549316406,20.75,19.079999923706055,20.100000381469727,10900,19.416053771972656,0.0
ESQ,2017-12-13,20.040000915527344,20.229999542236328,19.979999542236328,19.979999542236328,5700,19.300140380859375,0.0
ESQ,2017-12-14,19.979999542236328,20.0,19.5,19.5,10100,18.836467742919922,0.0
ESQ,2017-12-15,18.01099967956543,20.343000411987305,17.81999969482422,19.0,22000,18.353483200073242,0.0
ESQ,2017-12-18,20.58300018310547,20.58300018310547,19.0,19.100000381469727,10100,18.450077056884766,0.0
ESQ,2017-12-19,19.0,19.79599952697754,18.899999618530273,19.0,19000,18.353483200073242,0.0
ESQ,2017-12-20,19.0,19.549999237060547,19.0,19.549999237060547,7000,18.884769439697266,0.0
ESQ,2017-12-21,19.3799991607666,19.719999313354492,19.149999618530273,19.15999984741211,9500,18.50803565979004,0.0
ESQ,2017-12-22,19.200000762939453,19.700000762939453,19.100000381469727,19.100000381469727,1300,18.450077056884766,0.0
ESQ,2017-12-26,19.229999542236328,19.950000762939453,19.100000381469727,19.950000762939453,12600,19.271154403686523,0.0
ESQ,2017-12-27,19.93000030517578,20.59000015258789,19.75,19.75,5000,19.077964782714844,0.0
ESQ,2017-12-28,20.010000228881836,20.4950008392334,19.600000381469727,19.600000381469727,3100,18.933067321777344,0.0
ESQ,2017-12-29,19.799999237060547,19.850000381469727,19.739999771118164,19.739999771118164,4100,19.068302154541016,0.0
ESQ,2018-01-02,19.98900032043457,19.98900032043457,18.510000228881836,18.90999984741211,13900,18.26654624938965,0.0
ESQ,2018-01-03,18.90999984741211,19.940000534057617,18.90999984741211,19.25,8900,18.5949764251709,0.0
ESQ,2018-01-04,19.440000534057617,19.93000030517578,19.440000534057617,19.700000762939453,1500,19.0296630859375,0.0
ESQ,2018-01-05,19.5,19.989999771118164,19.5,19.8700008392334,11600,19.193878173828125,0.0
ESQ,2018-01-08,19.75,19.75,19.75,19.75,500,19.077964782714844,0.0
ESQ,2018-01-09,19.75,19.75,19.75,19.75,0,19.077964782714844,0.0
ESQ,2018-01-10,19.75,19.75,19.75,19.75,0,19.077964782714844,0.0
ESQ,2018-01-11,19.65999984741211,19.65999984741211,19.65999984741211,19.65999984741211,400,18.991024017333984,0.0
ESQ,2018-01-12,19.280000686645508,19.700000762939453,18.190000534057617,19.700000762939453,11800,19.0296630859375,0.0
ESQ,2018-01-16,19.48900032043457,19.979999542236328,19.399999618530273,19.809999465942383,5500,19.13591957092285,0.0
ESQ,2018-01-17,19.809999465942383,19.809999465942383,19.809999465942383,19.809999465942383,0,19.13591957092285,0.0
ESQ,2018-01-18,19.799999237060547,19.8700008392334,19.719999313354492,19.735000610351562,9700,19.06346893310547,0.0
ESQ,2018-01-19,19.75,20.0,19.52899932861328,20.0,7700,19.319454193115234,0.0
ESQ,2018-01-22,20.0,20.0,20.0,20.0,400,19.319454193115234,0.0
ESQ,2018-01-23,20.0,20.0,18.3700008392334,19.25,12200,18.5949764251709,0.0
ESQ,2018-01-24,19.899999618530273,20.190000534057617,19.25,19.299999237060547,3100,18.643272399902344,0.0
ESQ,2018-01-25,19.719999313354492,21.089000701904297,19.719999313354492,20.4950008392334,600,19.797611236572266,0.0
ESQ,2018-01-26,20.350000381469727,21.520000457763672,20.200000762939453,21.510000228881836,7300,20.778076171875,0.0
ESQ,2018-01-29,21.670000076293945,22.316999435424805,17.34000015258789,22.316999435424805,10500,21.5576114654541,0.0
ESQ,2018-01-30,22.700000762939453,22.829999923706055,21.5,22.809999465942383,21400,22.03384017944336,0.0
ESQ,2018-01-31,21.450000762939453,22.899999618530273,21.450000762939453,22.760000228881836,6100,21.985538482666016,0.0
ESQ,2018-02-01,23.0,25.915000915527344,23.0,24.75,29200,23.907825469970703,0.0
ESQ,2018-02-02,24.770000457763672,24.770000457763672,23.520000457763672,24.510000228881836,8100,23.67599105834961,0.0
ESQ,2018-02-05,24.010000228881836,24.280000686645508,22.270000457763672,22.270000457763672,15600,21.51221466064453,0.0
ESQ,2018-02-06,21.819000244140625,23.999000549316406,20.700000762939453,23.0,12200,22.21737289428711,0.0
ESQ,2018-02-07,22.979999542236328,22.989999771118164,21.799999237060547,22.0,14100,21.25139808654785,0.0
ESQ,2018-02-08,21.8700008392334,24.0,21.520000457763672,22.0,11900,21.25139808654785,0.0
ESQ,2018-02-09,22.0,23.399999618530273,21.562999725341797,21.700000762939453,9400,20.961606979370117,0.0
ESQ,2018-02-12,21.190000534057617,23.0,21.190000534057617,22.0,6400,21.25139808654785,0.0
ESQ,2018-02-13,22.0,22.469999313354492,21.899999618530273,22.010000228881836,3500,21.26106071472168,0.0
ESQ,2018-02-14,23.49799919128418,23.49799919128418,21.600000381469727,21.799999237060547,23100,21.058204650878906,0.0
ESQ,2018-02-15,21.760000228881836,22.049999237060547,21.5,21.739999771118164,8700,21.0002498626709,0.0
ESQ,2018-02-16,22.280000686645508,22.829999923706055,21.68000030517578,22.68000030517578,107600,21.908262252807617,0.0
ESQ,2018-02-20,22.690000534057617,23.405000686645508,21.559999465942383,22.5,43500,21.734384536743164,0.0
ESQ,2018-02-21,22.5,23.579999923706055,22.079999923706055,22.594999313354492,6500,21.82615089416504,0.0
ESQ,2018-02-22,22.700000762939453,22.700000762939453,22.0,22.5,5500,21.734384536743164,0.0
ESQ,2018-02-23,22.53700065612793,23.360000610351562,22.53700065612793,23.0,5000,22.21737289428711,0.0
ESQ,2018-02-26,23.0,23.299999237060547,22.490999221801758,22.979999542236328,9700,22.198055267333984,0.0
ESQ,2018-02-27,22.829999923706055,23.114999771118164,22.15999984741211,22.860000610351562,17100,22.082138061523438,0.0
ESQ,2018-02-28,23.0,23.5,22.90999984741211,23.0,18900,22.21737289428711,0.0
ESQ,2018-03-01,22.760000228881836,23.200000762939453,22.5,22.540000915527344,22500,21.773027420043945,0.0
ESQ,2018-03-02,22.5,23.040000915527344,22.5,22.90999984741211,18400,22.13043785095215,0.0
ESQ,2018-03-05,22.899999618530273,23.06999969482422,22.708999633789062,22.75,12400,21.975879669189453,0.0
ESQ,2018-03-06,22.920000076293945,23.375,22.5,22.5,19400,21.734384536743164,0.0
ESQ,2018-03-07,23.139999389648438,23.299999237060547,22.559999465942383,22.559999465942383,10800,21.79234504699707,0.0
ESQ,2018-03-08,22.700000762939453,23.19499969482422,21.559999465942383,22.440000534057617,24100,21.676429748535156,0.0
ESQ,2018-03-09,22.329999923706055,22.5,22.020000457763672,22.329999923706055,17200,21.570175170898438,0.0
ESQ,2018-03-12,22.200000762939453,23.5,21.850000381469727,22.1200008392334,37000,21.367321014404297,0.0
ESQ,2018-03-13,22.799999237060547,22.799999237060547,22.350000381469727,22.530000686645508,34400,21.76336669921875,0.0
ESQ,2018-03-14,22.59000015258789,23.559999465942383,22.399999618530273,23.049999237060547,76800,22.265670776367188,0.0
ESQ,2018-03-15,23.0,23.90999984741211,23.0,23.5,27000,22.700361251831055,0.0
ESQ,2018-03-16,23.579999923706055,24.3700008392334,23.510000228881836,23.93000030517578,31400,23.1157283782959,0.0
ESQ,2018-03-19,23.860000610351562,24.440000534057617,23.84000015258789,24.219999313354492,78900,23.395858764648438,0.0
ESQ,2018-03-20,24.299999237060547,24.92099952697754,23.290000915527344,23.709999084472656,56000,22.903215408325195,0.0
ESQ,2018-03-21,23.84000015258789,23.889999389648438,23.059999465942383,23.420000076293945,17400,22.62308120727539,0.0
ESQ,2018-03-22,23.489999771118164,24.579999923706055,23.489999771118164,24.469999313354492,27500,23.63735008239746,0.0
ESQ,2018-03-23,24.389999389648438,24.989999771118164,24.049999237060547,24.6200008392334,39400,23.782249450683594,0.0
ESQ,2018-03-26,24.950000762939453,24.950000762939453,23.910999298095703,24.700000762939453,37800,23.859525680541992,0.0
ESQ,2018-03-27,24.6299991607666,24.739999771118164,24.0,24.200000762939453,24000,23.376537322998047,0.0
ESQ,2018-03-28,24.950000762939453,24.950000762939453,24.170000076293945,24.450000762939453,14600,23.618032455444336,0.0
ESQ,2018-03-29,24.399999618530273,24.399999618530273,20.760000228881836,24.399999618530273,25300,23.56973648071289,0.0
ESQ,2018-04-02,24.31999969482422,24.979999542236328,24.139999389648438,24.979999542236328,23000,24.1299991607666,0.0
ESQ,2018-04-03,24.899999618530273,24.950000762939453,24.5,24.68000030517578,14500,23.840206146240234,0.0
ESQ,2018-04-04,24.5,24.899999618530273,24.329999923706055,24.8700008392334,23500,24.023738861083984,0.0
ESQ,2018-04-05,24.649999618530273,24.700000762939453,24.479999542236328,24.6200008392334,10800,23.782249450683594,0.0
ESQ,2018-04-06,24.559999465942383,24.885000228881836,24.110000610351562,24.110000610351562,31700,23.28960418701172,0.0
ESQ,2018-04-09,24.459999084472656,24.700000762939453,24.437000274658203,24.579999923706055,12500,23.743610382080078,0.0
ESQ,2018-04-10,24.59000015258789,24.600000381469727,24.450000762939453,24.5,6600,23.666332244873047,0.0
ESQ,2018-04-11,24.40999984741211,24.600000381469727,24.25,24.450000762939453,38800,23.618032455444336,0.0
ESQ,2018-04-12,24.530000686645508,24.950000762939453,24.420000076293945,24.479999542236328,20400,23.647008895874023,0.0
ESQ,2018-04-13,24.65999984741211,24.979999542236328,24.25,24.450000762939453,11300,23.618032455444336,0.0
ESQ,2018-04-16,24.56999969482422,24.729999542236328,24.25,24.25,4100,23.424837112426758,0.0
ESQ,2018-04-17,24.399999618530273,24.68000030517578,24.270000457763672,24.40999984741211,10100,23.57939338684082,0.0
ESQ,2018-04-18,24.474000930786133,24.75,24.360000610351562,24.690000534057617,7300,23.849864959716797,0.0
ESQ,2018-04-19,24.700000762939453,24.860000610351562,24.389999389648438,24.549999237060547,6800,23.714632034301758,0.0
ESQ,2018-04-20,24.670000076293945,24.989999771118164,24.149999618530273,24.399999618530273,18000,23.56973648071289,0.0
ESQ,2018-04-23,24.600000381469727,25.0,24.15999984741211,24.450000762939453,27800,23.618032455444336,0.0
ESQ,2018-04-24,24.450000762939453,24.75,24.389999389648438,24.700000762939453,16100,23.859525680541992,0.0
ESQ,2018-04-25,24.959999084472656,24.959999084472656,24.0,24.15999984741211,14800,23.337902069091797,0.0
ESQ,2018-04-26,24.459999084472656,24.75,24.0,24.030000686645508,11600,23.212326049804688,0.0
ESQ,2018-04-27,24.0,24.209999084472656,24.0,24.200000762939453,12600,23.376537322998047,0.0
ESQ,2018-04-30,24.360000610351562,24.809999465942383,24.0,24.09000015258789,16500,23.27028465270996,0.0
ESQ,2018-05-01,23.850000381469727,24.5,23.850000381469727,24.25,10500,23.424837112426758,0.0
ESQ,2018-05-02,24.31999969482422,24.5,24.010000228881836,24.5,9200,23.666332244873047,0.0
ESQ,2018-05-03,24.450000762939453,24.5,24.100000381469727,24.1200008392334,19800,23.299264907836914,0.0
ESQ,2018-05-04,24.0,24.489999771118164,24.0,24.139999389648438,7500,23.318584442138672,0.0
ESQ,2018-05-07,24.31999969482422,24.399999618530273,24.009000778198242,24.229999542236328,6900,23.405519485473633,0.0
ESQ,2018-05-08,24.31999969482422,24.639999389648438,24.131000518798828,24.25,20700,23.424837112426758,0.0
ESQ,2018-05-09,24.219999313354492,24.639999389648438,24.06999969482422,24.110000610351562,13300,23.28960418701172,0.0
ESQ,2018-05-10,24.31999969482422,24.5,24.30500030517578,24.389999389648438,7800,23.560075759887695,0.0
ESQ,2018-05-11,24.364999771118164,24.600000381469727,24.040000915527344,24.5,4800,23.666332244873047,0.0
ESQ,2018-05-14,24.459999084472656,24.459999084472656,24.049999237060547,24.110000610351562,8700,23.28960418701172,0.0
ESQ,2018-05-15,24.200000762939453,24.469999313354492,24.149999618530273,24.469999313354492,5900,23.63735008239746,0.0
ESQ,2018-05-16,24.200000762939453,24.93000030517578,24.190000534057617,24.700000762939453,12900,23.859525680541992,0.0
ESQ,2018-05-17,24.610000610351562,24.8799991607666,24.350000381469727,24.350000381469727,26700,23.521438598632812,0.0
ESQ,2018-05-18,25.149999618530273,25.149999618530273,24.299999237060547,24.360000610351562,39200,23.531095504760742,0.0
ESQ,2018-05-21,24.639999389648438,24.889999389648438,24.5,24.850000381469727,2800,24.004425048828125,0.0
ESQ,2018-05-22,24.5,24.979999542236328,24.489999771118164,24.780000686645508,17400,23.936809539794922,0.0
ESQ,2018-05-23,24.799999237060547,25.0,24.770999908447266,24.985000610351562,3700,24.13483238220215,0.0
ESQ,2018-05-24,24.760000228881836,24.969999313354492,24.65999984741211,24.850000381469727,6000,24.004425048828125,0.0
ESQ,2018-05-25,24.920000076293945,24.989999771118164,24.670000076293945,24.81999969482422,6900,23.97544288635254,0.0
ESQ,2018-05-29,24.989999771118164,25.450000762939453,24.899999618530273,25.280000686645508,4100,24.4197940826416,0.0
ESQ,2018-05-30,25.200000762939453,25.56999969482422,24.989999771118164,25.010000228881836,15600,24.158979415893555,0.0
ESQ,2018-05-31,25.0,26.729999542236328,25.0,26.149999618530273,24300,25.260189056396484,0.0
ESQ,2018-06-01,26.229999542236328,26.440000534057617,26.0,26.239999771118164,17800,25.347126007080078,0.0
ESQ,2018-06-04,26.139999389648438,26.174999237060547,25.969999313354492,26.139999389648438,12400,25.25052833557129,0.0
ESQ,2018-06-05,26.0,26.0,25.200000762939453,25.5,16500,24.632305145263672,0.0
ESQ,2018-06-06,23.959999084472656,25.885000228881836,23.959999084472656,25.219999313354492,16200,24.361833572387695,0.0
ESQ,2018-06-07,25.450000762939453,25.649999618530273,25.135000228881836,25.25,10200,24.390806198120117,0.0
ESQ,2018-06-08,25.329999923706055,25.621000289916992,25.0,25.010000228881836,8400,24.158979415893555,0.0
ESQ,2018-06-11,25.5,26.309999465942383,25.145000457763672,26.280000686645508,19900,25.385765075683594,0.0
ESQ,2018-06-12,26.280000686645508,27.0,25.8799991607666,25.8799991607666,32700,24.999372482299805,0.0
ESQ,2018-06-13,26.25,29.450000762939453,26.110000610351562,26.770000457763672,17700,25.85909080505371,0.0
ESQ,2018-06-14,26.989999771118164,27.350000381469727,26.700000762939453,26.889999389648438,13600,25.975006103515625,0.0
ESQ,2018-06-15,26.93000030517578,27.030000686645508,26.030000686645508,26.549999237060547,38600,25.646574020385742,0.0
ESQ,2018-06-18,26.639999389648438,26.84000015258789,26.520000457763672,26.6200008392334,20000,25.714197158813477,0.0
ESQ,2018-06-19,26.6299991607666,27.149999618530273,26.1299991607666,26.899999618530273,24000,25.984668731689453,0.0
ESQ,2018-06-20,26.889999389648438,27.09000015258789,26.329999923706055,26.75,30300,25.83976936340332,0.0
ESQ,2018-06-21,26.700000762939453,27.0,25.722999572753906,26.209999084472656,28100,25.318143844604492,0.0
ESQ,2018-06-22,26.440000534057617,26.809999465942383,24.80500030517578,25.84000015258789,647800,24.960737228393555,0.0
ESQ,2018-06-25,25.950000762939453,26.100000381469727,25.399999618530273,25.809999465942383,27300,24.931758880615234,0.0
ESQ,2018-06-26,25.75,25.989999771118164,25.239999771118164,25.969999313354492,28100,25.08631134033203,0.0
ESQ,2018-06-27,26.0,26.530000686645508,25.899999618530273,26.3700008392334,34400,25.472698211669922,0.0
ESQ,2018-06-28,26.600000381469727,27.8799991607666,26.15999984741211,26.90999984741211,50600,25.99432373046875,0.0
ESQ,2018-06-29,26.920000076293945,26.920000076293945,26.06999969482422,26.389999389648438,24300,25.492019653320312,0.0
ESQ,2018-07-02,26.229999542236328,26.65999984741211,25.90999984741211,26.399999618530273,12200,25.50168228149414,0.0
ESQ,2018-07-03,26.399999618530273,26.600000381469727,26.110000610351562,26.450000762939453,16900,25.549978256225586,0.0
ESQ,2018-07-05,26.530000686645508,26.700000762939453,26.110000610351562,26.399999618530273,25100,25.50168228149414,0.0
ESQ,2018-07-06,26.530000686645508,27.149999618530273,26.530000686645508,26.700000762939453,37200,25.791473388671875,0.0
ESQ,2018-07-09,24.01099967956543,27.03499984741211,24.01099967956543,26.540000915527344,35600,25.63691520690918,0.0
ESQ,2018-07-10,26.520000457763672,26.8799991607666,26.260000228881836,26.690000534057617,14500,25.78181266784668,0.0
ESQ,2018-07-11,26.56999969482422,26.899999618530273,25.43000030517578,26.540000915527344,22200,25.63691520690918,0.0
ESQ,2018-07-12,26.670000076293945,26.700000762939453,26.25,26.59000015258789,22000,25.685213088989258,0.0
ESQ,2018-07-13,26.530000686645508,26.530000686645508,26.003999710083008,26.360000610351562,12000,25.463041305541992,0.0
ESQ,2018-07-16,26.309999465942383,26.309999465942383,25.75,25.93000030517578,30400,25.047670364379883,0.0
ESQ,2018-07-17,26.030000686645508,26.15999984741211,25.889999389648438,25.989999771118164,8300,25.105636596679688,0.0
ESQ,2018-07-18,26.100000381469727,26.100000381469727,25.610000610351562,26.0,9600,25.115293502807617,0.0
ESQ,2018-07-19,26.0,26.479999542236328,25.510000228881836,26.030000686645508,26500,25.144269943237305,0.0
ESQ,2018-07-20,26.0,26.100000381469727,25.739999771118164,25.75,35800,24.873796463012695,0.0
ESQ,2018-07-23,25.700000762939453,26.09000015258789,25.25,25.90999984741211,23400,25.02835464477539,0.0
ESQ,2018-07-24,26.0,26.0,25.700000762939453,25.760000228881836,24300,24.883459091186523,0.0
ESQ,2018-07-25,25.760000228881836,26.489999771118164,24.01099967956543,24.350000381469727,38700,23.521438598632812,0.0
ESQ,2018-07-26,24.31999969482422,25.770000457763672,24.18000030517578,25.770000457763672,13500,24.89312171936035,0.0
ESQ,2018-07-27,25.719999313354492,25.719999313354492,24.489999771118164,24.5,30800,23.666332244873047,0.0
ESQ,2018-07-30,24.489999771118164,25.83300018310547,24.024999618530273,24.700000762939453,29800,23.859525680541992,0.0
ESQ,2018-07-31,24.700000762939453,25.729999542236328,23.93000030517578,25.540000915527344,18200,24.670944213867188,0.0
ESQ,2018-08-01,25.530000686645508,25.760000228881836,25.25,25.75,2400,24.873796463012695,0.0
ESQ,2018-08-02,25.59000015258789,25.770000457763672,25.45800018310547,25.610000610351562,9500,24.738561630249023,0.0
ESQ,2018-08-03,25.59000015258789,25.75,25.0,25.25,14600,24.390806198120117,0.0
ESQ,2018-08-06,25.270000457763672,25.649999618530273,25.100000381469727,25.489999771118164,9000,24.622644424438477,0.0
ESQ,2018-08-07,25.459999084472656,25.6200008392334,25.280000686645508,25.530000686645508,4900,24.661287307739258,0.0
ESQ,2018-08-08,25.549999237060547,25.614999771118164,25.204999923706055,25.450000762939453,13900,24.584009170532227,0.0
ESQ,2018-08-09,25.469999313354492,25.700000762939453,25.270000457763672,25.559999465942383,6900,24.690265655517578,0.0
ESQ,2018-08-10,25.489999771118164,25.59000015258789,23.0,24.360000610351562,135200,23.531095504760742,0.0
ESQ,2018-08-13,24.84000015258789,25.5,24.799999237060547,25.059999465942383,55800,24.207277297973633,0.0
ESQ,2018-08-14,25.239999771118164,25.440000534057617,24.610000610351562,24.84000015258789,17500,23.994762420654297,0.0
ESQ,2018-08-15,24.780000686645508,24.780000686645508,24.090999603271484,24.350000381469727,9000,23.521438598632812,0.0
ESQ,2018-08-16,24.600000381469727,25.059999465942383,24.44499969482422,25.030000686645508,16400,24.178295135498047,0.0
ESQ,2018-08-17,24.90999984741211,25.459999084472656,24.90999984741211,25.219999313354492,8700,24.361833572387695,0.0
ESQ,2018-08-20,25.479999542236328,25.698999404907227,25.049999237060547,25.1299991607666,24400,24.274898529052734,0.0
ESQ,2018-08-21,25.149999618530273,25.649999618530273,25.121000289916992,25.270000457763672,8300,24.410133361816406,0.0
ESQ,2018-08-22,25.3700008392334,25.6200008392334,25.25,25.450000762939453,6900,24.584009170532227,0.0
ESQ,2018-08-23,25.489999771118164,25.979999542236328,25.454999923706055,25.700000762939453,4300,24.82550048828125,0.0
ESQ,2018-08-24,25.860000610351562,26.635000228881836,25.527000427246094,26.25,16100,25.35678482055664,0.0
ESQ,2018-08-27,26.299999237060547,26.299999237060547,25.459999084472656,25.459999084472656,6700,24.593666076660156,0.0
ESQ,2018-08-28,25.520000457763672,25.520000457763672,25.25,25.360000610351562,11500,24.497068405151367,0.0
ESQ,2018-08-29,25.450000762939453,25.5,25.040000915527344,25.18000030517578,18000,24.323190689086914,0.0
ESQ,2018-08-30,25.149999618530273,25.690000534057617,25.149999618530273,25.350000381469727,5200,24.487411499023438,0.0
ESQ,2018-08-31,25.399999618530273,26.200000762939453,25.399999618530273,26.0,14400,25.115293502807617,0.0
ESQ,2018-09-04,25.989999771118164,26.020000457763672,25.53499984741211,25.959999084472656,12200,25.07665252685547,0.0
ESQ,2018-09-05,26.0,26.0,25.309999465942383,25.450000762939453,17800,24.584009170532227,0.0
ESQ,2018-09-06,25.5,25.5,24.760000228881836,25.389999389648438,23800,24.52604866027832,0.0
ESQ,2018-09-07,25.290000915527344,25.829999923706055,25.290000915527344,25.5,17800,24.632305145263672,0.0
ESQ,2018-09-10,25.5,25.5,25.399999618530273,25.469999313354492,16500,24.60332489013672,0.0
ESQ,2018-09-11,25.399999618530273,25.864999771118164,25.34000015258789,25.5,36700,24.632305145263672,0.0
ESQ,2018-09-12,25.450000762939453,25.655000686645508,25.280000686645508,25.309999465942383,13600,24.448768615722656,0.0
ESQ,2018-09-13,25.360000610351562,25.719999313354492,25.27199935913086,25.719999313354492,11200,24.844818115234375,0.0
ESQ,2018-09-14,25.65999984741211,25.920000076293945,25.40999984741211,25.479999542236328,16200,24.612979888916016,0.0
ESQ,2018-09-17,25.360000610351562,25.709999084472656,25.309999465942383,25.5,16600,24.632305145263672,0.0
ESQ,2018-09-18,25.540000915527344,25.549999237060547,25.299999237060547,25.489999771118164,20300,24.622644424438477,0.0
ESQ,2018-09-19,25.450000762939453,25.75,25.290000915527344,25.43000030517578,14400,24.5646915435791,0.0
ESQ,2018-09-20,25.530000686645508,25.649999618530273,25.389999389648438,25.5,27800,24.632305145263672,0.0
ESQ,2018-09-21,25.459999084472656,25.649999618530273,24.700000762939453,24.709999084472656,83500,23.86918830871582,0.0
ESQ,2018-09-24,24.75,25.059999465942383,23.774999618530273,24.479999542236328,34900,23.647008895874023,0.0
ESQ,2018-09-25,24.549999237060547,25.43000030517578,24.479999542236328,25.139999389648438,20900,24.284555435180664,0.0
ESQ,2018-09-26,25.040000915527344,25.350000381469727,25.0,25.079999923706055,15100,24.226594924926758,0.0
ESQ,2018-09-27,25.15999984741211,25.15999984741211,25.0,25.079999923706055,9300,24.226594924926758,0.0
ESQ,2018-09-28,25.09000015258789,25.100000381469727,24.6299991607666,24.959999084472656,14900,24.110681533813477,0.0
ESQ,2018-10-01,25.0,25.149999618530273,24.59000015258789,24.59000015258789,15900,23.753267288208008,0.0
ESQ,2018-10-02,24.549999237060547,24.700000762939453,23.93000030517578,24.149999618530273,14500,23.32823944091797,0.0
ESQ,2018-10-03,24.290000915527344,24.290000915527344,23.559999465942383,23.84000015258789,35000,23.028793334960938,0.0
ESQ,2018-10-04,23.850000381469727,23.899999618530273,23.299999237060547,23.540000915527344,19900,22.73900032043457,0.0
ESQ,2018-10-05,23.59000015258789,23.700000762939453,23.16900062561035,23.5,10400,22.700361251831055,0.0
ESQ,2018-10-08,23.440000534057617,24.049999237060547,23.350000381469727,23.850000381469727,9400,23.038454055786133,0.0
ESQ,2018-10-09,23.799999237060547,24.559999465942383,23.799999237060547,24.34000015258789,12600,23.51177978515625,0.0
ESQ,2018-10-10,24.399999618530273,24.75,23.979000091552734,24.229999542236328,16700,23.405519485473633,0.0
ESQ,2018-10-11,24.149999618530273,24.65999984741211,24.149999618530273,24.3700008392334,15700,23.54075813293457,0.0
ESQ,2018-10-12,24.56999969482422,24.934999465942383,23.72800064086914,24.479999542236328,9700,23.647008895874023,0.0
ESQ,2018-10-15,24.469999313354492,24.6299991607666,23.729999542236328,24.040000915527344,13700,23.221981048583984,0.0
ESQ,2018-10-16,24.170000076293945,24.760000228881836,24.170000076293945,24.700000762939453,6500,23.859525680541992,0.0
ESQ,2018-10-17,24.639999389648438,24.639999389648438,24.100000381469727,24.3799991607666,24300,23.550413131713867,0.0
ESQ,2018-10-18,24.3799991607666,24.3799991607666,23.40999984741211,23.790000915527344,1800,22.980493545532227,0.0
ESQ,2018-10-19,23.670000076293945,24.54400062561035,23.31999969482422,23.31999969482422,4500,22.52648162841797,0.0
ESQ,2018-10-22,23.309999465942383,24.049999237060547,22.799999237060547,22.799999237060547,18000,22.0241756439209,0.0
ESQ,2018-10-23,22.65999984741211,23.549999237060547,21.520000457763672,23.049999237060547,23000,22.265670776367188,0.0
ESQ,2018-10-24,23.100000381469727,23.75,22.83300018310547,23.149999618530273,34300,22.362266540527344,0.0
ESQ,2018-10-25,23.200000762939453,23.3799991607666,23.1200008392334,23.229999542236328,15800,22.43954849243164,0.0
ESQ,2018-10-26,22.940000534057617,24.170000076293945,22.940000534057617,24.15999984741211,9600,23.337902069091797,0.0
ESQ,2018-10-29,24.170000076293945,24.34000015258789,21.3799991607666,23.8799991607666,18500,23.067426681518555,0.0
ESQ,2018-10-30,23.90999984741211,24.139999389648438,23.5,24.040000915527344,10500,23.221981048583984,0.0
ESQ,2018-10-31,24.34000015258789,24.350000381469727,23.68000030517578,23.979999542236328,19000,23.16402816772461,0.0
ESQ,2018-11-01,24.030000686645508,24.549999237060547,24.010000228881836,24.18000030517578,19600,23.357219696044922,0.0
ESQ,2018-11-02,24.280000686645508,24.280000686645508,24.010000228881836,24.040000915527344,12700,23.221981048583984,0.0
ESQ,2018-11-05,23.90999984741211,24.139999389648438,23.5,23.790000915527344,9600,22.980493545532227,0.0
ESQ,2018-11-06,23.84000015258789,23.850000381469727,23.030000686645508,23.549999237060547,4700,22.7486572265625,0.0
ESQ,2018-11-07,23.760000228881836,24.110000610351562,23.5,24.020000457763672,7400,23.202667236328125,0.0
ESQ,2018-11-08,24.0,25.295000076293945,23.899999618530273,24.809999465942383,32800,23.96578598022461,0.0
ESQ,2018-11-09,24.959999084472656,25.18000030517578,24.700000762939453,25.049999237060547,8400,24.197614669799805,0.0
ESQ,2018-11-12,25.0,25.19499969482422,25.0,25.0,10600,24.14931869506836,0.0
ESQ,2018-11-13,25.18000030517578,25.639999389648438,24.950000762939453,25.459999084472656,3200,24.593666076660156,0.0
ESQ,2018-11-14,25.559999465942383,25.610000610351562,25.0,25.610000610351562,12000,24.738561630249023,0.0
ESQ,2018-11-15,25.75,25.75,25.0,25.200000762939453,7600,24.34251594543457,0.0
ESQ,2018-11-16,25.09000015258789,25.09000015258789,24.809999465942383,24.889999389648438,5400,24.043062210083008,0.0
ESQ,2018-11-19,24.920000076293945,24.920000076293945,24.5,24.510000228881836,3600,23.67599105834961,0.0
ESQ,2018-11-20,24.59000015258789,24.8700008392334,24.5,24.5,4700,23.666332244873047,0.0
ESQ,2018-11-21,24.5,25.489999771118164,24.5,25.489999771118164,2800,24.622644424438477,0.0
ESQ,2018-11-23,25.510000228881836,25.75,24.610000610351562,25.75,2000,24.873796463012695,0.0
ESQ,2018-11-26,25.739999771118164,25.75,25.3799991607666,25.40999984741211,14400,24.545366287231445,0.0
ESQ,2018-11-27,25.5,25.5,25.079999923706055,25.350000381469727,4700,24.487411499023438,0.0
ESQ,2018-11-28,25.399999618530273,25.6200008392334,23.76799964904785,25.389999389648438,4500,24.52604866027832,0.0
ESQ,2018-11-29,25.5,25.5,25.299999237060547,25.5,8300,24.632305145263672,0.0
ESQ,2018-11-30,25.5,25.5,24.90999984741211,25.079999923706055,6300,24.226594924926758,0.0
ESQ,2018-12-03,25.34000015258789,25.34000015258789,24.69499969482422,24.989999771118164,10500,24.13966178894043,0.0
ESQ,2018-12-04,25.100000381469727,25.100000381469727,23.979999542236328,24.809999465942383,14600,23.96578598022461,0.0
ESQ,2018-12-06,24.010000228881836,24.18000030517578,20.700000762939453,23.860000610351562,11100,23.048107147216797,0.0
ESQ,2018-12-07,24.059999465942383,24.3799991607666,23.68000030517578,24.290000915527344,7000,23.463478088378906,0.0
ESQ,2018-12-10,24.200000762939453,24.899999618530273,23.8700008392334,24.899999618530273,3500,24.052719116210938,0.0
ESQ,2018-12-11,25.0,25.0,23.860000610351562,24.100000381469727,2800,23.279943466186523,0.0
ESQ,2018-12-12,24.3799991607666,24.979999542236328,23.899999618530273,24.100000381469727,4200,23.279943466186523,0.0
ESQ,2018-12-13,24.049999237060547,25.0,23.90999984741211,23.90999984741211,6900,23.096410751342773,0.0
ESQ,2018-12-14,22.46500015258789,24.81999969482422,22.46500015258789,23.3700008392334,2700,22.574783325195312,0.0
ESQ,2018-12-17,24.200000762939453,24.5,21.40999984741211,21.59000015258789,10400,20.855348587036133,0.0
ESQ,2018-12-18,21.65999984741211,22.799999237060547,21.520000457763672,21.520000457763672,25000,20.78773307800293,0.0
ESQ,2018-12-19,21.809999465942383,21.809999465942383,20.760000228881836,20.799999237060547,51000,20.09223175048828,0.0
ESQ,2018-12-20,20.600000381469727,20.600000381469727,19.290000915527344,19.479999542236328,12200,18.81714630126953,0.0
ESQ,2018-12-21,18.889999389648438,20.190000534057617,18.152999877929688,18.489999771118164,44900,17.860836029052734,0.0
ESQ,2018-12-24,18.309999465942383,19.0,17.6200008392334,18.450000762939453,5500,17.822195053100586,0.0
ESQ,2018-12-26,18.709999084472656,20.0,18.709999084472656,19.739999771118164,23000,19.068302154541016,0.0
ESQ,2018-12-27,19.81999969482422,20.69499969482422,19.81999969482422,20.110000610351562,18600,19.425708770751953,0.0
ESQ,2018-12-28,20.280000686645508,23.209999084472656,20.0,21.510000228881836,11500,20.778076171875,0.0
ESQ,2018-12-31,21.84000015258789,21.989999771118164,20.48200035095215,21.700000762939453,8900,20.961606979370117,0.0
ESQ,2019-01-02,21.399999618530273,21.649999618530273,20.610000610351562,21.0,9600,20.28542709350586,0.0
ESQ,2019-01-03,21.059999465942383,21.649999618530273,21.0,21.0,5100,20.28542709350586,0.0
ESQ,2019-01-04,21.5,21.5,20.691999435424805,21.309999465942383,7800,20.584877014160156,0.0
ESQ,2019-01-07,21.270000457763672,21.600000381469727,20.683000564575195,21.5,6400,20.76841163635254,0.0
ESQ,2019-01-08,21.489999771118164,22.290000915527344,21.450000762939453,22.149999618530273,9800,21.396299362182617,0.0
ESQ,2019-01-09,22.260000228881836,23.010000228881836,21.56999969482422,21.899999618530273,7500,21.154804229736328,0.0
ESQ,2019-01-10,20.951000213623047,21.84000015258789,20.951000213623047,21.729999542236328,2200,20.990583419799805,0.0
ESQ,2019-01-11,21.469999313354492,22.399999618530273,21.469999313354492,22.100000381469727,2300,21.347999572753906,0.0
ESQ,2019-01-14,22.170000076293945,22.170000076293945,21.799999237060547,21.850000381469727,6200,21.10650634765625,0.0
ESQ,2019-01-15,22.079999923706055,22.079999923706055,21.600000381469727,21.899999618530273,2200,21.154804229736328,0.0
ESQ,2019-01-16,21.899999618530273,22.350000381469727,21.815000534057617,22.350000381469727,25800,21.589488983154297,0.0
ESQ,2019-01-17,22.020000457763672,23.010000228881836,21.75,22.600000381469727,13200,21.830982208251953,0.0
ESQ,2019-01-18,22.540000915527344,23.0,22.25,22.389999389648438,11000,21.62812614440918,0.0
ESQ,2019-01-22,22.78499984741211,23.079999923706055,22.59000015258789,22.834999084472656,19200,22.057985305786133,0.0
ESQ,2019-01-23,22.93000030517578,22.93000030517578,21.8700008392334,22.700000762939453,60600,21.927583694458008,0.0
ESQ,2019-01-24,22.90999984741211,22.90999984741211,22.020000457763672,22.350000381469727,3300,21.589488983154297,0.0
ESQ,2019-01-25,22.1299991607666,22.1299991607666,21.75,21.959999084472656,3400,21.212759017944336,0.0
ESQ,2019-01-28,21.799999237060547,21.799999237060547,21.280000686645508,21.65999984741211,3500,20.922971725463867,0.0
ESQ,2019-01-29,21.700000762939453,21.719999313354492,21.25,21.280000686645508,5100,20.5559024810791,0.0
ESQ,2019-01-30,21.924999237060547,22.200000762939453,21.850000381469727,22.139999389648438,4100,21.38663101196289,0.0
ESQ,2019-01-31,21.575000762939453,22.0,21.575000762939453,21.729999542236328,3400,20.990583419799805,0.0
ESQ,2019-02-01,22.0,22.0,22.0,22.0,1100,21.25139808654785,0.0
ESQ,2019-02-04,21.84000015258789,22.084999084472656,21.663000106811523,22.010000228881836,8000,21.26106071472168,0.0
ESQ,2019-02-05,22.350000381469727,22.700000762939453,21.950000762939453,22.09000015258789,16600,21.33833885192871,0.0
ESQ,2019-02-06,22.09000015258789,22.25,22.06999969482422,22.25,2200,21.492891311645508,0.0
ESQ,2019-02-07,22.399999618530273,23.6299991607666,22.389999389648438,23.149999618530273,4700,22.362266540527344,0.0
ESQ,2019-02-08,22.899999618530273,25.0,22.899999618530273,24.709999084472656,37500,23.86918830871582,0.0
ESQ,2019-02-11,25.0,25.1200008392334,24.260000228881836,24.479999542236328,15100,23.647008895874023,0.0
ESQ,2019-02-12,23.299999237060547,24.5,23.299999237060547,24.5,6900,23.666332244873047,0.0
ESQ,2019-02-13,24.540000915527344,24.989999771118164,24.309999465942383,24.309999465942383,5200,23.4827938079834,0.0
ESQ,2019-02-14,22.333999633789062,24.405000686645508,21.579999923706055,23.649999618530273,8800,22.845252990722656,0.0
ESQ,2019-02-15,23.81999969482422,23.989999771118164,23.684999465942383,23.899999618530273,5800,23.086746215820312,0.0
ESQ,2019-02-19,23.798999786376953,23.847000122070312,22.65999984741211,23.450000762939453,14400,22.652061462402344,0.0
ESQ,2019-02-20,23.8799991607666,24.0,23.100000381469727,23.75,6900,22.941850662231445,0.0
ESQ,2019-02-21,23.3799991607666,23.8799991607666,23.3799991607666,23.8799991607666,4400,23.067426681518555,0.0
ESQ,2019-02-22,24.0,24.100000381469727,23.93000030517578,24.0,24800,23.183347702026367,0.0
ESQ,2019-02-25,23.43600082397461,24.0,23.40999984741211,23.40999984741211,3900,22.613422393798828,0.0
ESQ,2019-02-26,23.59000015258789,24.100000381469727,23.34000015258789,23.450000762939453,17600,22.652061462402344,0.0
ESQ,2019-02-27,23.5,23.75,23.40999984741211,23.40999984741211,1500,22.613422393798828,0.0
ESQ,2019-02-28,23.360000610351562,23.399999618530273,22.809999465942383,22.809999465942383,3200,22.03384017944336,0.0
ESQ,2019-03-01,23.100000381469727,23.399999618530273,22.899999618530273,22.899999618530273,6500,22.120773315429688,0.0
ESQ,2019-03-04,23.299999237060547,23.299999237060547,22.93000030517578,22.940000534057617,4100,22.159414291381836,0.0
ESQ,2019-03-05,24.649999618530273,24.649999618530273,22.610000610351562,22.610000610351562,4300,21.84064483642578,0.0
ESQ,2019-03-06,23.329999923706055,23.34000015258789,22.420000076293945,22.420000076293945,1700,21.657106399536133,0.0
ESQ,2019-03-07,22.219999313354492,22.510000228881836,22.030000686645508,22.030000686645508,3300,21.280378341674805,0.0
ESQ,2019-03-08,21.950000762939453,21.950000762939453,21.3700008392334,21.3700008392334,6600,20.642839431762695,0.0
ESQ,2019-03-11,21.600000381469727,21.78700065612793,21.280000686645508,21.739999771118164,7600,21.0002498626709,0.0
ESQ,2019-03-12,22.100000381469727,22.100000381469727,21.309999465942383,21.5,4000,20.76841163635254,0.0
ESQ,2019-03-13,21.850000381469727,21.850000381469727,21.290000915527344,21.290000915527344,8900,20.56555938720703,0.0
ESQ,2019-03-14,21.739999771118164,21.739999771118164,21.06999969482422,21.389999389648438,5700,20.662153244018555,0.0
ESQ,2019-03-15,21.360000610351562,21.8799991607666,21.094999313354492,21.850000381469727,43200,21.10650634765625,0.0
ESQ,2019-03-18,21.690000534057617,22.0,21.459999084472656,21.809999465942383,8900,21.0678653717041,0.0
ESQ,2019-03-19,21.910999298095703,22.0,21.65999984741211,21.65999984741211,8900,20.922971725463867,0.0
ESQ,2019-03-20,21.899999618530273,21.899999618530273,21.510000228881836,21.760000228881836,3900,21.019569396972656,0.0
ESQ,2019-03-21,21.764999389648438,22.139999389648438,21.739999771118164,21.899999618530273,10600,21.154804229736328,0.0
ESQ,2019-03-22,21.700000762939453,21.709999084472656,20.93000030517578,21.5,15100,20.76841163635254,0.0
ESQ,2019-03-25,21.309999465942383,21.5,21.104999542236328,21.5,6100,20.76841163635254,0.0
ESQ,2019-03-26,21.21500015258789,21.899999618530273,21.21500015258789,21.899999618530273,2600,21.154804229736328,0.0
ESQ,2019-03-27,21.19499969482422,21.579999923706055,21.0,21.520000457763672,22700,20.78773307800293,0.0
ESQ,2019-03-28,21.40999984741211,22.5,21.25,22.5,4800,21.734384536743164,0.0
ESQ,2019-03-29,22.299999237060547,23.079999923706055,21.860000610351562,22.760000228881836,27500,21.985538482666016,0.0
ESQ,2019-04-01,23.030000686645508,23.030000686645508,22.25,22.899999618530273,15500,22.120773315429688,0.0
ESQ,2019-04-02,22.420000076293945,23.200000762939453,22.290000915527344,22.299999237060547,46800,21.541189193725586,0.0
ESQ,2019-04-03,22.360000610351562,22.71500015258789,22.21500015258789,22.299999237060547,11700,21.541189193725586,0.0
ESQ,2019-04-04,22.690000534057617,22.690000534057617,22.31999969482422,22.40999984741211,12900,21.64744758605957,0.0
ESQ,2019-04-05,22.450000762939453,22.545000076293945,20.899999618530273,22.0,78800,21.25139808654785,0.0
ESQ,2019-04-08,22.0,23.249000549316406,22.0,22.799999237060547,8300,22.0241756439209,0.0
ESQ,2019-04-09,22.649999618530273,23.100000381469727,22.59000015258789,22.600000381469727,4700,21.830982208251953,0.0
ESQ,2019-04-10,22.700000762939453,22.700000762939453,22.5,22.700000762939453,3300,21.927583694458008,0.0
ESQ,2019-04-11,22.5,22.774999618530273,22.3700008392334,22.3700008392334,2300,21.608808517456055,0.0
ESQ,2019-04-12,22.19300079345703,22.725000381469727,22.19300079345703,22.649999618530273,2900,21.879281997680664,0.0
ESQ,2019-04-15,22.540000915527344,22.700000762939453,22.2810001373291,22.389999389648438,5900,21.62812614440918,0.0
ESQ,2019-04-16,22.5,22.729999542236328,22.5,22.65999984741211,35600,21.88894271850586,0.0
ESQ,2019-04-17,23.059999465942383,23.059999465942383,22.309999465942383,22.559999465942383,6900,21.79234504699707,0.0
ESQ,2019-04-18,22.559999465942383,22.899999618530273,22.559999465942383,22.899999618530273,4900,22.120773315429688,0.0
ESQ,2019-04-22,22.670000076293945,22.996999740600586,22.290000915527344,22.309999465942383,13300,21.550851821899414,0.0
ESQ,2019-04-23,22.450000762939453,22.59000015258789,22.290000915527344,22.389999389648438,4700,21.62812614440918,0.0
ESQ,2019-04-24,22.389999389648438,22.719999313354492,22.34000015258789,22.34000015258789,2100,21.579830169677734,0.0
ESQ,2019-04-25,22.42099952697754,23.0,22.42099952697754,23.0,16100,22.21737289428711,0.0
ESQ,2019-04-26,23.25,23.899999618530273,23.09000015258789,23.690000534057617,5600,22.883893966674805,0.0
ESQ,2019-04-29,24.25,24.979999542236328,24.073999404907227,24.979999542236328,12800,24.1299991607666,0.0
ESQ,2019-04-30,24.75,25.645999908447266,24.75,25.139999389648438,16600,24.284555435180664,0.0
ESQ,2019-05-01,25.309999465942383,25.399999618530273,24.639999389648438,24.639999389648438,7800,23.80156707763672,0.0
ESQ,2019-05-02,24.739999771118164,25.25,24.270000457763672,25.139999389648438,8600,24.284555435180664,0.0
ESQ,2019-05-03,25.190000534057617,25.614999771118164,24.989999771118164,25.149999618530273,12700,24.29421615600586,0.0
ESQ,2019-05-06,24.670000076293945,24.969999313354492,24.59000015258789,24.799999237060547,1800,23.95612144470215,0.0
ESQ,2019-05-07,24.5,24.850000381469727,24.200000762939453,24.31999969482422,2400,23.492456436157227,0.0
ESQ,2019-05-08,24.600000381469727,25.959999084472656,23.649999618530273,23.850000381469727,5200,23.038454055786133,0.0
ESQ,2019-05-09,23.229999542236328,23.989999771118164,22.709999084472656,22.709999084472656,13300,21.937238693237305,0.0
ESQ,2019-05-10,22.739999771118164,23.860000610351562,22.201000213623047,23.860000610351562,15100,23.048107147216797,0.0
ESQ,2019-05-13,23.360000610351562,24.5,22.413000106811523,24.0,17000,23.183347702026367,0.0
ESQ,2019-05-14,24.0,24.25,23.145000457763672,23.670000076293945,7000,22.864572525024414,0.0
ESQ,2019-05-15,23.75,24.06999969482422,23.399999618530273,23.399999618530273,2700,22.603761672973633,0.0
ESQ,2019-05-16,23.399999618530273,23.399999618530273,22.600000381469727,22.75,6300,21.975879669189453,0.0
ESQ,2019-05-17,22.68000030517578,23.25,22.68000030517578,23.010000228881836,4300,22.22702980041504,0.0
ESQ,2019-05-20,22.989999771118164,23.25,22.915000915527344,23.200000762939453,3800,22.410568237304688,0.0
ESQ,2019-05-21,23.084999084472656,23.399999618530273,23.0,23.200000762939453,5000,22.410568237304688,0.0
ESQ,2019-05-22,22.459999084472656,23.200000762939453,22.459999084472656,23.049999237060547,5800,22.265670776367188,0.0
ESQ,2019-05-23,22.809999465942383,23.290000915527344,22.530000686645508,22.90999984741211,8700,22.13043785095215,0.0
ESQ,2019-05-24,22.610000610351562,23.0,22.610000610351562,22.80500030517578,6600,22.029008865356445,0.0
ESQ,2019-05-28,22.899999618530273,22.899999618530273,22.520000457763672,22.520000457763672,3700,21.75370979309082,0.0
ESQ,2019-05-29,22.760000228881836,22.760000228881836,22.600000381469727,22.600000381469727,3800,21.830982208251953,0.0
ESQ,2019-05-30,22.780000686645508,22.799999237060547,22.780000686645508,22.799999237060547,1800,22.0241756439209,0.0
ESQ,2019-05-31,22.700000762939453,23.079999923706055,22.700000762939453,22.799999237060547,6100,22.0241756439209,0.0
ESQ,2019-06-03,23.0,23.0,22.690000534057617,23.0,8800,22.21737289428711,0.0
ESQ,2019-06-04,22.979999542236328,23.25,22.8700008392334,23.25,3900,22.458864212036133,0.0
ESQ,2019-06-05,23.0,24.8799991607666,23.0,24.309999465942383,57500,23.4827938079834,0.0
ESQ,2019-06-06,23.90999984741211,24.690000534057617,23.90999984741211,24.5,4900,23.666332244873047,0.0
ESQ,2019-06-07,24.950000762939453,24.950000762939453,24.5,24.614999771118164,7600,23.777420043945312,0.0
ESQ,2019-06-10,24.399999618530273,24.844999313354492,24.399999618530273,24.829999923706055,4500,23.9851016998291,0.0
ESQ,2019-06-11,24.860000610351562,24.899999618530273,24.5,24.899999618530273,4500,24.052719116210938,0.0
ESQ,2019-06-12,24.899999618530273,25.0,24.40999984741211,24.739999771118164,2700,23.89816665649414,0.0
ESQ,2019-06-13,25.139999389648438,25.139999389648438,24.388999938964844,24.940000534057617,9400,24.09136199951172,0.0
ESQ,2019-06-14,24.700000762939453,25.0,24.350000381469727,24.649999618530273,5000,23.81122589111328,0.0
ESQ,2019-06-17,24.6299991607666,24.9950008392334,24.25,24.790000915527344,17000,23.94646644592285,0.0
ESQ,2019-06-18,24.8700008392334,24.989999771118164,24.25,24.25,12400,23.424837112426758,0.0
ESQ,2019-06-19,24.100000381469727,24.149999618530273,23.889999389648438,24.09000015258789,3700,23.27028465270996,0.0
ESQ,2019-06-20,23.950000762939453,24.309999465942383,23.90999984741211,24.260000228881836,3100,23.43450164794922,0.0
ESQ,2019-06-21,23.969999313354492,24.639999389648438,23.969999313354492,24.639999389648438,24400,23.80156707763672,0.0
ESQ,2019-06-24,24.450000762939453,24.75,24.260000228881836,24.3700008392334,3200,23.54075813293457,0.0
ESQ,2019-06-25,24.378999710083008,24.670000076293945,24.378999710083008,24.520000457763672,3900,23.685653686523438,0.0
ESQ,2019-06-26,24.940000534057617,24.940000534057617,24.600000381469727,24.75,29000,23.907825469970703,0.0
ESQ,2019-06-27,24.950000762939453,24.950000762939453,24.5,24.850000381469727,17800,24.004425048828125,0.0
ESQ,2019-06-28,24.75,25.40999984741211,24.75,25.149999618530273,80100,24.29421615600586,0.0
ESQ,2019-07-01,25.260000228881836,25.260000228881836,24.479999542236328,24.700000762939453,13100,23.859525680541992,0.0
ESQ,2019-07-02,24.739999771118164,24.739999771118164,24.25,24.299999237060547,4800,23.473133087158203,0.0
ESQ,2019-07-03,24.93000030517578,24.969999313354492,24.25,24.270000457763672,4500,23.444156646728516,0.0
ESQ,2019-07-05,24.0049991607666,24.3700008392334,22.82699966430664,24.350000381469727,3900,23.521438598632812,0.0
ESQ,2019-07-08,24.350000381469727,24.5,24.25,24.5,4200,23.666332244873047,0.0
ESQ,2019-07-09,24.5,24.829999923706055,24.5,24.670000076293945,4000,23.830549240112305,0.0
ESQ,2019-07-10,24.399999618530273,24.889999389648438,24.385000228881836,24.610000610351562,7000,23.772586822509766,0.0
ESQ,2019-07-11,24.709999084472656,24.709999084472656,24.280000686645508,24.56999969482422,5900,23.73395347595215,0.0
ESQ,2019-07-12,24.299999237060547,24.604999542236328,23.610000610351562,24.299999237060547,5100,23.473133087158203,0.0
ESQ,2019-07-15,24.299999237060547,24.31999969482422,24.059999465942383,24.31999969482422,6000,23.492456436157227,0.0
ESQ,2019-07-16,23.670000076293945,24.579999923706055,23.670000076293945,24.579999923706055,3100,23.743610382080078,0.0
ESQ,2019-07-17,24.299999237060547,24.399999618530273,23.690000534057617,23.690000534057617,4600,22.883893966674805,0.0
ESQ,2019-07-18,23.8700008392334,24.290000915527344,23.34000015258789,24.219999313354492,6500,23.395858764648438,0.0
ESQ,2019-07-19,23.90999984741211,24.350000381469727,23.899999618530273,23.899999618530273,4500,23.086746215820312,0.0
ESQ,2019-07-22,23.899999618530273,23.950000762939453,23.5,23.799999237060547,4100,22.99015235900879,0.0
ESQ,2019-07-23,23.905000686645508,23.905000686645508,23.799999237060547,23.889999389648438,1900,23.07708740234375,0.0
ESQ,2019-07-24,23.989999771118164,24.549999237060547,23.799999237060547,24.100000381469727,4900,23.279943466186523,0.0
ESQ,2019-07-25,24.059999465942383,24.350000381469727,24.0,24.0,3200,23.183347702026367,0.0
ESQ,2019-07-26,24.34600067138672,25.2549991607666,24.200000762939453,24.940000534057617,21900,24.09136199951172,0.0
ESQ,2019-07-29,24.920000076293945,25.200000762939453,24.700000762939453,24.739999771118164,17400,23.89816665649414,0.0
ESQ,2019-07-30,24.559999465942383,26.0,24.559999465942383,25.84000015258789,21000,24.960737228393555,0.0
ESQ,2019-07-31,25.989999771118164,26.3799991607666,25.649999618530273,25.649999618530273,20900,24.777202606201172,0.0
ESQ,2019-08-01,25.450000762939453,25.670000076293945,25.100000381469727,25.18000030517578,13800,24.323190689086914,0.0
ESQ,2019-08-02,25.350000381469727,25.350000381469727,24.020000457763672,24.020000457763672,8900,23.202667236328125,0.0
ESQ,2019-08-05,23.87299919128418,24.100000381469727,22.639999389648438,22.899999618530273,8200,22.120773315429688,0.0
ESQ,2019-08-06,23.18000030517578,24.239999771118164,23.030000686645508,23.989999771118164,11800,23.173683166503906,0.0
ESQ,2019-08-07,23.84000015258789,24.270000457763672,23.790000915527344,23.90999984741211,10300,23.096410751342773,0.0
ESQ,2019-08-08,24.010000228881836,25.0,23.760000228881836,24.299999237060547,7100,23.473133087158203,0.0
ESQ,2019-08-09,24.40999984741211,24.40999984741211,20.816999435424805,22.959999084472656,18900,22.178733825683594,0.0
ESQ,2019-08-12,23.010000228881836,23.34000015258789,22.520000457763672,22.920000076293945,4000,22.140092849731445,0.0
ESQ,2019-08-13,23.799999237060547,24.299999237060547,22.768999099731445,23.389999389648438,10400,22.59410285949707,0.0
ESQ,2019-08-14,22.809999465942383,23.350000381469727,22.31999969482422,22.520000457763672,3700,21.75370979309082,0.0
ESQ,2019-08-15,23.100000381469727,23.454999923706055,22.610000610351562,22.610000610351562,4800,21.84064483642578,0.0
ESQ,2019-08-16,22.780000686645508,24.489999771118164,22.773000717163086,24.440000534057617,14200,23.608375549316406,0.0
ESQ,2019-08-19,23.33300018310547,24.0,22.711999893188477,23.049999237060547,20100,22.265670776367188,0.0
ESQ,2019-08-20,23.25,23.979999542236328,22.809999465942383,23.850000381469727,20800,23.038454055786133,0.0
ESQ,2019-08-21,24.020000457763672,24.149999618530273,23.604000091552734,23.75,16700,22.941850662231445,0.0
ESQ,2019-08-22,23.299999237060547,24.200000762939453,23.299999237060547,24.0,8700,23.183347702026367,0.0
ESQ,2019-08-23,23.59000015258789,23.81999969482422,22.600000381469727,22.950000762939453,15400,22.169076919555664,0.0
ESQ,2019-08-26,23.110000610351562,23.760000228881836,22.829999923706055,23.760000228881836,10200,22.951507568359375,0.0
ESQ,2019-08-27,23.670000076293945,24.030000686645508,22.82900047302246,23.100000381469727,7000,22.31397247314453,0.0
ESQ,2019-08-28,23.525999069213867,23.525999069213867,22.874000549316406,23.40999984741211,5400,22.613422393798828,0.0
ESQ,2019-08-29,23.56999969482422,23.899999618530273,23.479999542236328,23.530000686645508,3100,22.72934341430664,0.0
ESQ,2019-08-30,23.5,23.5,23.5,23.5,1100,22.700361251831055,0.0
ESQ,2019-09-03,23.149999618530273,23.68199920654297,22.530000686645508,22.729999542236328,15500,21.956558227539062,0.0
ESQ,2019-09-04,22.84000015258789,23.016000747680664,22.420000076293945,22.639999389648438,3900,21.86962127685547,0.0
ESQ,2019-09-05,22.639999389648438,23.700000762939453,22.049999237060547,22.5,8900,21.734384536743164,0.0
ESQ,2019-09-06,22.549999237060547,22.969999313354492,22.143999099731445,22.40999984741211,9900,21.64744758605957,0.0
ESQ,2019-09-09,22.639999389648438,24.389999389648438,22.639999389648438,24.18000030517578,28100,23.357219696044922,0.0
ESQ,2019-09-10,24.0,24.25,23.16699981689453,24.0,9300,23.183347702026367,0.0
ESQ,2019-09-11,23.604000091552734,24.100000381469727,23.299999237060547,23.6299991607666,13900,22.8259334564209,0.0
ESQ,2019-09-12,23.350000381469727,24.15999984741211,23.350000381469727,24.040000915527344,13400,23.221981048583984,0.0
ESQ,2019-09-13,24.020000457763672,24.15999984741211,23.549999237060547,23.979999542236328,11500,23.16402816772461,0.0
ESQ,2019-09-16,23.540000915527344,24.010000228881836,23.540000915527344,23.760000228881836,6300,22.951507568359375,0.0
ESQ,2019-09-17,23.420000076293945,23.829999923706055,23.420000076293945,23.65999984741211,1900,22.85491371154785,0.0
ESQ,2019-09-18,23.320999145507812,24.0,23.320999145507812,23.850000381469727,7200,23.038454055786133,0.0
ESQ,2019-09-19,23.709999084472656,24.0,23.198999404907227,23.75,6100,22.941850662231445,0.0
ESQ,2019-09-20,23.700000762939453,24.25,23.1200008392334,24.0,40100,23.183347702026367,0.0
ESQ,2019-09-23,23.739999771118164,24.0,23.739999771118164,23.850000381469727,3600,23.038454055786133,0.0
ESQ,2019-09-24,23.700000762939453,23.700000762939453,23.399999618530273,23.399999618530273,4700,22.603761672973633,0.0
ESQ,2019-09-25,23.549999237060547,24.0,23.350000381469727,23.90999984741211,6500,23.096410751342773,0.0
ESQ,2019-09-26,23.93000030517578,24.3799991607666,23.93000030517578,24.149999618530273,34500,23.32823944091797,0.0
ESQ,2019-09-27,25.0,25.0,24.479999542236328,24.479999542236328,2900,23.647008895874023,0.0
ESQ,2019-09-30,24.599000930786133,24.920000076293945,24.0939998626709,24.799999237060547,17600,23.95612144470215,0.0
ESQ,2019-10-01,24.940000534057617,24.940000534057617,23.809999465942383,23.90999984741211,13000,23.096410751342773,0.0
ESQ,2019-10-02,23.6200008392334,24.030000686645508,23.461999893188477,23.690000534057617,5600,22.883893966674805,0.0
ESQ,2019-10-03,23.799999237060547,24.290000915527344,23.799999237060547,24.25,6100,23.424837112426758,0.0
ESQ,2019-10-04,24.65999984741211,24.65999984741211,24.190000534057617,24.549999237060547,9400,23.714632034301758,0.0
ESQ,2019-10-07,24.399999618530273,24.559999465942383,24.389999389648438,24.559999465942383,2700,23.724292755126953,0.0
ESQ,2019-10-08,24.260000228881836,24.399999618530273,23.61199951171875,24.299999237060547,14400,23.473133087158203,0.0
ESQ,2019-10-09,24.459999084472656,24.6200008392334,24.18000030517578,24.190000534057617,11500,23.366878509521484,0.0
ESQ,2019-10-10,24.149999618530273,24.298999786376953,23.829999923706055,23.829999923706055,10200,23.019128799438477,0.0
ESQ,2019-10-11,24.170000076293945,24.25,23.67099952697754,24.049999237060547,18000,23.231639862060547,0.0
ESQ,2019-10-14,23.850000381469727,24.15999984741211,23.299999237060547,23.65999984741211,32600,22.85491371154785,0.0
ESQ,2019-10-15,23.663000106811523,23.697999954223633,23.510000228881836,23.549999237060547,12200,22.7486572265625,0.0
ESQ,2019-10-16,23.510000228881836,23.549999237060547,23.333999633789062,23.549999237060547,6400,22.7486572265625,0.0
ESQ,2019-10-17,23.549999237060547,23.549999237060547,23.43000030517578,23.43000030517578,6100,22.632740020751953,0.0
ESQ,2019-10-18,23.270000457763672,23.450000762939453,22.540000915527344,22.600000381469727,25100,21.830982208251953,0.0
ESQ,2019-10-21,22.790000915527344,23.09000015258789,22.666000366210938,23.09000015258789,8500,22.304311752319336,0.0
ESQ,2019-10-22,22.850000381469727,23.15999984741211,22.834999084472656,23.0,2600,22.21737289428711,0.0
ESQ,2019-10-23,23.041000366210938,23.25,23.020000457763672,23.25,3800,22.458864212036133,0.0
ESQ,2019-10-24,23.045000076293945,23.1299991607666,22.829999923706055,22.889999389648438,2600,22.111112594604492,0.0
ESQ,2019-10-25,22.43000030517578,24.170000076293945,22.222999572753906,24.170000076293945,12200,23.347564697265625,0.0
ESQ,2019-10-28,24.0,24.149999618530273,23.0,23.969999313354492,7800,23.154361724853516,0.0
ESQ,2019-10-29,23.959999084472656,24.299999237060547,23.959999084472656,24.299999237060547,1500,23.473133087158203,0.0
ESQ,2019-10-30,23.375999450683594,24.489999771118164,23.375999450683594,24.360000610351562,35300,23.531095504760742,0.0
ESQ,2019-10-31,24.389999389648438,24.389999389648438,24.270000457763672,24.299999237060547,3700,23.473133087158203,0.0
ESQ,2019-11-01,24.329999923706055,24.700000762939453,24.309999465942383,24.700000762939453,2400,23.859525680541992,0.0
ESQ,2019-11-04,24.670000076293945,24.670000076293945,24.079999923706055,24.100000381469727,8500,23.279943466186523,0.0
ESQ,2019-11-05,24.20800018310547,24.3700008392334,23.969999313354492,24.3700008392334,6900,23.54075813293457,0.0
ESQ,2019-11-06,23.510000228881836,24.280000686645508,23.510000228881836,24.0,3600,23.183347702026367,0.0
ESQ,2019-11-07,23.979999542236328,24.389999389648438,23.979999542236328,24.389999389648438,6100,23.560075759887695,0.0
ESQ,2019-11-08,24.049999237060547,24.739999771118164,24.049999237060547,24.489999771118164,3200,23.656673431396484,0.0
ESQ,2019-11-11,24.43000030517578,24.75,24.3799991607666,24.600000381469727,2100,23.762935638427734,0.0
ESQ,2019-11-12,24.299999237060547,24.6200008392334,24.280000686645508,24.280000686645508,7600,23.453821182250977,0.0
ESQ,2019-11-13,24.309999465942383,24.309999465942383,23.85700035095215,24.079999923706055,2400,23.260622024536133,0.0
ESQ,2019-11-14,23.610000610351562,23.809999465942383,23.209999084472656,23.799999237060547,6200,22.99015235900879,0.0
ESQ,2019-11-15,23.799999237060547,24.48900032043457,23.799999237060547,24.110000610351562,197600,23.28960418701172,0.0
ESQ,2019-11-18,24.200000762939453,24.5,23.799999237060547,24.450000762939453,108400,23.618032455444336,0.0
ESQ,2019-11-19,24.799999237060547,24.808000564575195,24.399999618530273,24.649999618530273,36500,23.81122589111328,0.0
ESQ,2019-11-20,24.450000762939453,24.5,24.18000030517578,24.3700008392334,19700,23.54075813293457,0.0
ESQ,2019-11-21,24.389999389648438,24.5,24.239999771118164,24.239999771118164,5300,23.415180206298828,0.0
ESQ,2019-11-22,24.479999542236328,24.479999542236328,24.149999618530273,24.31999969482422,6400,23.492456436157227,0.0
ESQ,2019-11-25,24.200000762939453,24.479999542236328,24.0,24.360000610351562,152200,23.531095504760742,0.0
ESQ,2019-11-26,24.110000610351562,24.264999389648438,23.579999923706055,24.100000381469727,27300,23.279943466186523,0.0
ESQ,2019-11-27,24.100000381469727,24.100000381469727,23.93000030517578,23.969999313354492,10500,23.154361724853516,0.0
ESQ,2019-11-29,24.079999923706055,24.100000381469727,23.940000534057617,23.940000534057617,14300,23.125389099121094,0.0
ESQ,2019-12-02,24.0,24.100000381469727,23.780000686645508,23.969999313354492,74600,23.154361724853516,0.0
ESQ,2019-12-03,23.799999237060547,24.040000915527344,23.25,23.979999542236328,25000,23.16402816772461,0.0
ESQ,2019-12-04,23.76799964904785,24.09000015258789,23.559999465942383,23.920000076293945,26700,23.106067657470703,0.0
ESQ,2019-12-05,23.84000015258789,24.079999923706055,23.84000015258789,23.979999542236328,5200,23.16402816772461,0.0
ESQ,2019-12-06,23.950000762939453,25.290000915527344,23.950000762939453,25.100000381469727,28000,24.24591636657715,0.0
ESQ,2019-12-09,24.899999618530273,25.09000015258789,24.549999237060547,24.93000030517578,29200,24.081701278686523,0.0
ESQ,2019-12-10,25.149999618530273,25.649999618530273,25.084999084472656,25.649999618530273,28700,24.777202606201172,0.0
ESQ,2019-12-11,25.690000534057617,25.690000534057617,24.8700008392334,25.0,42500,24.14931869506836,0.0
ESQ,2019-12-12,25.0,25.190000534057617,25.0,25.0,27300,24.14931869506836,0.0
ESQ,2019-12-13,24.770000457763672,25.389999389648438,24.690000534057617,25.1299991607666,16900,24.274898529052734,0.0
ESQ,2019-12-16,25.149999618530273,25.459999084472656,24.510000228881836,24.799999237060547,29800,23.95612144470215,0.0
ESQ,2019-12-17,24.891000747680664,24.93899917602539,24.75,24.84000015258789,13300,23.994762420654297,0.0
ESQ,2019-12-18,24.93000030517578,24.954999923706055,24.75,24.93000030517578,32100,24.081701278686523,0.0
ESQ,2019-12-19,24.940000534057617,26.5,24.940000534057617,25.5,28600,24.632305145263672,0.0
ESQ,2019-12-20,25.510000228881836,28.889999389648438,25.3700008392334,26.549999237060547,66700,25.646574020385742,0.0
ESQ,2019-12-23,26.440000534057617,26.489999771118164,25.700000762939453,26.09000015258789,50100,25.20223045349121,0.0
ESQ,2019-12-24,26.891000747680664,27.25,25.847999572753906,26.200000762939453,27600,25.308486938476562,0.0
ESQ,2019-12-26,26.18000030517578,26.575000762939453,25.649999618530273,26.190000534057617,27800,25.298826217651367,0.0
ESQ,2019-12-27,26.110000610351562,26.989999771118164,26.0,26.700000762939453,13300,25.791473388671875,0.0
ESQ,2019-12-30,26.709999084472656,26.709999084472656,26.049999237060547,26.399999618530273,51300,25.50168228149414,0.0
ESQ,2019-12-31,26.290000915527344,26.360000610351562,25.90999984741211,26.06999969482422,16700,25.182910919189453,0.0
ESQ,2020-01-02,26.06999969482422,26.06999969482422,25.760000228881836,25.959999084472656,5600,25.07665252685547,0.0
ESQ,2020-01-03,25.40999984741211,25.850000381469727,25.200000762939453,25.40999984741211,15700,24.545366287231445,0.0
ESQ,2020-01-06,25.31999969482422,25.489999771118164,24.46500015258789,25.200000762939453,8600,24.34251594543457,0.0
ESQ,2020-01-07,25.18000030517578,25.18000030517578,24.65999984741211,24.860000610351562,9400,24.014080047607422,0.0
ESQ,2020-01-08,24.850000381469727,25.389999389648438,24.600000381469727,25.270000457763672,13900,24.410133361816406,0.0
ESQ,2020-01-09,25.25,25.600000381469727,25.25,25.600000381469727,10000,24.728904724121094,0.0
ESQ,2020-01-10,25.549999237060547,25.75,25.350000381469727,25.719999313354492,22300,24.844818115234375,0.0
ESQ,2020-01-13,25.75,25.940000534057617,25.454999923706055,25.760000228881836,21200,24.883459091186523,0.0
ESQ,2020-01-14,25.75,25.760000228881836,24.270000457763672,24.350000381469727,39300,23.521438598632812,0.0
ESQ,2020-01-15,24.329999923706055,24.68000030517578,23.90999984741211,24.510000228881836,27500,23.67599105834961,0.0
ESQ,2020-01-16,24.59000015258789,24.8700008392334,24.15999984741211,24.8700008392334,8200,24.023738861083984,0.0
ESQ,2020-01-17,25.030000686645508,25.200000762939453,24.75,24.760000228881836,7000,23.917482376098633,0.0
ESQ,2020-01-21,24.709999084472656,25.079999923706055,24.600000381469727,24.809999465942383,5500,23.96578598022461,0.0
ESQ,2020-01-22,24.8799991607666,24.94499969482422,24.610000610351562,24.614999771118164,5200,23.777420043945312,0.0
ESQ,2020-01-23,24.469999313354492,24.469999313354492,23.610000610351562,23.81999969482422,20500,23.009469985961914,0.0
ESQ,2020-01-24,23.90399932861328,24.21500015258789,23.520000457763672,23.700000762939453,9600,22.8935546875,0.0
ESQ,2020-01-27,23.299999237060547,23.729999542236328,22.899999618530273,23.260000228881836,20500,22.468524932861328,0.0
ESQ,2020-01-28,23.600000381469727,23.709999084472656,23.5,23.579999923706055,11800,22.777633666992188,0.0
ESQ,2020-01-29,23.5,23.639999389648438,23.5,23.56999969482422,12600,22.767982482910156,0.0
ESQ,2020-01-30,23.479999542236328,23.579999923706055,23.260000228881836,23.469999313354492,12000,22.671375274658203,0.0
ESQ,2020-01-31,23.25,23.260000228881836,22.75,22.75,17100,21.975879669189453,0.0
ESQ,2020-02-03,22.8700008392334,24.610000610351562,22.5,24.299999237060547,29600,23.473133087158203,0.0
ESQ,2020-02-04,24.579999923706055,24.700000762939453,23.655000686645508,24.040000915527344,15700,23.221981048583984,0.0
ESQ,2020-02-05,24.350000381469727,24.690000534057617,22.729999542236328,24.31999969482422,15900,23.492456436157227,0.0
ESQ,2020-02-06,24.56999969482422,24.56999969482422,23.799999237060547,23.799999237060547,3800,22.99015235900879,0.0
ESQ,2020-02-07,22.886999130249023,24.110000610351562,22.886999130249023,24.110000610351562,10200,23.28960418701172,0.0
ESQ,2020-02-10,23.969999313354492,24.5,23.969999313354492,24.139999389648438,4500,23.318584442138672,0.0
ESQ,2020-02-11,24.209999084472656,24.299999237060547,23.579999923706055,24.010000228881836,4600,23.193004608154297,0.0
ESQ,2020-02-12,24.139999389648438,24.139999389648438,24.0,24.0,4200,23.183347702026367,0.0
ESQ,2020-02-13,23.920000076293945,24.344999313354492,23.90999984741211,24.18000030517578,13900,23.357219696044922,0.0
ESQ,2020-02-14,24.200000762939453,24.34000015258789,24.020000457763672,24.1200008392334,4600,23.299264907836914,0.0
ESQ,2020-02-18,24.049999237060547,24.049999237060547,23.81999969482422,23.969999313354492,1800,23.154361724853516,0.0
ESQ,2020-02-19,23.510000228881836,23.899999618530273,23.239999771118164,23.239999771118164,12300,22.449203491210938,0.0
ESQ,2020-02-20,23.299999237060547,23.799999237060547,23.0,23.799999237060547,9900,22.99015235900879,0.0
ESQ,2020-02-21,23.700000762939453,24.049999237060547,23.360000610351562,24.049999237060547,9000,23.231639862060547,0.0
ESQ,2020-02-24,23.709999084472656,23.983999252319336,23.232999801635742,23.8799991607666,13800,23.067426681518555,0.0
ESQ,2020-02-25,23.899999618530273,24.0,22.760000228881836,22.799999237060547,17700,22.0241756439209,0.0
ESQ,2020-02-26,22.959999084472656,23.290000915527344,22.959999084472656,23.184999465942383,14300,22.39607810974121,0.0
ESQ,2020-02-27,22.8700008392334,24.5,22.5,23.219999313354492,36900,22.429885864257812,0.0
ESQ,2020-02-28,23.0,23.389999389648438,22.68400001525879,22.90999984741211,19300,22.13043785095215,0.0
ESQ,2020-03-02,23.299999237060547,23.549999237060547,22.5,22.760000228881836,13500,21.985538482666016,0.0
ESQ,2020-03-03,22.75,22.75,21.610000610351562,21.610000610351562,19500,20.874670028686523,0.0
ESQ,2020-03-04,21.899999618530273,22.68600082397461,20.583999633789062,22.290000915527344,24400,21.53153419494629,0.0
ESQ,2020-03-05,21.865999221801758,22.5,21.75,22.0,44700,21.25139808654785,0.0
ESQ,2020-03-06,21.81999969482422,22.56999969482422,21.299999237060547,22.1299991607666,7600,21.37697982788086,0.0
ESQ,2020-03-09,21.450000762939453,21.850000381469727,19.350000381469727,20.290000915527344,25300,19.599586486816406,0.0
ESQ,2020-03-10,20.739999771118164,21.68000030517578,20.25,20.799999237060547,24000,20.09223175048828,0.0
ESQ,2020-03-11,20.489999771118164,20.899999618530273,18.329999923706055,19.389999389648438,18900,18.73021125793457,0.0
ESQ,2020-03-12,18.540000915527344,19.655000686645508,17.229999542236328,18.809999465942383,31800,18.169946670532227,0.0
ESQ,2020-03-13,19.639999389648438,19.799999237060547,14.489999771118164,17.510000228881836,114700,16.914186477661133,0.0
ESQ,2020-03-16,15.979999542236328,16.0,15.0,15.010000228881836,45600,14.499251365661621,0.0
ESQ,2020-03-17,14.699999809265137,19.459999084472656,14.479999542236328,19.459999084472656,37100,18.797828674316406,0.0
ESQ,2020-03-18,16.559999465942383,16.559999465942383,14.5,14.670000076293945,24100,14.170819282531738,0.0
ESQ,2020-03-19,14.010000228881836,17.264999389648438,14.010000228881836,16.770000457763672,58600,16.199365615844727,0.0
ESQ,2020-03-20,16.489999771118164,16.489999771118164,14.5,15.0,46100,14.48958969116211,0.0
ESQ,2020-03-23,15.010000228881836,15.890000343322754,11.699999809265137,12.5600004196167,37800,12.132617950439453,0.0
ESQ,2020-03-24,13.609999656677246,15.024999618530273,13.585000038146973,14.8100004196167,45300,14.306057929992676,0.0
ESQ,2020-03-25,14.239999771118164,14.949999809265137,14.239999771118164,14.819999694824219,15700,14.315715789794922,0.0
ESQ,2020-03-26,15.25,16.5,15.010000228881836,16.0,38400,15.455564498901367,0.0
ESQ,2020-03-27,16.0,16.200000762939453,14.699999809265137,14.699999809265137,15800,14.199799537658691,0.0
ESQ,2020-03-30,14.75,15.449999809265137,13.984999656677246,15.180000305175781,28000,14.66346549987793,0.0
ESQ,2020-03-31,15.670000076293945,16.450000762939453,14.170000076293945,15.050000190734863,28900,14.537890434265137,0.0
ESQ,2020-04-01,14.539999961853027,15.6899995803833,14.399999618530273,14.75,24900,14.24809741973877,0.0
ESQ,2020-04-02,14.699999809265137,15.5,14.140000343322754,14.720000267028809,12400,14.21911907196045,0.0
ESQ,2020-04-03,14.869999885559082,15.25,13.100000381469727,13.100000381469727,13100,12.654243469238281,0.0
ESQ,2020-04-06,13.699999809265137,14.899999618530273,13.699999809265137,14.6899995803833,35800,14.190138816833496,0.0
ESQ,2020-04-07,14.800000190734863,14.800000190734863,13.5,13.710000038146973,14700,13.243485450744629,0.0
ESQ,2020-04-08,14.149999618530273,15.279999732971191,14.0,14.289999961853027,62100,13.803749084472656,0.0
ESQ,2020-04-09,14.6899995803833,16.01300048828125,14.329999923706055,15.0,41300,14.48958969116211,0.0
ESQ,2020-04-13,15.0,15.0,14.010000228881836,14.010000228881836,16100,13.533276557922363,0.0
ESQ,2020-04-14,14.710000038146973,14.920000076293945,14.0600004196167,14.210000038146973,14900,13.726471900939941,0.0
ESQ,2020-04-15,14.100000381469727,14.449999809265137,13.520000457763672,13.6899995803833,26400,13.224165916442871,0.0
ESQ,2020-04-16,14.039999961853027,14.210000038146973,13.0600004196167,14.210000038146973,27800,13.726471900939941,0.0
ESQ,2020-04-17,14.539999961853027,14.708999633789062,14.100000381469727,14.529999732971191,21600,14.03558349609375,0.0
ESQ,2020-04-20,14.100000381469727,15.789999961853027,13.720000267028809,15.40999984741211,38400,14.885639190673828,0.0
ESQ,2020-04-21,15.100000381469727,16.239999771118164,14.680000305175781,15.329999923706055,28400,14.808361053466797,0.0
ESQ,2020-04-22,15.789999961853027,15.800000190734863,15.010000228881836,15.289999961853027,24600,14.769723892211914,0.0
ESQ,2020-04-23,15.09000015258789,15.9399995803833,14.75,14.760000228881836,35300,14.257757186889648,0.0
ESQ,2020-04-24,14.789999961853027,15.180000305175781,14.789999961853027,14.989999771118164,24200,14.479931831359863,0.0
ESQ,2020-04-27,14.920000076293945,15.869999885559082,14.920000076293945,15.430000305175781,60000,14.904958724975586,0.0
ESQ,2020-04-28,16.100000381469727,16.299999237060547,15.392000198364258,16.0,40400,15.455564498901367,0.0
ESQ,2020-04-29,16.25,16.950000762939453,15.930000305175781,16.649999618530273,70700,16.083446502685547,0.0
ESQ,2020-04-30,15.90999984741211,16.6200008392334,15.704999923706055,16.420000076293945,18300,15.861272811889648,0.0
ESQ,2020-05-01,15.914999961853027,16.6299991607666,15.520000457763672,16.6299991607666,17000,16.06412696838379,0.0
ESQ,2020-05-04,16.420000076293945,16.8799991607666,16.420000076293945,16.690000534057617,9500,16.122085571289062,0.0
ESQ,2020-05-05,17.5,18.5,15.899999618530273,16.010000228881836,21900,15.465224266052246,0.0
ESQ,2020-05-06,16.020000457763672,16.350000381469727,15.722000122070312,15.75,16700,15.214069366455078,0.0
ESQ,2020-05-07,16.09000015258789,16.5,15.350000381469727,15.579999923706055,8000,15.04985523223877,0.0
ESQ,2020-05-08,15.859999656677246,18.579999923706055,15.706000328063965,16.28499984741211,15300,15.730867385864258,0.0
ESQ,2020-05-11,16.399999618530273,16.829999923706055,16.190000534057617,16.59000015258789,12500,16.025487899780273,0.0
ESQ,2020-05-12,16.290000915527344,16.290000915527344,14.010000228881836,14.25,22500,13.765110969543457,0.0
ESQ,2020-05-13,14.5600004196167,14.5600004196167,12.75,13.0600004196167,53600,12.61560344696045,0.0
ESQ,2020-05-14,13.039999961853027,13.184000015258789,10.829999923706055,11.699999809265137,484900,11.301880836486816,0.0
ESQ,2020-05-15,11.930000305175781,14.949999809265137,11.930000305175781,14.390000343322754,124900,13.900347709655762,0.0
ESQ,2020-05-18,14.9399995803833,15.699999809265137,14.715999603271484,15.489999771118164,58600,14.96291732788086,0.0
ESQ,2020-05-19,15.359999656677246,15.765000343322754,14.710000038146973,15.350000381469727,35100,14.827681541442871,0.0
ESQ,2020-05-20,15.59000015258789,16.027000427246094,15.539999961853027,16.0,16900,15.455564498901367,0.0
ESQ,2020-05-21,16.06999969482422,16.06999969482422,15.609999656677246,15.899999618530273,17100,15.358963966369629,0.0
ESQ,2020-05-22,16.049999237060547,17.209999084472656,15.819999694824219,16.84000015258789,44400,16.266979217529297,0.0
ESQ,2020-05-26,17.18000030517578,17.5,16.53700065612793,16.799999237060547,13100,16.22834014892578,0.0
ESQ,2020-05-27,16.969999313354492,17.200000762939453,16.760000228881836,17.010000228881836,54300,16.431194305419922,0.0
ESQ,2020-05-28,17.40999984741211,17.40999984741211,16.790000915527344,16.8799991607666,42400,16.305622100830078,0.0
ESQ,2020-05-29,16.889999389648438,17.239999771118164,16.84000015258789,17.1299991607666,18000,16.5471134185791,0.0
ESQ,2020-06-01,16.783000946044922,17.090999603271484,16.783000946044922,17.0,42700,16.42153549194336,0.0
ESQ,2020-06-02,16.729999542236328,17.059999465942383,16.363000869750977,16.43000030517578,21400,15.87093448638916,0.0
ESQ,2020-06-03,16.799999237060547,17.219999313354492,16.524999618530273,17.0,44800,16.42153549194336,0.0
ESQ,2020-06-04,16.75,17.139999389648438,16.690000534057617,16.950000762939453,42700,16.373241424560547,0.0
ESQ,2020-06-05,17.389999389648438,18.594999313354492,17.040000915527344,18.40999984741211,44600,17.783557891845703,0.0
ESQ,2020-06-08,18.649999618530273,19.499000549316406,17.440000534057617,18.5,30000,17.87049674987793,0.0
ESQ,2020-06-09,18.100000381469727,19.850000381469727,18.0,19.239999771118164,79600,18.58531379699707,0.0
ESQ,2020-06-10,19.239999771118164,19.239999771118164,18.15999984741211,18.15999984741211,37900,17.54206657409668,0.0
ESQ,2020-06-11,17.600000381469727,17.950000762939453,15.670000076293945,15.930000305175781,23300,15.387948036193848,0.0
ESQ,2020-06-12,16.549999237060547,17.65999984741211,15.819999694824219,16.399999618530273,24200,15.84195327758789,0.0
ESQ,2020-06-15,15.890000343322754,16.739999771118164,15.890000343322754,16.65999984741211,11700,16.093107223510742,0.0
ESQ,2020-06-16,16.719999313354492,18.139999389648438,16.65999984741211,17.40999984741211,9700,16.817588806152344,0.0
ESQ,2020-06-17,17.260000228881836,18.0,16.0,16.0,8400,15.455564498901367,0.0
ESQ,2020-06-18,16.15999984741211,17.360000610351562,15.779000282287598,16.5,10700,15.938549995422363,0.0
ESQ,2020-06-19,16.81999969482422,17.33300018310547,16.5,16.6299991607666,29700,16.06412696838379,0.0
ESQ,2020-06-22,16.5,16.579999923706055,16.190000534057617,16.459999084472656,14800,15.899909973144531,0.0
ESQ,2020-06-23,16.850000381469727,16.850000381469727,16.219999313354492,16.229999542236328,14400,15.677738189697266,0.0
ESQ,2020-06-24,16.200000762939453,16.530000686645508,15.979999542236328,16.280000686645508,16300,15.72603702545166,0.0
ESQ,2020-06-25,16.399999618530273,16.75,16.15999984741211,16.75,10500,16.180042266845703,0.0
ESQ,2020-06-26,16.559999465942383,16.559999465942383,15.850000381469727,16.309999465942383,40800,15.755016326904297,0.0
ESQ,2020-06-29,16.420000076293945,16.809999465942383,16.21500015258789,16.809999465942383,17600,16.238000869750977,0.0
ESQ,2020-06-30,16.56999969482422,16.989999771118164,16.56999969482422,16.899999618530273,31800,16.32493782043457,0.0
ESQ,2020-07-01,17.334999084472656,17.334999084472656,16.299999237060547,16.649999618530273,33500,16.083446502685547,0.0
ESQ,2020-07-02,16.799999237060547,16.799999237060547,16.299999237060547,16.299999237060547,18600,15.745354652404785,0.0
ESQ,2020-07-06,17.2450008392334,17.299999237060547,15.40999984741211,15.75,12200,15.214069366455078,0.0
ESQ,2020-07-07,15.949999809265137,16.84600067138672,15.300000190734863,15.5,19700,14.972577095031738,0.0
ESQ,2020-07-08,15.630000114440918,16.155000686645508,14.819999694824219,15.170000076293945,13500,14.653807640075684,0.0
ESQ,2020-07-09,15.029999732971191,15.1899995803833,14.079999923706055,14.34000015258789,23200,13.852051734924316,0.0
ESQ,2020-07-10,14.449999809265137,15.770000457763672,14.449999809265137,15.699999809265137,11300,15.165773391723633,0.0
ESQ,2020-07-13,15.75,15.819999694824219,14.710000038146973,14.75,13900,14.24809741973877,0.0
ESQ,2020-07-14,14.880000114440918,15.260000228881836,14.800000190734863,15.229999542236328,9900,14.711764335632324,0.0
ESQ,2020-07-15,15.720000267028809,16.315000534057617,15.65999984741211,15.65999984741211,16700,15.1271333694458,0.0
ESQ,2020-07-16,16.270000457763672,16.270000457763672,15.609999656677246,15.609999656677246,17900,15.078834533691406,0.0
ESQ,2020-07-17,15.609999656677246,15.800000190734863,14.670000076293945,14.829999923706055,23600,14.325373649597168,0.0
ESQ,2020-07-20,15.130000114440918,15.569999694824219,14.949999809265137,15.569999694824219,8000,15.04019546508789,0.0
ESQ,2020-07-21,15.6899995803833,15.890000343322754,15.449999809265137,15.710000038146973,6400,15.175429344177246,0.0
ESQ,2020-07-22,15.460000038146973,15.850000381469727,15.350000381469727,15.609999656677246,8700,15.078834533691406,0.0
ESQ,2020-07-23,15.600000381469727,16.655000686645508,15.420000076293945,16.239999771118164,42900,15.687397956848145,0.0
ESQ,2020-07-24,15.836000442504883,15.836000442504883,15.5,15.5,2600,14.972577095031738,0.0
ESQ,2020-07-27,15.399999618530273,16.149999618530273,15.399999618530273,16.0,5100,15.455564498901367,0.0
ESQ,2020-07-28,15.789999961853027,17.128999710083008,15.649999618530273,15.649999618530273,2100,15.117472648620605,0.0
ESQ,2020-07-29,16.097999572753906,16.391000747680664,15.5,15.729999542236328,15300,15.194750785827637,0.0
ESQ,2020-07-30,15.635000228881836,15.90999984741211,15.5,15.630000114440918,16700,15.098152160644531,0.0
ESQ,2020-07-31,15.520000457763672,15.720000267028809,15.5,15.550000190734863,9500,15.020875930786133,0.0
ESQ,2020-08-03,16.052000045776367,16.052000045776367,15.484999656677246,15.920000076293945,6800,15.378288269042969,0.0
ESQ,2020-08-04,15.699999809265137,16.200000762939453,15.699999809265137,16.190000534057617,6700,15.639100074768066,0.0
ESQ,2020-08-05,16.229999542236328,16.25,15.9399995803833,16.200000762939453,25900,15.648758888244629,0.0
ESQ,2020-08-06,16.010000228881836,16.25,16.010000228881836,16.239999771118164,11400,15.687397956848145,0.0
ESQ,2020-08-07,16.134000778198242,16.75,16.003999710083008,16.6299991607666,15100,16.06412696838379,0.0
ESQ,2020-08-10,16.719999313354492,17.81999969482422,16.649999618530273,16.899999618530273,27100,16.32493782043457,0.0
ESQ,2020-08-11,17.100000381469727,17.25,16.989999771118164,17.059999465942383,37200,16.479496002197266,0.0
ESQ,2020-08-12,17.350000381469727,17.360000610351562,16.899999618530273,16.950000762939453,52600,16.373241424560547,0.0
ESQ,2020-08-13,16.850000381469727,17.190000534057617,16.514999389648438,17.190000534057617,21800,16.605072021484375,0.0
ESQ,2020-08-14,16.979999542236328,17.600000381469727,16.979999542236328,17.270000457763672,17900,16.68234634399414,0.0
ESQ,2020-08-17,17.139999389648438,17.350000381469727,17.049999237060547,17.049999237060547,7800,16.469831466674805,0.0
ESQ,2020-08-18,17.15999984741211,17.540000915527344,16.94499969482422,17.15999984741211,55800,16.57608985900879,0.0
ESQ,2020-08-19,17.020000457763672,17.450000762939453,16.959999084472656,17.450000762939453,9500,16.85622215270996,0.0
ESQ,2020-08-20,17.139999389648438,17.329999923706055,16.850000381469727,16.850000381469727,11800,16.276643753051758,0.0
ESQ,2020-08-21,16.920000076293945,17.125,16.559999465942383,16.809999465942383,18800,16.238000869750977,0.0
ESQ,2020-08-24,17.059999465942383,17.059999465942383,16.299999237060547,16.329999923706055,23100,15.774333953857422,0.0
ESQ,2020-08-25,16.59000015258789,17.30500030517578,16.59000015258789,16.799999237060547,2500,16.22834014892578,0.0
ESQ,2020-08-26,17.110000610351562,17.110000610351562,16.25,16.260000228881836,10600,15.706713676452637,0.0
ESQ,2020-08-27,16.18000030517578,16.760000228881836,16.1299991607666,16.709999084472656,16600,16.14140510559082,0.0
ESQ,2020-08-28,16.299999237060547,16.94499969482422,16.299999237060547,16.940000534057617,4400,16.363576889038086,0.0
ESQ,2020-08-31,16.420000076293945,17.239999771118164,16.420000076293945,16.5,19200,15.938549995422363,0.0
ESQ,2020-09-01,16.600000381469727,16.860000610351562,16.43000030517578,16.489999771118164,28900,15.928889274597168,0.0
ESQ,2020-09-02,16.610000610351562,16.959999084472656,15.873000144958496,16.520000457763672,20500,15.95787239074707,0.0
ESQ,2020-09-03,16.5,16.6299991607666,16.270000457763672,16.360000610351562,26500,15.803314208984375,0.0
ESQ,2020-09-04,16.690000534057617,16.690000534057617,16.125,16.299999237060547,15700,15.745354652404785,0.0
ESQ,2020-09-08,16.290000915527344,16.799999237060547,16.290000915527344,16.420000076293945,6500,15.861272811889648,0.0
ESQ,2020-09-09,16.56999969482422,16.600000381469727,16.125999450683594,16.31999969482422,7800,15.764671325683594,0.0
ESQ,2020-09-10,16.520000457763672,16.559999465942383,15.920000076293945,15.989999771118164,12600,15.445905685424805,0.0
ESQ,2020-09-11,16.170000076293945,16.600000381469727,15.800000190734863,15.930000305175781,23200,15.387948036193848,0.0
ESQ,2020-09-14,16.18000030517578,16.5,15.90999984741211,16.170000076293945,40600,15.619779586791992,0.0
ESQ,2020-09-15,16.299999237060547,16.5,15.979999542236328,15.979999542236328,10600,15.436244010925293,0.0
ESQ,2020-09-16,16.110000610351562,16.434999465942383,16.030000686645508,16.030000686645508,5900,15.484542846679688,0.0
ESQ,2020-09-17,15.84000015258789,16.200000762939453,15.75,15.979999542236328,24100,15.436244010925293,0.0
ESQ,2020-09-18,16.18000030517578,16.325000762939453,15.8149995803833,15.9399995803833,15900,15.39760684967041,0.0
ESQ,2020-09-21,16.020000457763672,16.149999618530273,15.40999984741211,15.569999694824219,17100,15.04019546508789,0.0
ESQ,2020-09-22,16.06999969482422,16.06999969482422,15.3100004196167,15.470000267028809,23300,14.94360065460205,0.0
ESQ,2020-09-23,15.600000381469727,15.600000381469727,14.539999961853027,14.539999961853027,19700,14.045244216918945,0.0
ESQ,2020-09-24,14.569999694824219,14.84000015258789,14.25,14.649999618530273,17100,14.151501655578613,0.0
ESQ,2020-09-25,14.489999771118164,14.90999984741211,14.210000038146973,14.329999923706055,15400,13.842389106750488,0.0
ESQ,2020-09-28,14.5600004196167,15.5,14.0,14.460000038146973,16700,13.967965126037598,0.0
ESQ,2020-09-29,14.579999923706055,14.75,14.479999542236328,14.569999694824219,35800,14.07422161102295,0.0
ESQ,2020-09-30,14.630000114440918,15.079999923706055,14.539999961853027,15.0,14800,14.48958969116211,0.0
ESQ,2020-10-01,15.100000381469727,15.880000114440918,15.100000381469727,15.470000267028809,6900,14.94360065460205,0.0
ESQ,2020-10-02,15.359999656677246,15.430000305175781,15.114999771118164,15.430000305175781,4100,14.904958724975586,0.0
ESQ,2020-10-05,15.510000228881836,15.510000228881836,15.510000228881836,15.510000228881836,2700,14.982237815856934,0.0
ESQ,2020-10-06,16.020000457763672,16.34000015258789,15.765000343322754,15.8100004196167,41000,15.272028923034668,0.0
ESQ,2020-10-07,15.8100004196167,16.6299991607666,15.8100004196167,16.549999237060547,7700,15.986848831176758,0.0
ESQ,2020-10-08,16.5,17.790000915527344,16.5,17.690000534057617,11100,17.08806037902832,0.0
ESQ,2020-10-09,18.040000915527344,18.562000274658203,15.760000228881836,16.700000762939453,36700,16.131744384765625,0.0
ESQ,2020-10-12,16.6200008392334,17.600000381469727,16.482999801635742,17.31999969482422,9800,16.73064613342285,0.0
ESQ,2020-10-13,17.200000762939453,17.850000381469727,15.770000457763672,15.819999694824219,24600,15.281686782836914,0.0
ESQ,2020-10-14,16.100000381469727,16.899999618530273,16.09000015258789,16.639999389648438,4400,16.07378387451172,0.0
ESQ,2020-10-15,16.559999465942383,16.9950008392334,15.75,16.959999084472656,7500,16.382896423339844,0.0
ESQ,2020-10-16,16.760000228881836,17.9950008392334,16.510000228881836,16.510000228881836,7000,15.948211669921875,0.0
ESQ,2020-10-19,16.75,16.75,16.079999923706055,16.079999923706055,1800,15.532843589782715,0.0
ESQ,2020-10-20,16.360000610351562,16.774999618530273,16.280000686645508,16.770000457763672,3900,16.199365615844727,0.0
ESQ,2020-10-21,17.399999618530273,17.399999618530273,17.399999618530273,17.399999618530273,1100,16.80792808532715,0.0
ESQ,2020-10-22,16.777999877929688,17.34000015258789,16.350000381469727,16.829999923706055,13800,16.257320404052734,0.0
ESQ,2020-10-23,16.6200008392334,17.989999771118164,16.6200008392334,17.709999084472656,3900,17.107376098632812,0.0
ESQ,2020-10-26,17.600000381469727,18.0,17.1299991607666,17.1299991607666,7500,16.5471134185791,0.0
ESQ,2020-10-27,17.290000915527344,17.5,16.700000762939453,16.700000762939453,18000,16.131744384765625,0.0
ESQ,2020-10-28,16.649999618530273,16.799999237060547,15.25,15.460000038146973,64000,14.933938026428223,0.0
ESQ,2020-10-29,15.359999656677246,15.920000076293945,15.300000190734863,15.899999618530273,10500,15.358963966369629,0.0
ESQ,2020-10-30,15.800000190734863,16.25,15.529999732971191,15.59000015258789,8000,15.059514999389648,0.0
ESQ,2020-11-02,15.890000343322754,16.985000610351562,15.574999809265137,16.799999237060547,27000,16.22834014892578,0.0
ESQ,2020-11-03,17.1200008392334,18.010000228881836,17.0,17.59000015258789,30500,16.991458892822266,0.0
ESQ,2020-11-04,17.18000030517578,17.440000534057617,16.40999984741211,16.479999542236328,18200,15.919228553771973,0.0
ESQ,2020-11-05,16.489999771118164,16.81999969482422,15.630000114440918,16.149999618530273,9800,15.600460052490234,0.0
ESQ,2020-11-06,16.1200008392334,16.389999389648438,16.0,16.200000762939453,6500,15.648758888244629,0.0
ESQ,2020-11-09,17.790000915527344,18.75,16.920000076293945,17.6200008392334,21600,17.02044105529785,0.0
ESQ,2020-11-10,17.969999313354492,19.0,17.25,19.0,18000,18.353483200073242,0.0
ESQ,2020-11-11,18.889999389648438,18.889999389648438,17.469999313354492,18.389999389648438,6700,17.764238357543945,0.0
ESQ,2020-11-12,18.40999984741211,18.40999984741211,17.09000015258789,17.09000015258789,4600,16.508474349975586,0.0
ESQ,2020-11-13,17.489999771118164,18.040000915527344,17.18000030517578,17.18000030517578,3100,16.595413208007812,0.0
ESQ,2020-11-16,17.729999542236328,18.6200008392334,17.579999923706055,18.299999237060547,14400,17.677297592163086,0.0
ESQ,2020-11-17,18.270000457763672,18.30699920654297,18.0,18.049999237060547,6500,17.435810089111328,0.0
ESQ,2020-11-18,18.420000076293945,18.5,17.729999542236328,17.81999969482422,14600,17.213634490966797,0.0
ESQ,2020-11-19,17.510000228881836,18.989999771118164,17.399999618530273,18.639999389648438,17600,18.00572967529297,0.0
ESQ,2020-11-20,18.25,18.3799991607666,17.84000015258789,18.329999923706055,15800,17.706281661987305,0.0
ESQ,2020-11-23,18.030000686645508,18.610000610351562,17.65999984741211,17.65999984741211,17000,17.0590763092041,0.0
ESQ,2020-11-24,17.950000762939453,18.985000610351562,17.950000762939453,18.600000381469727,13700,17.96709442138672,0.0
ESQ,2020-11-25,18.5,18.829999923706055,18.299999237060547,18.309999465942383,30700,17.68695831298828,0.0
ESQ,2020-11-27,18.200000762939453,18.350000381469727,17.697999954223633,18.299999237060547,4700,17.677297592163086,0.0
ESQ,2020-11-30,18.020000457763672,19.0,17.049999237060547,18.700000762939453,37000,18.063692092895508,0.0
ESQ,2020-12-01,18.8799991607666,18.8799991607666,18.190000534057617,18.190000534057617,6000,17.571044921875,0.0
ESQ,2020-12-02,18.34000015258789,18.75,18.145000457763672,18.600000381469727,163500,17.96709442138672,0.0
ESQ,2020-12-03,18.790000915527344,19.309999465942383,18.40999984741211,18.489999771118164,31700,17.860836029052734,0.0
ESQ,2020-12-04,18.690000534057617,19.0,18.25,18.3700008392334,17100,17.744918823242188,0.0
ESQ,2020-12-07,18.3700008392334,18.559999465942383,17.600000381469727,17.899999618530273,41400,17.29091453552246,0.0
ESQ,2020-12-08,17.700000762939453,19.360000610351562,17.649999618530273,19.020000457763672,17600,18.372802734375,0.0
ESQ,2020-12-09,19.06999969482422,19.950000762939453,18.7549991607666,19.850000381469727,25300,19.174558639526367,0.0
ESQ,2020-12-10,19.489999771118164,19.979999542236328,19.1299991607666,19.809999465942383,8900,19.13591957092285,0.0
ESQ,2020-12-11,19.729999542236328,20.0,19.555999755859375,19.989999771118164,4700,19.309795379638672,0.0
ESQ,2020-12-14,20.0,20.389999389648438,19.5,19.889999389648438,29500,19.213197708129883,0.0
ESQ,2020-12-15,20.0,21.389999389648438,19.690000534057617,21.100000381469727,35700,20.38202476501465,0.0
ESQ,2020-12-16,20.98200035095215,21.709999084472656,20.700000762939453,20.850000381469727,17000,20.140535354614258,0.0
ESQ,2020-12-17,20.71500015258789,21.190000534057617,20.549999237060547,20.829999923706055,3900,20.121212005615234,0.0
ESQ,2020-12-18,20.75,20.75,20.174999237060547,20.75,45400,20.043928146362305,0.0
ESQ,2020-12-21,20.600000381469727,20.799999237060547,19.700000762939453,19.700000762939453,9000,19.0296630859375,0.0
ESQ,2020-12-22,19.600000381469727,19.600000381469727,18.82200050354004,19.479999542236328,5900,18.81714630126953,0.0
ESQ,2020-12-23,19.530000686645508,20.0,19.190000534057617,19.850000381469727,4700,19.174558639526367,0.0
ESQ,2020-12-24,19.450000762939453,19.489999771118164,19.170000076293945,19.25,5500,18.5949764251709,0.0
ESQ,2020-12-28,19.610000610351562,19.610000610351562,19.049999237060547,19.149999618530273,4100,18.49837875366211,0.0
ESQ,2020-12-29,19.100000381469727,19.3700008392334,19.100000381469727,19.3700008392334,4000,18.710893630981445,0.0
ESQ,2020-12-30,19.299999237060547,19.40999984741211,19.299999237060547,19.40999984741211,1800,18.749530792236328,0.0
ESQ,2020-12-31,19.34000015258789,19.5,19.190000534057617,19.190000534057617,7200,18.537017822265625,0.0
ESQ,2021-01-04,19.299999237060547,19.440000534057617,18.469999313354492,18.700000762939453,12200,18.063692092895508,0.0
ESQ,2021-01-05,18.899999618530273,19.690000534057617,18.899999618530273,19.200000762939453,9300,18.54667854309082,0.0
ESQ,2021-01-06,19.709999084472656,21.899999618530273,19.709999084472656,20.739999771118164,13700,20.034276962280273,0.0
ESQ,2021-01-07,20.8799991607666,21.639999389648438,20.8799991607666,21.059999465942383,13400,20.343385696411133,0.0
ESQ,2021-01-08,21.18400001525879,22.0,20.420000076293945,21.8700008392334,33200,21.125825881958008,0.0
ESQ,2021-01-11,21.329999923706055,24.139999389648438,21.280000686645508,21.729999542236328,26400,20.990583419799805,0.0
ESQ,2021-01-12,21.110000610351562,23.760000228881836,21.09000015258789,22.049999237060547,16600,21.299697875976562,0.0
ESQ,2021-01-13,22.89900016784668,22.89900016784668,21.19499969482422,21.299999237060547,21200,20.575218200683594,0.0
ESQ,2021-01-14,21.399999618530273,21.594999313354492,20.520000457763672,20.959999084472656,28400,20.246789932250977,0.0
ESQ,2021-01-15,20.399999618530273,23.110000610351562,19.34000015258789,22.5,36300,21.734384536743164,0.0
ESQ,2021-01-19,23.010000228881836,23.469999313354492,22.114999771118164,22.65999984741211,63000,21.88894271850586,0.0
ESQ,2021-01-20,23.559999465942383,23.700000762939453,21.975000381469727,23.350000381469727,30100,22.555461883544922,0.0
ESQ,2021-01-21,21.75,23.735000610351562,21.75,23.600000381469727,42400,22.79695701599121,0.0
ESQ,2021-01-22,23.399999618530273,25.100000381469727,22.760000228881836,25.100000381469727,75400,24.24591636657715,0.0
ESQ,2021-01-25,24.600000381469727,26.790000915527344,23.729999542236328,24.540000915527344,46300,23.704967498779297,0.0
ESQ,2021-01-26,23.389999389648438,25.440000534057617,23.389999389648438,25.0,41200,24.14931869506836,0.0
ESQ,2021-01-27,24.15999984741211,25.489999771118164,22.959999084472656,23.540000915527344,64500,22.73900032043457,0.0
ESQ,2021-01-28,23.920000076293945,23.920000076293945,22.309999465942383,22.309999465942383,22200,21.550851821899414,0.0
ESQ,2021-01-29,22.299999237060547,22.299999237060547,21.010000228881836,22.079999923706055,39200,21.328678131103516,0.0
ESQ,2021-02-01,22.100000381469727,22.610000610351562,21.510000228881836,21.760000228881836,8800,21.019569396972656,0.0
ESQ,2021-02-02,22.100000381469727,23.15999984741211,22.010000228881836,22.06999969482422,20200,21.319015502929688,0.0
ESQ,2021-02-03,22.280000686645508,22.280000686645508,21.510000228881836,21.559999465942383,8400,20.826372146606445,0.0
ESQ,2021-02-04,22.145000457763672,22.459999084472656,21.875,21.950000762939453,12800,21.20310401916504,0.0
ESQ,2021-02-05,22.5,22.899999618530273,21.989999771118164,22.899999618530273,7700,22.120773315429688,0.0
ESQ,2021-02-08,23.010000228881836,23.450000762939453,22.75,23.110000610351562,15100,22.323631286621094,0.0
ESQ,2021-02-09,22.84000015258789,23.270000457763672,22.84000015258789,22.8700008392334,6300,22.091798782348633,0.0
ESQ,2021-02-10,22.899999618530273,23.110000610351562,22.360000610351562,22.610000610351562,8000,21.84064483642578,0.0
ESQ,2021-02-11,22.43000030517578,23.389999389648438,22.43000030517578,23.110000610351562,17500,22.323631286621094,0.0
ESQ,2021-02-12,23.149999618530273,24.049999237060547,22.760000228881836,22.979999542236328,15800,22.198055267333984,0.0
ESQ,2021-02-16,23.799999237060547,23.850000381469727,22.850000381469727,23.399999618530273,12900,22.603761672973633,0.0
ESQ,2021-02-17,23.290000915527344,23.690000534057617,23.010000228881836,23.010000228881836,11200,22.22702980041504,0.0
ESQ,2021-02-18,23.020000457763672,23.020000457763672,22.270000457763672,22.350000381469727,18100,21.589488983154297,0.0
ESQ,2021-02-19,22.299999237060547,23.0,22.209999084472656,22.450000762939453,14200,21.68609046936035,0.0
ESQ,2021-02-22,22.290000915527344,23.0,22.25,22.709999084472656,12000,21.937238693237305,0.0
ESQ,2021-02-23,22.649999618530273,23.0,22.329999923706055,22.350000381469727,7500,21.589488983154297,0.0
ESQ,2021-02-24,22.969999313354492,23.0,22.760000228881836,22.760000228881836,8600,21.985538482666016,0.0
ESQ,2021-02-25,22.950000762939453,23.0,22.25,22.25,16600,21.492891311645508,0.0
ESQ,2021-02-26,22.299999237060547,22.969999313354492,22.25,22.31999969482422,39700,21.560510635375977,0.0
ESQ,2021-03-01,22.889999389648438,22.95199966430664,22.40999984741211,22.774999618530273,9100,22.000024795532227,0.0
ESQ,2021-03-02,22.559999465942383,22.780000686645508,22.270000457763672,22.540000915527344,6300,21.773027420043945,0.0
ESQ,2021-03-03,22.75,23.65999984741211,22.5,23.309999465942383,19400,22.51682472229004,0.0
ESQ,2021-03-04,23.34000015258789,24.25,22.81999969482422,24.149999618530273,18200,23.32823944091797,0.0
ESQ,2021-03-05,24.34000015258789,25.729999542236328,23.905000686645508,25.549999237060547,20600,24.68060302734375,0.0
ESQ,2021-03-08,25.770000457763672,25.770000457763672,24.454999923706055,25.100000381469727,19400,24.24591636657715,0.0
ESQ,2021-03-09,25.200000762939453,25.950000762939453,24.709999084472656,25.950000762939453,6800,25.066991806030273,0.0
ESQ,2021-03-10,25.75,26.040000915527344,25.65999984741211,26.0,14100,25.115293502807617,0.0
ESQ,2021-03-11,25.850000381469727,26.0,25.440000534057617,25.649999618530273,24100,24.777202606201172,0.0
ESQ,2021-03-12,25.614999771118164,25.700000762939453,25.450000762939453,25.700000762939453,8600,24.82550048828125,0.0
ESQ,2021-03-15,25.700000762939453,25.719999313354492,24.364999771118164,24.690000534057617,18300,23.849864959716797,0.0
ESQ,2021-03-16,24.469999313354492,24.80900001525879,24.0,24.09000015258789,8600,23.27028465270996,0.0
ESQ,2021-03-17,24.010000228881836,24.010000228881836,23.809999465942383,23.920000076293945,14300,23.106067657470703,0.0
ESQ,2021-03-18,24.375,25.110000610351562,24.0,24.020000457763672,46600,23.202667236328125,0.0
ESQ,2021-03-19,24.0,24.420000076293945,24.0,24.100000381469727,84300,23.279943466186523,0.0
ESQ,2021-03-22,23.850000381469727,23.899999618530273,22.600000381469727,23.450000762939453,32800,22.652061462402344,0.0
ESQ,2021-03-23,23.18000030517578,23.514999389648438,22.610000610351562,23.360000610351562,18000,22.565126419067383,0.0
ESQ,2021-03-24,23.389999389648438,24.040000915527344,22.850000381469727,22.850000381469727,12100,22.072477340698242,0.0
ESQ,2021-03-25,22.700000762939453,23.440000534057617,22.5,23.440000534057617,13800,22.642396926879883,0.0
ESQ,2021-03-26,23.709999084472656,23.709999084472656,22.969999313354492,23.010000228881836,13400,22.22702980041504,0.0
ESQ,2021-03-29,23.010000228881836,23.68000030517578,22.950000762939453,22.950000762939453,11700,22.169076919555664,0.0
ESQ,2021-03-30,23.170000076293945,23.170000076293945,22.799999237060547,22.850000381469727,5600,22.072477340698242,0.0
ESQ,2021-03-31,23.3700008392334,23.399999618530273,22.799999237060547,22.809999465942383,7600,22.03384017944336,0.0
ESQ,2021-04-01,23.100000381469727,23.34000015258789,23.020000457763672,23.34000015258789,9100,22.545804977416992,0.0
ESQ,2021-04-05,23.079999923706055,23.114999771118164,22.799999237060547,23.0,15900,22.21737289428711,0.0
ESQ,2021-04-06,23.219999313354492,23.219999313354492,22.899999618530273,22.969999313354492,4700,22.188392639160156,0.0
ESQ,2021-04-07,22.850000381469727,23.024999618530273,22.850000381469727,22.860000610351562,19300,22.082138061523438,0.0
ESQ,2021-04-08,23.010000228881836,23.20800018310547,22.899999618530273,23.18000030517578,7300,22.39124870300293,0.0
ESQ,2021-04-09,23.200000762939453,23.559999465942383,22.15999984741211,22.989999771118164,30600,22.207712173461914,0.0
ESQ,2021-04-12,22.885000228881836,22.90999984741211,22.799999237060547,22.829999923706055,10300,22.05315399169922,0.0
ESQ,2021-04-13,22.799999237060547,22.989999771118164,22.700000762939453,22.829999923706055,7900,22.05315399169922,0.0
ESQ,2021-04-14,22.7450008392334,23.09000015258789,22.7450008392334,22.8799991607666,3100,22.101457595825195,0.0
ESQ,2021-04-15,23.18000030517578,23.479999542236328,22.809999465942383,23.1200008392334,20100,22.333290100097656,0.0
ESQ,2021-04-16,23.3799991607666,24.489999771118164,22.899999618530273,23.8700008392334,23900,23.05776596069336,0.0
ESQ,2021-04-19,23.989999771118164,23.989999771118164,22.809999465942383,22.81999969482422,17500,22.043498992919922,0.0
ESQ,2021-04-20,23.0,23.049999237060547,22.799999237060547,22.899999618530273,26300,22.120773315429688,0.0
ESQ,2021-04-21,23.420000076293945,23.420000076293945,22.799999237060547,22.809999465942383,9300,22.03384017944336,0.0
ESQ,2021-04-22,22.979999542236328,23.8700008392334,22.940000534057617,23.0,22800,22.21737289428711,0.0
ESQ,2021-04-23,23.68000030517578,24.139999389648438,23.010000228881836,23.110000610351562,24200,22.323631286621094,0.0
ESQ,2021-04-26,23.350000381469727,25.0,23.100000381469727,23.479999542236328,18400,22.681039810180664,0.0
ESQ,2021-04-27,23.469999313354492,23.649999618530273,23.0,23.0,15900,22.21737289428711,0.0
ESQ,2021-04-28,23.0,23.400999069213867,22.899999618530273,22.90999984741211,30100,22.13043785095215,0.0
ESQ,2021-04-29,22.989999771118164,23.863000869750977,22.899999618530273,23.040000915527344,16600,22.256011962890625,0.0
ESQ,2021-04-30,22.950000762939453,23.579999923706055,22.899999618530273,22.950000762939453,34900,22.169076919555664,0.0
ESQ,2021-05-03,23.040000915527344,23.65999984741211,23.0,23.139999389648438,23100,22.35260772705078,0.0
ESQ,2021-05-04,23.0,23.363000869750977,22.950000762939453,23.0,19900,22.21737289428711,0.0
ESQ,2021-05-05,23.059999465942383,23.426000595092773,22.950000762939453,23.06999969482422,32300,22.284990310668945,0.0
ESQ,2021-05-06,23.100000381469727,23.639999389648438,22.899999618530273,23.0,17900,22.21737289428711,0.0
ESQ,2021-05-07,22.809999465942383,23.253999710083008,22.600000381469727,23.020000457763672,29200,22.2366943359375,0.0
ESQ,2021-05-10,23.0,23.260000228881836,23.0,23.135000228881836,15000,22.3477783203125,0.0
ESQ,2021-05-11,22.8700008392334,23.549999237060547,22.8700008392334,22.90999984741211,11500,22.13043785095215,0.0
ESQ,2021-05-12,22.90999984741211,23.701000213623047,22.90999984741211,22.920000076293945,23600,22.140092849731445,0.0
ESQ,2021-05-13,23.170000076293945,23.600000381469727,22.90999984741211,23.530000686645508,18000,22.72934341430664,0.0
ESQ,2021-05-14,23.200000762939453,23.809999465942383,23.049999237060547,23.3799991607666,10800,22.584442138671875,0.0
ESQ,2021-05-17,23.209999084472656,23.65999984741211,23.209999084472656,23.65999984741211,2900,22.85491371154785,0.0
ESQ,2021-05-18,23.209999084472656,24.440000534057617,23.209999084472656,24.0,20300,23.183347702026367,0.0
ESQ,2021-05-19,23.25,24.639999389648438,23.170000076293945,23.700000762939453,20700,22.8935546875,0.0
ESQ,2021-05-20,23.684999465942383,24.479999542236328,23.110000610351562,24.3700008392334,33400,23.54075813293457,0.0
ESQ,2021-05-21,24.31999969482422,24.610000610351562,24.0,24.100000381469727,17400,23.279943466186523,0.0
ESQ,2021-05-24,24.030000686645508,24.59000015258789,23.899999618530273,24.510000228881836,14200,23.67599105834961,0.0
ESQ,2021-05-25,24.489999771118164,24.600000381469727,23.93000030517578,24.25,19300,23.424837112426758,0.0
ESQ,2021-05-26,24.454999923706055,24.5,24.1200008392334,24.309999465942383,10000,23.4827938079834,0.0
ESQ,2021-05-27,24.790000915527344,24.799999237060547,24.25,24.739999771118164,10000,23.89816665649414,0.0
ESQ,2021-05-28,24.739999771118164,24.75,24.399999618530273,24.6299991607666,8100,23.791908264160156,0.0
ESQ,2021-06-01,24.469999313354492,25.739999771118164,24.360000610351562,25.34000015258789,33000,24.47774887084961,0.0
ESQ,2021-06-02,24.65999984741211,25.450000762939453,24.510000228881836,25.0,23300,24.14931869506836,0.0
ESQ,2021-06-03,25.010000228881836,25.454999923706055,24.795000076293945,25.0,17200,24.14931869506836,0.0
ESQ,2021-06-04,25.239999771118164,25.239999771118164,24.860000610351562,25.010000228881836,11200,24.158979415893555,0.0
ESQ,2021-06-07,24.93000030517578,25.510000228881836,24.219999313354492,24.75,26100,23.907825469970703,0.0
ESQ,2021-06-08,24.899999618530273,25.190000534057617,24.809999465942383,25.0,52400,24.14931869506836,0.0
ESQ,2021-06-09,24.520000457763672,25.389999389648438,24.309999465942383,25.110000610351562,22400,24.255577087402344,0.0
ESQ,2021-06-10,25.239999771118164,25.239999771118164,24.90999984741211,25.030000686645508,11700,24.178295135498047,0.0
ESQ,2021-06-11,24.920000076293945,25.139999389648438,24.920000076293945,25.0,7900,24.14931869506836,0.0
ESQ,2021-06-14,25.31999969482422,25.354999542236328,23.760000228881836,24.420000076293945,28200,23.589054107666016,0.0
ESQ,2021-06-15,24.15999984741211,24.7450008392334,24.15999984741211,24.399999618530273,19300,23.56973648071289,0.0
ESQ,2021-06-16,24.520000457763672,25.149999618530273,24.360000610351562,24.81999969482422,28700,23.97544288635254,0.0
ESQ,2021-06-17,24.950000762939453,25.219999313354492,23.81999969482422,23.81999969482422,29300,23.009469985961914,0.0
ESQ,2021-06-18,23.90999984741211,24.479999542236328,23.440000534057617,23.780000686645508,36000,22.97083282470703,0.0
ESQ,2021-06-21,23.729999542236328,25.209999084472656,23.579999923706055,23.719999313354492,40700,22.912872314453125,0.0
ESQ,2021-06-22,23.850000381469727,24.190000534057617,23.780000686645508,24.059999465942383,31500,23.241304397583008,0.0
ESQ,2021-06-23,26.018999099731445,26.018999099731445,23.899999618530273,24.040000915527344,40600,23.221981048583984,0.0
ESQ,2021-06-24,24.079999923706055,24.125,23.790000915527344,24.059999465942383,93000,23.241304397583008,0.0
ESQ,2021-06-25,24.030000686645508,24.149999618530273,23.780000686645508,23.950000762939453,884800,23.135051727294922,0.0
ESQ,2021-06-28,24.049999237060547,24.354999542236328,23.399999618530273,23.65999984741211,140800,22.85491371154785,0.0
ESQ,2021-06-29,23.690000534057617,23.979999542236328,23.600000381469727,23.700000762939453,34200,22.8935546875,0.0
ESQ,2021-06-30,23.950000762939453,24.469999313354492,23.700000762939453,23.700000762939453,32200,22.8935546875,0.0
ESQ,2021-07-01,23.799999237060547,23.8799991607666,23.65999984741211,23.809999465942383,24800,22.99980926513672,0.0
ESQ,2021-07-02,23.799999237060547,23.920000076293945,23.799999237060547,23.809999465942383,11900,22.99980926513672,0.0
ESQ,2021-07-06,24.06999969482422,24.06999969482422,23.6299991607666,23.780000686645508,13000,22.97083282470703,0.0
ESQ,2021-07-07,24.100000381469727,24.100000381469727,23.280000686645508,23.450000762939453,27500,22.652061462402344,0.0
ESQ,2021-07-08,23.25,23.299999237060547,23.15999984741211,23.170000076293945,33600,22.3815860748291,0.0
ESQ,2021-07-09,23.18000030517578,23.584999084472656,22.950000762939453,23.18000030517578,58900,22.39124870300293,0.0
ESQ,2021-07-12,23.239999771118164,23.540000915527344,23.239999771118164,23.479999542236328,21500,22.681039810180664,0.0
ESQ,2021-07-13,23.25,23.780000686645508,23.1299991607666,23.5,11500,22.700361251831055,0.0
ESQ,2021-07-14,23.75,24.229999542236328,23.690000534057617,23.799999237060547,9900,22.99015235900879,0.0
ESQ,2021-07-15,23.7189998626709,24.31999969482422,23.540000915527344,23.920000076293945,8000,23.106067657470703,0.0
ESQ,2021-07-16,23.93000030517578,24.610000610351562,23.700000762939453,23.700000762939453,9400,22.8935546875,0.0
ESQ,2021-07-19,23.520000457763672,23.790000915527344,22.959999084472656,22.959999084472656,16900,22.178733825683594,0.0
ESQ,2021-07-20,23.049999237060547,24.65999984741211,23.049999237060547,23.329999923706055,22500,22.53614044189453,0.0
ESQ,2021-07-21,23.5,23.670000076293945,23.5,23.579999923706055,3700,22.777633666992188,0.0
ESQ,2021-07-22,24.200000762939453,24.200000762939453,23.34000015258789,23.399999618530273,4700,22.603761672973633,0.0
ESQ,2021-07-23,23.6299991607666,23.860000610351562,23.459999084472656,23.760000228881836,6100,22.951507568359375,0.0
ESQ,2021-07-26,23.760000228881836,23.8799991607666,23.5,23.8799991607666,23000,23.067426681518555,0.0
ESQ,2021-07-27,24.145000457763672,25.045000076293945,24.003000259399414,24.40999984741211,30400,23.57939338684082,0.0
ESQ,2021-07-28,24.31999969482422,24.65999984741211,24.079999923706055,24.170000076293945,7700,23.347564697265625,0.0
ESQ,2021-07-29,24.079999923706055,25.0,24.079999923706055,24.549999237060547,25600,23.714632034301758,0.0
ESQ,2021-07-30,24.329999923706055,24.809999465942383,24.049999237060547,24.1299991607666,28000,23.308923721313477,0.0
ESQ,2021-08-02,24.25,24.514999389648438,23.8799991607666,24.0,19800,23.183347702026367,0.0
ESQ,2021-08-03,24.040000915527344,24.65999984741211,23.899999618530273,24.200000762939453,11000,23.376537322998047,0.0
ESQ,2021-08-04,24.079999923706055,24.479999542236328,24.079999923706055,24.09000015258789,4600,23.27028465270996,0.0
ESQ,2021-08-05,24.190000534057617,25.239999771118164,24.170000076293945,24.75,8500,23.907825469970703,0.0
ESQ,2021-08-06,24.690000534057617,25.049999237060547,24.56999969482422,24.969999313354492,24300,24.120336532592773,0.0
ESQ,2021-08-09,25.0,25.0,24.649999618530273,24.979999542236328,5200,24.1299991607666,0.0
ESQ,2021-08-10,24.729999542236328,25.09000015258789,24.690000534057617,25.06999969482422,36000,24.216936111450195,0.0
ESQ,2021-08-11,24.770000457763672,25.360000610351562,24.770000457763672,25.360000610351562,27600,24.497068405151367,0.0
ESQ,2021-08-12,25.3799991607666,25.889999389648438,25.1200008392334,25.81999969482422,13900,24.941415786743164,0.0
ESQ,2021-08-13,25.860000610351562,25.8799991607666,25.739999771118164,25.739999771118164,2300,24.864137649536133,0.0
ESQ,2021-08-16,25.899999618530273,26.0,25.440000534057617,25.899999618530273,26100,25.01869010925293,0.0
ESQ,2021-08-17,25.950000762939453,26.020000457763672,25.579999923706055,25.579999923706055,45700,24.70958137512207,0.0
ESQ,2021-08-18,25.920000076293945,26.0,25.7450008392334,25.979999542236328,26200,25.09597396850586,0.0
ESQ,2021-08-19,25.950000762939453,26.100000381469727,25.549999237060547,26.09000015258789,17500,25.20223045349121,0.0
ESQ,2021-08-20,25.969999313354492,26.0,25.924999237060547,26.0,14100,25.115293502807617,0.0
ESQ,2021-08-23,26.0,26.0,25.920000076293945,25.940000534057617,17000,25.05733299255371,0.0
ESQ,2021-08-24,25.79599952697754,26.010000228881836,25.624000549316406,25.93000030517578,14200,25.047670364379883,0.0
ESQ,2021-08-25,27.25,27.25,25.8799991607666,25.8799991607666,31100,24.999372482299805,0.0
ESQ,2021-08-26,25.899999618530273,26.020000457763672,25.579999923706055,26.020000457763672,21500,25.134613037109375,0.0
ESQ,2021-08-27,25.979999542236328,26.15999984741211,25.90999984741211,25.969999313354492,20400,25.08631134033203,0.0
ESQ,2021-08-30,26.030000686645508,26.030000686645508,25.770000457763672,25.8799991607666,8000,24.999372482299805,0.0
ESQ,2021-08-31,25.799999237060547,26.0,25.79800033569336,26.0,9600,25.115293502807617,0.0
ESQ,2021-09-01,26.0,27.260000228881836,25.899999618530273,26.6200008392334,38200,25.714197158813477,0.0
ESQ,2021-09-02,26.889999389648438,27.8799991607666,26.75,26.93000030517578,52700,26.01364517211914,0.0
ESQ,2021-09-03,27.010000228881836,27.280000686645508,27.010000228881836,27.280000686645508,12300,26.351741790771484,0.0
ESQ,2021-09-07,26.93000030517578,27.809999465942383,26.93000030517578,27.399999618530273,25900,26.467653274536133,0.0
ESQ,2021-09-08,27.510000228881836,27.790000915527344,27.100000381469727,27.600000381469727,19400,26.660844802856445,0.0
ESQ,2021-09-09,27.350000381469727,27.729999542236328,26.75,27.25,23700,26.322755813598633,0.0
ESQ,2021-09-10,27.06999969482422,27.200000762939453,26.739999771118164,26.989999771118164,20200,26.07160186767578,0.0
ESQ,2021-09-13,27.0,27.25,26.389999389648438,27.1200008392334,30200,26.197185516357422,0.0
ESQ,2021-09-14,26.979999542236328,27.459999084472656,26.979999542236328,27.09000015258789,16100,26.168201446533203,0.0
ESQ,2021-09-15,26.899999618530273,27.329999923706055,26.81999969482422,27.079999923706055,25700,26.158540725708008,0.0
ESQ,2021-09-16,26.979999542236328,27.299999237060547,26.920000076293945,27.190000534057617,15400,26.26479721069336,0.0
ESQ,2021-09-17,27.190000534057617,27.389999389648438,26.889999389648438,27.389999389648438,11300,26.457996368408203,0.0
ESQ,2021-09-20,27.1200008392334,27.1200008392334,26.059999465942383,26.3799991607666,113600,25.482358932495117,0.0
ESQ,2021-09-21,26.3799991607666,26.65999984741211,26.09000015258789,26.15999984741211,34600,25.26984214782715,0.0
ESQ,2021-09-22,26.5,27.299999237060547,26.25,27.260000228881836,20500,26.33241844177246,0.0
ESQ,2021-09-23,27.0,27.549999237060547,26.899999618530273,27.170000076293945,41700,26.245479583740234,0.0
ESQ,2021-09-24,27.0,27.450000762939453,26.899999618530273,27.149999618530273,51500,26.22616195678711,0.0
ESQ,2021-09-27,27.139999389648438,27.969999313354492,27.100000381469727,27.84000015258789,25100,26.892684936523438,0.0
ESQ,2021-09-28,27.8700008392334,29.399999618530273,27.610000610351562,28.520000457763672,42600,27.549541473388672,0.0
ESQ,2021-09-29,29.18000030517578,29.893999099731445,28.68000030517578,28.799999237060547,12400,27.820009231567383,0.0
ESQ,2021-09-30,29.079999923706055,29.6299991607666,28.389999389648438,28.65999984741211,10100,27.684778213500977,0.0
ESQ,2021-10-01,28.969999313354492,29.485000610351562,28.809999465942383,29.1200008392334,9200,28.129127502441406,0.0
ESQ,2021-10-04,29.190000534057617,30.389999389648438,29.104999542236328,29.899999618530273,91000,28.882585525512695,0.0
ESQ,2021-10-05,30.059999465942383,30.5,29.760000228881836,30.5,2500,29.462167739868164,0.0
ESQ,2021-10-06,30.1299991607666,30.219999313354492,29.760000228881836,30.219999313354492,15300,29.191694259643555,0.0
ESQ,2021-10-07,30.440000534057617,30.8799991607666,30.440000534057617,30.670000076293945,6600,29.626384735107422,0.0
ESQ,2021-10-08,30.858999252319336,31.0,30.829999923706055,31.0,4500,29.945154190063477,0.0
ESQ,2021-10-11,31.510000228881836,32.22999954223633,31.260000228881836,32.029998779296875,18400,30.94010353088379,0.0
ESQ,2021-10-12,32.310001373291016,33.26499938964844,31.600000381469727,32.709999084472656,19700,31.596965789794922,0.0
ESQ,2021-10-13,31.139999389648438,32.599998474121094,31.139999389648438,32.599998474121094,9200,31.49070930480957,0.0
ESQ,2021-10-14,32.9900016784668,34.0,32.79999923706055,33.290000915527344,21100,32.1572380065918,0.0
ESQ,2021-10-15,33.29999923706055,33.400001525878906,31.8700008392334,32.43000030517578,35500,31.326499938964844,0.0
ESQ,2021-10-18,32.11000061035156,32.11000061035156,31.700000762939453,31.899999618530273,3600,30.814529418945312,0.0
ESQ,2021-10-19,31.920000076293945,32.369998931884766,30.790000915527344,31.690000534057617,10100,30.61167335510254,0.0
ESQ,2021-10-20,31.399999618530273,31.5,31.0,31.399999618530273,5900,30.331546783447266,0.0
ESQ,2021-10-21,31.229999542236328,31.860000610351562,30.200000762939453,31.530000686645508,7600,30.45711898803711,0.0
ESQ,2021-10-22,31.5,31.950000762939453,31.459999084472656,31.950000762939453,2300,30.862831115722656,0.0
ESQ,2021-10-25,31.700000762939453,31.871000289916992,31.100000381469727,31.559999465942383,11900,30.486101150512695,0.0
ESQ,2021-10-26,31.459999084472656,31.950000762939453,30.84000015258789,31.6299991607666,17200,30.55371856689453,0.0
ESQ,2021-10-27,31.350000381469727,31.600000381469727,31.174999237060547,31.469999313354492,6200,30.399158477783203,0.0
ESQ,2021-10-28,31.399999618530273,31.950000762939453,31.309999465942383,31.809999465942383,41700,30.727596282958984,0.0
ESQ,2021-10-29,31.760000228881836,32.369998931884766,31.264999389648438,31.979999542236328,29200,30.89181137084961,0.0
ESQ,2021-11-01,32.0,33.900001525878906,31.979999542236328,33.66999816894531,30100,32.52429962158203,0.0
ESQ,2021-11-02,33.38999938964844,33.38999938964844,31.709999084472656,32.29999923706055,9500,31.20092010498047,0.0
ESQ,2021-11-03,31.829999923706055,33.60100173950195,31.25,32.650001525878906,307300,31.539012908935547,0.0
ESQ,2021-11-04,32.81999969482422,33.63999938964844,32.81999969482422,33.38999938964844,30200,32.25382995605469,0.0
ESQ,2021-11-05,33.70000076293945,33.900001525878906,32.362998962402344,33.68000030517578,8500,32.533958435058594,0.0
ESQ,2021-11-08,33.65999984741211,33.65999984741211,32.349998474121094,33.63999938964844,4300,32.495323181152344,0.0
ESQ,2021-11-09,33.5,33.880001068115234,32.7400016784668,33.619998931884766,19200,32.47600173950195,0.0
ESQ,2021-11-10,33.314998626708984,34.900001525878906,33.29999923706055,34.900001525878906,39500,33.71244430541992,0.0
ESQ,2021-11-11,34.849998474121094,36.52000045776367,34.849998474121094,36.06999969482422,35900,34.84263229370117,0.0
ESQ,2021-11-12,36.380001068115234,36.5,35.31999969482422,36.220001220703125,27500,34.9875373840332,0.0
ESQ,2021-11-15,36.65999984741211,37.5099983215332,36.2599983215332,36.97999954223633,23200,35.72167205810547,0.0
ESQ,2021-11-16,36.41999816894531,36.41999816894531,35.03300094604492,35.099998474121094,10800,33.905643463134766,0.0
ESQ,2021-11-17,36.19300079345703,36.19300079345703,34.369998931884766,34.900001525878906,5200,33.71244430541992,0.0
ESQ,2021-11-18,35.2599983215332,35.34000015258789,34.70000076293945,35.02000045776367,2600,33.828372955322266,0.0
ESQ,2021-11-19,34.58000183105469,34.75,34.11399841308594,34.619998931884766,2200,33.44197463989258,0.0
ESQ,2021-11-22,34.79999923706055,35.20000076293945,34.45000076293945,35.0,11600,33.80904769897461,0.0
ESQ,2021-11-23,35.119998931884766,35.34000015258789,34.70399856567383,35.0,15300,33.80904769897461,0.0
ESQ,2021-11-24,34.779998779296875,35.04999923706055,34.5,35.04999923706055,8500,33.85734558105469,0.0
ESQ,2021-11-26,34.0,35.17499923706055,34.0,35.099998474121094,2700,33.905643463134766,0.0
ESQ,2021-11-29,35.0,35.02000045776367,33.5,33.810001373291016,11000,32.6595458984375,0.0
ESQ,2021-11-30,33.90999984741211,34.25,31.549999237060547,33.0099983215332,15500,31.886760711669922,0.0
ESQ,2021-12-01,33.06999969482422,33.70000076293945,31.65999984741211,32.0,22100,30.911128997802734,0.0
ESQ,2021-12-02,31.770000457763672,32.41999816894531,31.25,31.600000381469727,52100,30.524738311767578,0.0
ESQ,2021-12-03,31.829999923706055,32.119998931884766,30.510000228881836,31.190000534057617,21800,30.12868881225586,0.0
ESQ,2021-12-06,31.079999923706055,31.540000915527344,29.700000762939453,31.1200008392334,46500,30.061073303222656,0.0
ESQ,2021-12-07,31.059999465942383,32.0,30.450000762939453,31.280000686645508,26900,30.215625762939453,0.0
ESQ,2021-12-08,31.40999984741211,31.545000076293945,30.229999542236328,31.5,21200,30.428138732910156,0.0
ESQ,2021-12-09,31.5,31.510000228881836,30.920000076293945,31.040000915527344,9700,29.98379135131836,0.0
ESQ,2021-12-10,31.399999618530273,31.399999618530273,30.450000762939453,31.0,22400,29.945154190063477,0.0
ESQ,2021-12-13,30.540000915527344,31.25,29.450000762939453,29.450000762939453,39800,28.447895050048828,0.0
ESQ,2021-12-14,29.790000915527344,30.0,29.219999313354492,29.75,26700,28.737689971923828,0.0
ESQ,2021-12-15,30.884000778198242,30.884000778198242,28.8700008392334,30.059999465942383,47500,29.037139892578125,0.0
ESQ,2021-12-16,30.469999313354492,31.700000762939453,28.90999984741211,30.59000015258789,104400,29.54910659790039,0.0
ESQ,2021-12-17,30.84000015258789,31.43000030517578,30.25,31.290000915527344,37200,30.22528839111328,0.0
ESQ,2021-12-20,30.709999084472656,31.100000381469727,30.299999237060547,31.100000381469727,16400,30.041751861572266,0.0
ESQ,2021-12-21,31.969999313354492,32.26499938964844,31.09000015258789,31.600000381469727,20600,30.524738311767578,0.0
ESQ,2021-12-22,31.309999465942383,32.0,31.239999771118164,31.3700008392334,4000,30.302568435668945,0.0
ESQ,2021-12-23,31.56999969482422,31.56999969482422,31.260000228881836,31.31999969482422,1900,30.2542667388916,0.0
ESQ,2021-12-27,31.649999618530273,32.2400016784668,31.020000457763672,31.200000762939453,14600,30.138351440429688,0.0
ESQ,2021-12-28,31.68000030517578,31.68000030517578,30.65999984741211,31.479999542236328,21600,30.4088191986084,0.0
ESQ,2021-12-29,31.1200008392334,32.0,31.100000381469727,31.5,14900,30.428138732910156,0.0
ESQ,2021-12-30,31.690000534057617,32.310001373291016,31.219999313354492,31.479999542236328,18000,30.4088191986084,0.0
ESQ,2021-12-31,31.59000015258789,32.02000045776367,31.010000228881836,31.5,9300,30.428138732910156,0.0
ESQ,2022-01-03,31.959999084472656,33.709999084472656,31.59000015258789,31.899999618530273,11700,30.814529418945312,0.0
ESQ,2022-01-04,32.56999969482422,33.470001220703125,32.0890007019043,32.529998779296875,35500,31.423091888427734,0.0
ESQ,2022-01-05,33.099998474121094,33.375,32.099998474121094,32.81999969482422,31800,31.70322036743164,0.0
ESQ,2022-01-06,34.375,34.375,32.11000061035156,33.0,7900,31.877099990844727,0.0
ESQ,2022-01-07,33.369998931884766,34.685001373291016,32.790000915527344,33.7599983215332,24400,32.611244201660156,0.0
ESQ,2022-01-10,33.290000915527344,34.415000915527344,32.297000885009766,34.31999969482422,12500,33.15217971801758,0.0
ESQ,2022-01-11,34.36000061035156,34.900001525878906,33.70000076293945,34.83000183105469,11400,33.644832611083984,0.0
ESQ,2022-01-12,34.52000045776367,35.46500015258789,34.38999938964844,34.75,40500,33.56755447387695,0.0
ESQ,2022-01-13,34.849998474121094,35.25,34.4900016784668,34.939998626708984,18700,33.75107955932617,0.0
ESQ,2022-01-14,34.834999084472656,34.834999084472656,34.0,34.459999084472656,13600,33.28742218017578,0.0
ESQ,2022-01-18,34.2400016784668,35.117000579833984,33.5099983215332,34.22999954223633,18600,33.065242767333984,0.0
ESQ,2022-01-19,34.70000076293945,34.70000076293945,32.000999450683594,32.79999923706055,27100,31.68390655517578,0.0
ESQ,2022-01-20,32.41999816894531,33.5,32.15999984741211,32.22999954223633,16100,31.133302688598633,0.0
ESQ,2022-01-21,32.5,33.625,32.29999923706055,33.439998626708984,6500,32.302127838134766,0.0
ESQ,2022-01-24,33.5,33.5,32.0,32.52000045776367,14600,31.413427352905273,0.0
ESQ,2022-01-25,32.900001525878906,33.279998779296875,32.57500076293945,32.709999084472656,7300,31.596965789794922,0.0
ESQ,2022-01-26,32.880001068115234,34.54999923706055,32.880001068115234,33.95000076293945,22400,32.794776916503906,0.0
ESQ,2022-01-27,34.150001525878906,34.529998779296875,34.02000045776367,34.150001525878906,17600,32.98797607421875,0.0
ESQ,2022-01-28,34.06999969482422,34.17900085449219,32.77000045776367,33.31999969482422,20000,32.186214447021484,0.0
ESQ,2022-01-31,33.45000076293945,34.470001220703125,32.880001068115234,34.470001220703125,17700,33.29707717895508,0.0
ESQ,2022-02-01,34.04999923706055,34.060001373291016,33.064998626708984,34.04999923706055,19000,32.89136505126953,0.0
ESQ,2022-02-02,33.529998779296875,36.099998474121094,33.41400146484375,35.68000030517578,56800,34.465911865234375,0.0
ESQ,2022-02-03,35.7400016784668,36.255001068115234,35.0,36.0,24500,34.775020599365234,0.0
ESQ,2022-02-04,35.970001220703125,36.84000015258789,35.03799819946289,35.970001220703125,33300,34.74604034423828,0.0
ESQ,2022-02-07,36.27000045776367,36.869998931884766,35.678001403808594,35.72999954223633,18800,34.51420211791992,0.0
ESQ,2022-02-08,36.029998779296875,36.61000061035156,35.36000061035156,36.61000061035156,18500,35.364253997802734,0.0
ESQ,2022-02-09,36.84000015258789,37.0,36.20000076293945,36.349998474121094,10900,35.113101959228516,0.0
ESQ,2022-02-10,36.79499816894531,37.17499923706055,34.02000045776367,34.470001220703125,28600,33.29707717895508,0.0
ESQ,2022-02-11,34.90999984741211,35.11000061035156,34.178001403808594,34.79999923706055,10500,33.6158561706543,0.0
ESQ,2022-02-14,34.95000076293945,34.95000076293945,34.189998626708984,34.40999984741211,10900,33.2391242980957,0.0
ESQ,2022-02-15,34.86000061035156,35.63999938964844,34.66999816894531,34.709999084472656,10500,33.52891540527344,0.0
ESQ,2022-02-16,35.0,35.0,34.301998138427734,34.54999923706055,6300,33.374359130859375,0.0
ESQ,2022-02-17,34.11000061035156,34.11000061035156,33.5099983215332,34.0,4900,32.84307098388672,0.0
ESQ,2022-02-18,34.025001525878906,34.025001525878906,33.560001373291016,33.650001525878906,7300,32.50498962402344,0.0
ESQ,2022-02-22,33.54999923706055,34.064998626708984,33.36000061035156,34.0,14500,32.84307098388672,0.0
ESQ,2022-02-23,34.040000915527344,34.04999923706055,33.11000061035156,33.47999954223633,12100,32.34077453613281,0.0
ESQ,2022-02-24,32.90999984741211,34.0,32.5,33.91999816894531,22300,32.76579284667969,0.0
ESQ,2022-02-25,34.11000061035156,34.11000061035156,33.18000030517578,33.54999923706055,7500,32.408382415771484,0.0
ESQ,2022-02-28,33.58000183105469,34.04999923706055,33.15999984741211,33.75,20700,32.60158157348633,0.0
ESQ,2022-03-01,34.869998931884766,34.869998931884766,31.809999465942383,31.809999465942383,7100,30.727596282958984,0.0
ESQ,2022-03-02,32.31999969482422,33.40999984741211,32.31999969482422,32.630001068115234,2800,31.519691467285156,0.0
ESQ,2022-03-03,33.220001220703125,33.220001220703125,32.630001068115234,32.720001220703125,2700,31.60662841796875,0.0
ESQ,2022-03-04,32.880001068115234,32.880001068115234,32.310001373291016,32.709999084472656,10900,31.596965789794922,0.0
ESQ,2022-03-07,32.310001373291016,32.90999984741211,32.06999969482422,32.06999969482422,14900,30.97874641418457,0.0
ESQ,2022-03-08,32.060001373291016,32.77000045776367,32.060001373291016,32.11000061035156,11800,31.017383575439453,0.0
ESQ,2022-03-09,32.66999816894531,33.025001525878906,32.31999969482422,32.5,6400,31.39410972595215,0.0
ESQ,2022-03-10,32.11000061035156,33.75,32.11000061035156,32.63999938964844,3600,31.529342651367188,0.0
ESQ,2022-03-11,33.06999969482422,33.06999969482422,32.13999938964844,32.13999938964844,8500,31.04636001586914,0.0
ESQ,2022-03-14,32.45000076293945,33.13999938964844,32.02000045776367,32.279998779296875,19900,31.181598663330078,0.0
ESQ,2022-03-15,32.66999816894531,33.0,32.40999984741211,32.5099983215332,8900,31.403772354125977,0.0
ESQ,2022-03-16,32.4900016784668,33.040000915527344,32.2400016784668,32.790000915527344,5300,31.674251556396484,0.0
ESQ,2022-03-17,32.56999969482422,33.130001068115234,32.43000030517578,33.130001068115234,3100,32.00267028808594,0.0
ESQ,2022-03-18,32.810001373291016,33.439998626708984,32.279998779296875,32.279998779296875,7300,31.181598663330078,0.0
ESQ,2022-03-21,32.32699966430664,32.790000915527344,32.32699966430664,32.7599983215332,8200,31.6452693939209,0.0
ESQ,2022-03-22,32.75,33.2400016784668,32.7400016784668,32.7400016784668,5600,31.625947952270508,0.0
ESQ,2022-03-23,32.55400085449219,33.125,32.529998779296875,32.79999923706055,7600,31.68390655517578,0.0
ESQ,2022-03-24,32.79999923706055,32.9900016784668,32.70000076293945,32.83000183105469,4800,31.712886810302734,0.0
ESQ,2022-03-25,32.970001220703125,33.099998474121094,32.970001220703125,33.099998474121094,3400,31.973697662353516,0.0
ESQ,2022-03-28,33.47999954223633,33.47999954223633,32.7400016784668,32.79999923706055,6200,31.68390655517578,0.0
ESQ,2022-03-29,32.97999954223633,33.375,32.79999923706055,33.099998474121094,6700,31.973697662353516,0.0
ESQ,2022-03-30,33.0,33.4900016784668,32.849998474121094,32.869998931884766,4800,31.751522064208984,0.0
ESQ,2022-03-31,32.88999938964844,33.95000076293945,32.88999938964844,33.61000061035156,8500,32.466346740722656,0.0
ESQ,2022-04-01,33.93000030517578,34.18000030517578,33.130001068115234,33.130001068115234,11400,32.00267028808594,0.0
ESQ,2022-04-04,33.47999954223633,33.47999954223633,33.04999923706055,33.06999969482422,3500,31.944717407226562,0.0
ESQ,2022-04-05,33.29999923706055,33.470001220703125,33.099998474121094,33.130001068115234,7700,32.00267028808594,0.0
ESQ,2022-04-06,33.11000061035156,33.65999984741211,33.11000061035156,33.2400016784668,10700,32.10893249511719,0.0
ESQ,2022-04-07,33.11000061035156,33.3849983215332,32.66999816894531,32.720001220703125,17700,31.60662841796875,0.0
ESQ,2022-04-08,32.689998626708984,32.96500015258789,32.25,32.599998474121094,11200,31.49070930480957,0.0
ESQ,2022-04-11,32.529998779296875,32.89500045776367,32.52000045776367,32.81999969482422,5700,31.70322036743164,0.0
ESQ,2022-04-12,32.650001525878906,33.70000076293945,32.650001525878906,33.29999923706055,18200,32.166893005371094,0.0
ESQ,2022-04-13,33.2400016784668,34.02000045776367,32.81999969482422,33.970001220703125,6200,32.8140983581543,0.0
ESQ,2022-04-14,33.61000061035156,34.619998931884766,33.61000061035156,34.18000030517578,24100,33.01694869995117,0.0
ESQ,2022-04-18,33.939998626708984,34.67100143432617,33.45000076293945,33.68000030517578,15500,32.533958435058594,0.0
ESQ,2022-04-19,33.95000076293945,34.540000915527344,33.59000015258789,34.369998931884766,25200,33.20048522949219,0.0
ESQ,2022-04-20,34.27000045776367,36.540000915527344,34.27000045776367,35.81999969482422,42700,34.60114669799805,0.0
ESQ,2022-04-21,35.7400016784668,36.7599983215332,35.70000076293945,36.66999816894531,37200,35.42222213745117,0.0
ESQ,2022-04-22,36.290000915527344,38.18000030517578,36.16999816894531,37.439998626708984,61500,36.166019439697266,0.0
ESQ,2022-04-25,37.720001220703125,39.084999084472656,36.402000427246094,37.599998474121094,70400,36.32057571411133,0.0
ESQ,2022-04-26,37.5099983215332,37.979000091552734,35.630001068115234,36.369998931884766,53100,35.13242721557617,0.0
ESQ,2022-04-27,36.56999969482422,37.25,35.77000045776367,36.0,68900,34.775020599365234,0.0
ESQ,2022-04-28,36.31999969482422,37.23500061035156,35.93000030517578,36.09000015258789,68300,34.86195373535156,0.0
ESQ,2022-04-29,36.189998626708984,36.685001373291016,35.31999969482422,36.0,39100,34.775020599365234,0.0
ESQ,2022-05-02,35.68000030517578,36.150001525878906,35.68000030517578,36.04999923706055,35800,34.82331466674805,0.0
ESQ,2022-05-03,36.0,36.93000030517578,35.5,36.72999954223633,48800,35.48017501831055,0.0
ESQ,2022-05-04,37.0,37.59000015258789,36.310001373291016,37.25,50100,35.982479095458984,0.0
ESQ,2022-05-05,36.97999954223633,37.34000015258789,36.40999984741211,37.0,36600,35.74099349975586,0.0
ESQ,2022-05-06,37.0,37.02000045776367,36.47999954223633,36.68000030517578,23300,35.431884765625,0.0
ESQ,2022-05-09,36.560001373291016,36.560001373291016,35.81999969482422,36.27000045776367,30100,35.03582763671875,0.0
ESQ,2022-05-10,36.20000076293945,36.47999954223633,33.16999816894531,34.099998474121094,30500,32.93966293334961,0.0
ESQ,2022-05-11,33.79999923706055,35.400001525878906,33.79999923706055,34.900001525878906,42800,33.71244430541992,0.0
ESQ,2022-05-12,34.88999938964844,35.099998474121094,34.65999984741211,35.04999923706055,24000,33.85734558105469,0.0
ESQ,2022-05-13,35.33000183105469,35.70000076293945,34.95000076293945,35.20000076293945,32800,34.08977127075195,0.09
ESQ,2022-05-16,34.86000061035156,35.400001525878906,34.720001220703125,34.90999984741211,23600,33.808921813964844,0.0
ESQ,2022-05-17,35.369998931884766,35.63999938964844,34.70000076293945,35.25,58400,34.13819885253906,0.0
ESQ,2022-05-18,35.34000015258789,35.34000015258789,33.7599983215332,34.380001068115234,33300,33.2956428527832,0.0
ESQ,2022-05-19,34.310001373291016,34.939998626708984,34.310001373291016,34.369998931884766,13100,33.28595733642578,0.0
ESQ,2022-05-20,34.81999969482422,35.459999084472656,34.689998626708984,35.060001373291016,60800,33.954193115234375,0.0
ESQ,2022-05-23,35.47999954223633,36.61000061035156,35.47999954223633,36.29999923706055,39300,35.15508270263672,0.0
ESQ,2022-05-24,36.29999923706055,36.7400016784668,35.58000183105469,36.310001373291016,27100,35.164772033691406,0.0
ESQ,2022-05-25,36.5,36.93000030517578,36.22999954223633,36.349998474121094,17800,35.20349884033203,0.0
ESQ,2022-05-26,36.25,36.97999954223633,36.25,36.5,33700,35.34877395629883,0.0
ESQ,2022-05-27,36.70000076293945,37.7599983215332,36.70000076293945,37.41999816894531,36600,36.239749908447266,0.0
ESQ,2022-05-31,37.5,38.38999938964844,36.849998474121094,38.18000030517578,27000,36.97578430175781,0.0
ESQ,2022-06-01,38.5,38.5,37.7400016784668,38.5,52500,37.28569793701172,0.0
ESQ,2022-06-02,38.45000076293945,39.005001068115234,38.380001068115234,38.56999969482422,34600,37.35348129272461,0.0
ESQ,2022-06-03,38.290000915527344,38.779998779296875,37.82500076293945,38.029998779296875,34100,36.83052062988281,0.0
ESQ,2022-06-06,38.08000183105469,38.595001220703125,37.529998779296875,37.91999816894531,41000,36.7239875793457,0.0
ESQ,2022-06-07,38.09000015258789,38.189998626708984,36.32500076293945,37.349998474121094,62400,36.17196273803711,0.0
ESQ,2022-06-08,37.43000030517578,37.55500030517578,36.880001068115234,37.5,25100,36.317230224609375,0.0
ESQ,2022-06-09,37.060001373291016,37.5099983215332,36.20000076293945,36.20000076293945,41700,35.058231353759766,0.0
ESQ,2022-06-10,35.869998931884766,35.88999938964844,35.1150016784668,35.36000061035156,21600,34.24473190307617,0.0
ESQ,2022-06-13,34.65999984741211,34.869998931884766,32.68000030517578,32.689998626708984,58700,31.6589412689209,0.0
ESQ,2022-06-14,32.9900016784668,34.08000183105469,32.63999938964844,33.400001525878906,56600,32.3465576171875,0.0
ESQ,2022-06-15,33.810001373291016,34.6349983215332,33.810001373291016,34.150001525878906,41500,33.072898864746094,0.0
ESQ,2022-06-16,33.97999954223633,33.97999954223633,33.07500076293945,33.36000061035156,48800,32.30780792236328,0.0
ESQ,2022-06-17,33.650001525878906,35.70000076293945,33.45000076293945,34.43000030517578,99400,33.344058990478516,0.0
ESQ,2022-06-21,34.43000030517578,34.915000915527344,33.900001525878906,34.099998474121094,65500,33.02446746826172,0.0
ESQ,2022-06-22,33.849998474121094,34.119998931884766,33.20000076293945,33.9900016784668,129800,32.91794204711914,0.0
ESQ,2022-06-23,33.970001220703125,34.2599983215332,33.060001373291016,33.150001525878906,66700,32.10444259643555,0.0
ESQ,2022-06-24,33.400001525878906,34.974998474121094,32.189998626708984,32.22999954223633,944600,31.21345329284668,0.0
ESQ,2022-06-27,32.59000015258789,34.09000015258789,32.55500030517578,33.93000030517578,124300,32.859832763671875,0.0
ESQ,2022-06-28,34.099998474121094,35.040000915527344,33.66999816894531,34.63999938964844,64700,33.54743576049805,0.0
ESQ,2022-06-29,34.79999923706055,34.880001068115234,33.05500030517578,33.25,77700,32.20127868652344,0.0
ESQ,2022-06-30,33.09000015258789,33.56999969482422,32.435001373291016,33.29999923706055,111200,32.24970626831055,0.0
ESQ,2022-07-01,33.150001525878906,33.78499984741211,33.08599853515625,33.709999084472656,59300,32.64677047729492,0.0
ESQ,2022-07-05,33.33000183105469,34.52000045776367,32.900001525878906,34.36000061035156,46400,33.27627182006836,0.0
ESQ,2022-07-06,34.189998626708984,34.60499954223633,33.779998779296875,34.380001068115234,26900,33.2956428527832,0.0
ESQ,2022-07-07,34.77000045776367,35.45000076293945,34.58000183105469,34.709999084472656,32500,33.615230560302734,0.0
ESQ,2022-07-08,34.56999969482422,35.0,34.275001525878906,34.91999816894531,25200,33.818607330322266,0.0
ESQ,2022-07-11,34.90999984741211,35.029998779296875,34.47600173950195,34.709999084472656,14500,33.615230560302734,0.0
ESQ,2022-07-12,34.79999923706055,35.34000015258789,34.65999984741211,34.709999084472656,32300,33.615230560302734,0.0
ESQ,2022-07-13,34.61000061035156,34.61000061035156,34.029998779296875,34.349998474121094,25100,33.266578674316406,0.0
ESQ,2022-07-14,33.97999954223633,34.150001525878906,32.959999084472656,33.04999923706055,19600,32.00758743286133,0.0
ESQ,2022-07-15,33.540000915527344,34.25,33.275001525878906,33.959999084472656,23500,32.88888931274414,0.0
ESQ,2022-07-18,34.099998474121094,34.79999923706055,34.099998474121094,34.189998626708984,16300,33.111629486083984,0.0
ESQ,2022-07-19,34.36000061035156,34.86000061035156,34.26499938964844,34.61000061035156,20800,33.51838302612305,0.0
ESQ,2022-07-20,34.53200149536133,34.88999938964844,34.25,34.58000183105469,18600,33.48933410644531,0.0
ESQ,2022-07-21,34.349998474121094,34.349998474121094,33.709999084472656,34.220001220703125,19400,33.14067840576172,0.0
ESQ,2022-07-22,33.97999954223633,34.95500183105469,33.709999084472656,34.29999923706055,24100,33.21815872192383,0.0
ESQ,2022-07-25,34.63999938964844,36.31999969482422,34.63999938964844,36.18000030517578,43900,35.03886795043945,0.0
ESQ,2022-07-26,36.04999923706055,37.957000732421875,35.400001525878906,37.16999816894531,61100,35.997642517089844,0.0
ESQ,2022-07-27,37.52000045776367,37.97999954223633,37.119998931884766,37.400001525878906,37900,36.22039031982422,0.0
ESQ,2022-07-28,37.310001373291016,37.310001373291016,36.23500061035156,36.31999969482422,12600,35.1744499206543,0.0
ESQ,2022-07-29,36.5,36.720001220703125,35.875,36.220001220703125,29300,35.07760238647461,0.0
ESQ,2022-08-01,36.220001220703125,36.66999816894531,35.45000076293945,36.40999984741211,26500,35.26161193847656,0.0
ESQ,2022-08-02,36.279998779296875,36.33000183105469,34.70000076293945,36.130001068115234,58100,34.99044418334961,0.0
ESQ,2022-08-03,36.02000045776367,36.720001220703125,35.9900016784668,36.560001373291016,13000,35.406883239746094,0.0
ESQ,2022-08-04,36.90999984741211,36.95000076293945,36.47999954223633,36.63999938964844,14700,35.48435592651367,0.0
ESQ,2022-08-05,36.70000076293945,37.45000076293945,36.56999969482422,37.27000045776367,21500,36.094486236572266,0.0
ESQ,2022-08-08,37.66400146484375,38.27000045776367,37.25,37.939998626708984,32400,36.74335861206055,0.0
ESQ,2022-08-09,38.0,38.5,37.810001373291016,38.41999816894531,22100,37.20821762084961,0.0
ESQ,2022-08-10,38.66999816894531,39.5,38.27000045776367,38.40999984741211,40800,37.198524475097656,0.0
ESQ,2022-08-11,38.81999969482422,39.41999816894531,38.34000015258789,38.41999816894531,13600,37.20821762084961,0.0
ESQ,2022-08-12,38.29499816894531,39.79999923706055,38.29499816894531,39.79999923706055,27800,38.635189056396484,0.09
ESQ,2022-08-15,39.82500076293945,40.34000015258789,39.7599983215332,40.25,30500,39.072025299072266,0.0
ESQ,2022-08-16,40.09000015258789,41.68000030517578,39.88999938964844,40.18000030517578,126100,39.004066467285156,0.0
ESQ,2022-08-17,39.93000030517578,40.52000045776367,39.5,40.209999084472656,34800,39.03319549560547,0.0
ESQ,2022-08-18,40.465999603271484,40.86000061035156,39.880001068115234,40.459999084472656,21200,39.275875091552734,0.0
ESQ,2022-08-19,40.41999816894531,40.97999954223633,39.75,40.7599983215332,44900,39.56709289550781,0.0
ESQ,2022-08-22,40.060001373291016,40.060001373291016,39.22999954223633,39.22999954223633,16600,38.08187484741211,0.0
ESQ,2022-08-23,38.284000396728516,39.29999923706055,38.284000396728516,39.06999969482422,21000,37.92655563354492,0.0
ESQ,2022-08-24,38.900001525878906,39.029998779296875,38.5,38.81999969482422,14600,37.68387222290039,0.0
ESQ,2022-08-25,38.7400016784668,39.54999923706055,38.7400016784668,39.029998779296875,15400,37.887725830078125,0.0
ESQ,2022-08-26,38.86000061035156,39.310001373291016,38.150001525878906,38.29999923706055,25700,37.17909240722656,0.0
ESQ,2022-08-29,37.93000030517578,38.189998626708984,37.099998474121094,37.91999816894531,24300,36.810211181640625,0.0
ESQ,2022-08-30,37.69300079345703,37.7400016784668,37.040000915527344,37.54999923706055,24500,36.451045989990234,0.0
ESQ,2022-08-31,37.70000076293945,37.70000076293945,37.0,37.380001068115234,20700,36.2860221862793,0.0
ESQ,2022-09-01,38.290000915527344,38.290000915527344,36.11000061035156,36.900001525878906,16700,35.82006072998047,0.0
ESQ,2022-09-02,37.35300064086914,37.35300064086914,36.314998626708984,36.59000015258789,11900,35.51913833618164,0.0
ESQ,2022-09-06,36.5,37.3650016784668,36.0,36.380001068115234,15200,35.315284729003906,0.0
ESQ,2022-09-07,36.13999938964844,37.209999084472656,36.13999938964844,37.209999084472656,17700,36.12098693847656,0.0
ESQ,2022-09-08,36.790000915527344,38.06999969482422,36.790000915527344,37.349998474121094,18800,36.256900787353516,0.0
ESQ,2022-09-09,37.48500061035156,37.96500015258789,37.380001068115234,37.79999923706055,16800,36.6937255859375,0.0
ESQ,2022-09-12,37.56999969482422,38.95500183105469,37.56999969482422,38.86000061035156,22200,37.72270584106445,0.0
ESQ,2022-09-13,38.47999954223633,39.255001068115234,38.25,38.38999938964844,26600,37.266456604003906,0.0
ESQ,2022-09-14,38.58000183105469,38.81999969482422,38.130001068115234,38.4900016784668,21700,37.3635368347168,0.0
ESQ,2022-09-15,38.65999984741211,39.810001373291016,38.41999816894531,38.790000915527344,21400,37.65475082397461,0.0
ESQ,2022-09-16,38.41999816894531,39.849998474121094,38.41999816894531,39.689998626708984,50000,38.52840805053711,0.0
ESQ,2022-09-19,39.4900016784668,39.72999954223633,38.66999816894531,39.040000915527344,15900,37.897438049316406,0.0
ESQ,2022-09-20,39.13999938964844,39.25,38.630001068115234,39.08000183105469,21100,37.93627166748047,0.0
ESQ,2022-09-21,38.88999938964844,38.95500183105469,38.220001220703125,38.439998626708984,15700,37.31499481201172,0.0
ESQ,2022-09-22,37.790000915527344,38.81999969482422,37.68000030517578,38.540000915527344,24000,37.41207504272461,0.0
ESQ,2022-09-23,38.400001525878906,38.91999816894531,38.279998779296875,38.70000076293945,37800,37.5673828125,0.0
ESQ,2022-09-26,38.709999084472656,38.845001220703125,38.04999923706055,38.31999969482422,8000,37.1984977722168,0.0
ESQ,2022-09-27,38.22999954223633,38.38999938964844,37.619998931884766,37.81999969482422,9400,36.71314239501953,0.0
ESQ,2022-09-28,37.529998779296875,37.93000030517578,37.279998779296875,37.279998779296875,24300,36.188941955566406,0.0
ESQ,2022-09-29,37.18000030517578,37.18000030517578,36.0,36.68000030517578,48700,35.606510162353516,0.0
ESQ,2022-09-30,36.54999923706055,38.02000045776367,36.54999923706055,37.54999923706055,32800,36.451045989990234,0.0
ESQ,2022-10-03,37.7599983215332,38.314998626708984,37.7599983215332,38.13999938964844,24700,37.02376937866211,0.0
ESQ,2022-10-04,38.5099983215332,39.0,38.220001220703125,38.310001373291016,22600,37.18880081176758,0.0
ESQ,2022-10-05,38.119998931884766,38.31999969482422,37.43000030517578,37.56999969482422,11000,36.470455169677734,0.0
ESQ,2022-10-06,37.775001525878906,38.040000915527344,37.09000015258789,37.43000030517578,17200,36.33455276489258,0.0
ESQ,2022-10-07,37.369998931884766,37.599998474121094,36.81999969482422,37.189998626708984,10600,36.10157775878906,0.0
ESQ,2022-10-10,37.68000030517578,38.150001525878906,37.439998626708984,37.630001068115234,16200,36.5286979675293,0.0
ESQ,2022-10-11,37.959999084472656,37.959999084472656,36.869998931884766,37.45000076293945,19900,36.35396957397461,0.0
ESQ,2022-10-12,37.22999954223633,37.5,36.560001373291016,37.38999938964844,12700,36.29572677612305,0.0
ESQ,2022-10-13,37.0,38.5,37.0,38.5,40800,37.373233795166016,0.0
ESQ,2022-10-14,38.5,38.95000076293945,38.244998931884766,38.41999816894531,24200,37.29558181762695,0.0
ESQ,2022-10-17,38.5,39.0,38.16999816894531,38.880001068115234,34500,37.74211883544922,0.0
ESQ,2022-10-18,39.0,41.43000030517578,38.88999938964844,41.150001525878906,42800,39.9456901550293,0.0
ESQ,2022-10-19,41.099998474121094,41.150001525878906,40.150001525878906,40.220001220703125,22000,39.04290008544922,0.0
ESQ,2022-10-20,40.5099983215332,41.599998474121094,39.0,39.29999923706055,55200,38.14982604980469,0.0
ESQ,2022-10-21,39.61000061035156,39.85499954223633,38.88999938964844,39.2400016784668,31000,38.091583251953125,0.0
ESQ,2022-10-24,40.5,40.5,39.459999084472656,39.81999969482422,40800,38.654605865478516,0.0
ESQ,2022-10-25,40.79999923706055,42.814998626708984,40.0,41.79999923706055,99300,40.57665252685547,0.0
ESQ,2022-10-26,42.45000076293945,44.69499969482422,42.45000076293945,42.900001525878906,62000,41.64447021484375,0.0
ESQ,2022-10-27,43.0099983215332,43.560001373291016,42.540000915527344,42.970001220703125,26700,41.71241760253906,0.0
ESQ,2022-10-28,43.16999816894531,45.0099983215332,42.584999084472656,44.13999938964844,51800,42.848167419433594,0.0
ESQ,2022-10-31,43.77000045776367,45.20000076293945,43.65999984741211,45.18000030517578,60500,43.85774230957031,0.0
ESQ,2022-11-01,45.25,46.91999816894531,45.02000045776367,46.04999923706055,31000,44.7022819519043,0.0
ESQ,2022-11-02,46.25,46.25,44.882999420166016,44.900001525878906,26600,43.5859375,0.0
ESQ,2022-11-03,44.880001068115234,45.97999954223633,44.61000061035156,45.75,21600,44.41105651855469,0.0
ESQ,2022-11-04,46.04999923706055,48.13399887084961,46.0,47.25,26300,45.86715316772461,0.0
ESQ,2022-11-07,47.11000061035156,47.11000061035156,44.939998626708984,45.459999084472656,31400,44.129539489746094,0.0
ESQ,2022-11-08,45.18000030517578,45.4900016784668,44.16999816894531,44.2400016784668,32500,42.94525146484375,0.0
ESQ,2022-11-09,44.33000183105469,44.33000183105469,42.790000915527344,42.95000076293945,27500,41.6930046081543,0.0
ESQ,2022-11-10,43.630001068115234,45.60900115966797,43.31999969482422,45.09000015258789,41200,43.7703742980957,0.0
ESQ,2022-11-11,45.09000015258789,45.48699951171875,43.459999084472656,43.65999984741211,22500,42.382225036621094,0.0
ESQ,2022-11-14,43.38999938964844,44.35300064086914,42.95000076293945,43.83000183105469,28600,42.644927978515625,0.1
ESQ,2022-11-15,45.65999984741211,45.65999984741211,44.7400016784668,45.0,23700,43.783287048339844,0.0
ESQ,2022-11-16,44.849998474121094,45.5,43.02000045776367,44.849998474121094,13800,43.63734817504883,0.0
ESQ,2022-11-17,44.40999984741211,44.9900016784668,43.41999816894531,44.34000015258789,18900,43.141136169433594,0.0
ESQ,2022-11-18,44.959999084472656,45.529998779296875,44.84000015258789,44.97999954223633,14000,43.76383590698242,0.0
ESQ,2022-11-21,44.790000915527344,45.47999954223633,44.790000915527344,45.18000030517578,11600,43.95842361450195,0.0
ESQ,2022-11-22,45.119998931884766,46.459999084472656,45.119998931884766,46.20000076293945,14100,44.950843811035156,0.0
ESQ,2022-11-23,46.380001068115234,48.05500030517578,45.65999984741211,45.900001525878906,46700,44.658958435058594,0.0
ESQ,2022-11-25,45.88999938964844,45.88999938964844,45.099998474121094,45.099998474121094,36700,43.880584716796875,0.0
ESQ,2022-11-28,45.099998474121094,45.099998474121094,43.025001525878906,43.529998779296875,14700,42.3530387878418,0.0
ESQ,2022-11-29,43.619998931884766,43.630001068115234,42.89500045776367,43.2599983215332,14800,42.09033203125,0.0
ESQ,2022-11-30,43.06999969482422,44.970001220703125,42.59000015258789,44.84000015258789,26500,43.62761306762695,0.0
ESQ,2022-12-01,44.68000030517578,45.095001220703125,44.54999923706055,44.75,10100,43.54004669189453,0.0
ESQ,2022-12-02,44.25,44.349998474121094,43.2599983215332,43.70000076293945,17400,42.518436431884766,0.0
ESQ,2022-12-05,43.72999954223633,43.95500183105469,42.75,43.04999923706055,17000,41.886016845703125,0.0
ESQ,2022-12-06,43.2400016784668,43.29999923706055,42.4900016784668,42.88999938964844,14900,41.73033905029297,0.0
ESQ,2022-12-07,42.58000183105469,43.3849983215332,42.540000915527344,42.790000915527344,12800,41.63304138183594,0.0
ESQ,2022-12-08,42.709999084472656,43.72999954223633,42.709999084472656,43.380001068115234,11200,42.20709228515625,0.0
ESQ,2022-12-09,43.08000183105469,43.08000183105469,42.150001525878906,42.25,11100,41.10764694213867,0.0
ESQ,2022-12-12,42.09000015258789,42.91999816894531,41.76900100708008,42.720001220703125,15800,41.56494140625,0.0
ESQ,2022-12-13,43.470001220703125,43.75,41.810001373291016,41.81999969482422,30900,40.68927001953125,0.0
ESQ,2022-12-14,41.869998931884766,41.97999954223633,41.404998779296875,41.68000030517578,29700,40.55305480957031,0.0
ESQ,2022-12-15,41.619998931884766,41.650001525878906,41.0,41.220001220703125,12200,40.105499267578125,0.0
ESQ,2022-12-16,40.77000045776367,42.369998931884766,40.220001220703125,42.25,75000,41.10764694213867,0.0
ESQ,2022-12-19,42.0,42.43000030517578,42.0,42.29999923706055,28300,41.15629577636719,0.0
ESQ,2022-12-20,42.25,42.970001220703125,42.25,42.459999084472656,11400,41.31196975708008,0.0
ESQ,2022-12-21,42.84000015258789,43.084999084472656,42.279998779296875,43.02000045776367,17700,41.85683059692383,0.0
ESQ,2022-12-22,43.029998779296875,43.060001373291016,42.439998626708984,42.7400016784668,13800,41.58440017700195,0.0
ESQ,2022-12-23,42.779998779296875,43.27000045776367,42.470001220703125,42.779998779296875,11000,41.62330627441406,0.0
ESQ,2022-12-27,42.779998779296875,43.03900146484375,42.779998779296875,42.900001525878906,7700,41.74006652832031,0.0
ESQ,2022-12-28,43.029998779296875,43.0369987487793,41.650001525878906,41.849998474121094,15400,40.71845626831055,0.0
ESQ,2022-12-29,41.959999084472656,42.900001525878906,41.959999084472656,42.709999084472656,10600,41.555206298828125,0.0
ESQ,2022-12-30,43.0260009765625,43.43000030517578,42.7599983215332,43.2599983215332,22300,42.09033203125,0.0
ESQ,2023-01-03,43.25,43.27000045776367,42.709999084472656,42.849998474121094,20200,41.6914176940918,0.0
ESQ,2023-01-04,42.7599983215332,43.85499954223633,42.33000183105469,42.34000015258789,32400,41.195213317871094,0.0
ESQ,2023-01-05,42.150001525878906,42.25,40.720001220703125,40.75,26300,39.648197174072266,0.0
ESQ,2023-01-06,41.2599983215332,41.974998474121094,40.67300033569336,41.959999084472656,13200,40.82548141479492,0.0
ESQ,2023-01-09,41.77000045776367,41.77000045776367,41.04999923706055,41.34000015258789,12000,40.22224807739258,0.0
ESQ,2023-01-10,41.0099983215332,41.599998474121094,40.970001220703125,41.040000915527344,18100,39.930362701416016,0.0
ESQ,2023-01-11,41.040000915527344,41.25,40.5,41.040000915527344,20100,39.930362701416016,0.0
ESQ,2023-01-12,41.33000183105469,42.060001373291016,41.04999923706055,41.869998931884766,13400,40.737918853759766,0.0
ESQ,2023-01-13,41.54999923706055,43.0,41.54999923706055,42.689998626708984,10000,41.53574752807617,0.0
ESQ,2023-01-17,42.689998626708984,42.689998626708984,41.45000076293945,41.619998931884766,30400,40.49467849731445,0.0
ESQ,2023-01-18,41.5,41.599998474121094,40.4900016784668,40.709999084472656,23700,39.60927963256836,0.0
ESQ,2023-01-19,40.54999923706055,40.790000915527344,40.54999923706055,40.630001068115234,12500,39.53144836425781,0.0
ESQ,2023-01-20,40.97999954223633,41.349998474121094,40.599998474121094,41.34000015258789,13800,40.22224807739258,0.0
ESQ,2023-01-23,41.189998626708984,41.34000015258789,40.88999938964844,41.220001220703125,15800,40.105499267578125,0.0
ESQ,2023-01-24,40.849998474121094,41.45000076293945,40.79999923706055,41.2599983215332,6500,40.1444091796875,0.0
ESQ,2023-01-25,41.939998626708984,46.02000045776367,41.810001373291016,44.75,105300,43.54004669189453,0.0
ESQ,2023-01-26,45.040000915527344,45.573001861572266,42.90999984741211,44.0,88900,42.810325622558594,0.0
ESQ,2023-01-27,43.810001373291016,44.45000076293945,43.75,44.0099983215332,65900,42.82005310058594,0.0
ESQ,2023-01-30,44.290000915527344,45.6349983215332,44.150001525878906,44.689998626708984,12800,43.48166275024414,0.0
ESQ,2023-01-31,45.54999923706055,46.584999084472656,45.34000015258789,46.540000915527344,20700,45.281654357910156,0.0
ESQ,2023-02-01,46.540000915527344,46.65999984741211,45.56999969482422,46.02000045776367,20200,44.77570343017578,0.0
ESQ,2023-02-02,46.34000015258789,46.893001556396484,45.91999816894531,46.34000015258789,40300,45.087059020996094,0.0
ESQ,2023-02-03,46.34000015258789,46.790000915527344,45.73500061035156,45.95000076293945,26700,44.707603454589844,0.0
ESQ,2023-02-06,45.77000045776367,45.77000045776367,43.7599983215332,43.959999084472656,36200,42.77140808105469,0.0
ESQ,2023-02-07,44.15999984741211,46.04999923706055,43.79999923706055,45.86000061035156,42900,44.62004089355469,0.0
ESQ,2023-02-08,45.65999984741211,46.0,45.16999816894531,45.5099983215332,21500,44.27949523925781,0.0
ESQ,2023-02-09,45.970001220703125,46.2400016784668,44.02000045776367,44.150001525878906,12500,42.95627212524414,0.0
ESQ,2023-02-10,43.7599983215332,44.58000183105469,43.65999984741211,44.52000045776367,41700,43.31626510620117,0.0
ESQ,2023-02-13,45.084999084472656,45.630001068115234,44.25,45.11000061035156,15800,43.89031982421875,0.0
ESQ,2023-02-14,45.0,45.20000076293945,43.880001068115234,44.150001525878906,12500,43.05170822143555,0.1
ESQ,2023-02-15,44.36000061035156,45.5,43.54999923706055,45.25,15800,44.12434005737305,0.0
ESQ,2023-02-16,45.0,45.77000045776367,45.0,45.529998779296875,18300,44.39738464355469,0.0
ESQ,2023-02-17,45.54999923706055,45.91999816894531,44.71099853515625,45.599998474121094,16700,44.46563720703125,0.0
ESQ,2023-02-21,45.7400016784668,46.08000183105469,44.5099983215332,45.849998474121094,15600,44.70941925048828,0.0
ESQ,2023-02-22,46.06999969482422,46.06999969482422,44.630001068115234,44.90999984741211,17000,43.79280090332031,0.0
ESQ,2023-02-23,45.15999984741211,45.36000061035156,44.994998931884766,45.2599983215332,12500,44.13409423828125,0.0
ESQ,2023-02-24,44.83000183105469,45.76499938964844,44.79499816894531,45.529998779296875,28200,44.39738464355469,0.0
ESQ,2023-02-27,45.9900016784668,46.25,45.290000915527344,46.060001373291016,20800,44.91419219970703,0.0
ESQ,2023-02-28,46.34000015258789,46.650001525878906,45.9900016784668,45.9900016784668,13900,44.84593963623047,0.0
ESQ,2023-03-01,46.22999954223633,46.25,45.689998626708984,46.130001068115234,17400,44.98246383666992,0.0
ESQ,2023-03-02,45.86000061035156,46.02000045776367,45.310001373291016,45.349998474121094,24900,44.221858978271484,0.0
ESQ,2023-03-03,45.619998931884766,45.619998931884766,44.790000915527344,45.040000915527344,18000,43.91957092285156,0.0
ESQ,2023-03-06,45.11000061035156,45.290000915527344,44.0,44.310001373291016,26400,43.207733154296875,0.0
ESQ,2023-03-07,44.56999969482422,44.63999938964844,43.277000427246094,43.790000915527344,19100,42.70066452026367,0.0
ESQ,2023-03-08,43.400001525878906,44.0,43.27000045776367,43.68000030517578,23900,42.59340286254883,0.0
ESQ,2023-03-09,43.43000030517578,43.43000030517578,39.79999923706055,40.849998474121094,71300,39.83380889892578,0.0
ESQ,2023-03-10,40.060001373291016,40.68000030517578,38.540000915527344,39.29999923706055,39600,38.32236099243164,0.0
ESQ,2023-03-13,38.52000045776367,38.540000915527344,34.75,35.849998474121094,91500,34.95818328857422,0.0
ESQ,2023-03-14,37.61000061035156,40.38999938964844,37.22999954223633,37.47999954223633,50700,36.54763412475586,0.0
ESQ,2023-03-15,36.540000915527344,38.0,36.540000915527344,37.2400016784668,38600,36.31360626220703,0.0
ESQ,2023-03-16,36.939998626708984,39.49300003051758,36.41999816894531,38.58000183105469,34300,37.62027359008789,0.0
ESQ,2023-03-17,38.439998626708984,39.38999938964844,36.11000061035156,36.5,75900,35.59201431274414,0.0
ESQ,2023-03-20,37.45000076293945,37.62900161743164,36.540000915527344,36.86000061035156,28000,35.943058013916016,0.0
ESQ,2023-03-21,37.599998474121094,38.25,37.28099822998047,37.400001525878906,40900,36.469627380371094,0.0
ESQ,2023-03-22,37.43000030517578,38.09000015258789,36.400001525878906,36.54999923706055,32500,35.640769958496094,0.0
ESQ,2023-03-23,36.58000183105469,37.189998626708984,35.11000061035156,35.380001068115234,62400,34.4998779296875,0.0
ESQ,2023-03-24,35.11000061035156,36.29999923706055,35.11000061035156,36.16999816894531,86100,35.27022171020508,0.0
ESQ,2023-03-27,36.09000015258789,37.119998931884766,35.88999938964844,36.93000030517578,59700,36.011314392089844,0.0
ESQ,2023-03-28,36.86000061035156,37.560001373291016,36.86000061035156,37.27000045776367,24100,36.34285354614258,0.0
ESQ,2023-03-29,37.34000015258789,37.645999908447266,37.053001403808594,37.45000076293945,28000,36.51838684082031,0.0
ESQ,2023-03-30,37.4900016784668,38.0,37.369998931884766,37.56999969482422,90800,36.635398864746094,0.0
ESQ,2023-03-31,37.94499969482422,39.36000061035156,37.595001220703125,39.099998474121094,148600,38.12733459472656,0.0
ESQ,2023-04-03,39.040000915527344,39.06999969482422,38.11000061035156,38.970001220703125,89900,38.00057601928711,0.0
ESQ,2023-04-04,38.939998626708984,38.939998626708984,37.75,38.11000061035156,40400,37.161964416503906,0.0
ESQ,2023-04-05,37.619998931884766,38.0099983215332,37.5,37.66999816894531,14400,36.732906341552734,0.0
ESQ,2023-04-06,37.45000076293945,37.75,36.90999984741211,37.029998779296875,33600,36.10883331298828,0.0
ESQ,2023-04-10,36.66999816894531,36.66999816894531,36.04999923706055,36.16999816894531,26600,35.27022171020508,0.0
ESQ,2023-04-11,36.06999969482422,36.34000015258789,35.900001525878906,35.970001220703125,21600,35.075199127197266,0.0
ESQ,2023-04-12,36.150001525878906,36.840999603271484,36.150001525878906,36.38999938964844,18800,35.484745025634766,0.0
ESQ,2023-04-13,36.66999816894531,37.459999084472656,36.47999954223633,37.08000183105469,13200,36.157588958740234,0.0
ESQ,2023-04-14,37.33000183105469,37.33000183105469,36.20000076293945,36.29999923706055,14200,35.39698791503906,0.0
ESQ,2023-04-17,36.25,37.060001373291016,36.25,37.060001373291016,13700,36.138092041015625,0.0
ESQ,2023-04-18,37.132999420166016,37.132999420166016,36.310001373291016,36.900001525878906,19000,35.98206329345703,0.0
ESQ,2023-04-19,36.93000030517578,38.3849983215332,36.93000030517578,37.810001373291016,24400,36.86942672729492,0.0
ESQ,2023-04-20,37.31999969482422,37.31999969482422,36.779998779296875,37.15999984741211,19700,36.235591888427734,0.0
ESQ,2023-04-21,37.2400016784668,37.93000030517578,36.90999984741211,37.54999923706055,25700,36.61589431762695,0.0
ESQ,2023-04-24,37.650001525878906,37.86000061035156,36.974998474121094,37.04999923706055,40200,36.128334045410156,0.0
ESQ,2023-04-25,37.290000915527344,38.130001068115234,37.290000915527344,37.790000915527344,22700,36.84992599487305,0.0
ESQ,2023-04-26,37.93000030517578,38.86000061035156,37.33000183105469,38.08000183105469,42400,37.132713317871094,0.0
ESQ,2023-04-27,38.08000183105469,39.099998474121094,38.08000183105469,38.54999923706055,14900,37.59101867675781,0.0
ESQ,2023-04-28,38.58000183105469,39.20000076293945,38.025001525878906,38.65999984741211,38100,37.698280334472656,0.0
ESQ,2023-05-01,38.63999938964844,38.8849983215332,37.849998474121094,38.43000030517578,24100,37.473995208740234,0.0
ESQ,2023-05-02,38.2400016784668,38.95000076293945,36.75,37.150001525878906,21300,36.22584533691406,0.0
ESQ,2023-05-03,37.5,38.689998626708984,37.5,37.84000015258789,22500,36.89867401123047,0.0
ESQ,2023-05-04,37.27000045776367,37.27000045776367,35.0,36.34000015258789,26900,35.43600082397461,0.0
ESQ,2023-05-05,37.18000030517578,38.63999938964844,36.7400016784668,38.560001373291016,28300,37.60076141357422,0.0
ESQ,2023-05-08,38.54999923706055,39.426998138427734,37.900001525878906,39.150001525878906,101300,38.17609786987305,0.0
ESQ,2023-05-09,39.09000015258789,39.52000045776367,38.435001373291016,39.0,34300,38.02981948852539,0.0
ESQ,2023-05-10,39.709999084472656,40.77000045776367,39.4119987487793,40.34000015258789,32900,39.336490631103516,0.0
ESQ,2023-05-11,39.75,39.849998474121094,39.11000061035156,39.5,41700,38.51737976074219,0.0
ESQ,2023-05-12,40.0,40.40999984741211,39.540000915527344,40.209999084472656,31300,39.334197998046875,0.125
ESQ,2023-05-15,40.5,40.5,39.8650016784668,40.11000061035156,10300,39.23637390136719,0.0
ESQ,2023-05-16,40.439998626708984,40.93000030517578,40.130001068115234,40.75,23200,39.86243438720703,0.0
ESQ,2023-05-17,40.43000030517578,41.97999954223633,40.119998931884766,41.63999938964844,22400,40.73304748535156,0.0
ESQ,2023-05-18,41.86000061035156,42.9900016784668,41.560001373291016,42.86000061035156,36200,41.926475524902344,0.0
ESQ,2023-05-19,43.369998931884766,43.369998931884766,41.650001525878906,42.0,17900,41.085208892822266,0.0
ESQ,2023-05-22,42.15999984741211,43.0,42.0,42.52000045776367,22100,41.5938835144043,0.0
ESQ,2023-05-23,44.16600036621094,44.16600036621094,42.220001220703125,42.54999923706055,33800,41.623233795166016,0.0
ESQ,2023-05-24,42.5,42.90999984741211,41.94499969482422,42.70000076293945,21000,41.769962310791016,0.0
ESQ,2023-05-25,42.709999084472656,42.9900016784668,42.0,42.52000045776367,9800,41.5938835144043,0.0
ESQ,2023-05-26,42.900001525878906,43.0,41.119998931884766,42.93000030517578,23400,41.99495315551758,0.0
ESQ,2023-05-30,41.7400016784668,43.29999923706055,41.7400016784668,43.0,8600,42.06342315673828,0.0
ESQ,2023-05-31,43.0,43.0,41.93000030517578,42.33000183105469,14500,41.408023834228516,0.0
ESQ,2023-06-01,41.90999984741211,42.29999923706055,41.849998474121094,41.970001220703125,23700,41.05586242675781,0.0
ESQ,2023-06-02,42.130001068115234,44.2400016784668,41.36000061035156,44.209999084472656,19100,43.247074127197266,0.0
ESQ,2023-06-05,44.209999084472656,44.209999084472656,42.16999816894531,42.189998626708984,22900,41.27106857299805,0.0
ESQ,2023-06-06,42.540000915527344,43.560001373291016,42.39500045776367,43.0,44800,42.06342315673828,0.0
ESQ,2023-06-07,43.380001068115234,45.20000076293945,43.0,45.06999969482422,33400,44.088340759277344,0.0
ESQ,2023-06-08,44.244998931884766,45.54999923706055,44.244998931884766,44.79999923706055,20300,43.824222564697266,0.0
ESQ,2023-06-09,44.05500030517578,44.36000061035156,43.60499954223633,44.0,13000,43.041648864746094,0.0
ESQ,2023-06-12,44.36000061035156,44.470001220703125,43.650001525878906,44.220001220703125,11600,43.25686264038086,0.0
ESQ,2023-06-13,44.380001068115234,44.40999984741211,43.72999954223633,43.9900016784668,29700,43.03186798095703,0.0
ESQ,2023-06-14,44.20500183105469,44.529998779296875,43.5,43.79999923706055,37600,42.846004486083984,0.0
ESQ,2023-06-15,44.400001525878906,45.595001220703125,44.029998779296875,45.34000015258789,20300,44.35246276855469,0.0
ESQ,2023-06-16,45.869998931884766,47.95000076293945,44.68000030517578,47.59000015258789,141800,46.55345153808594,0.0
ESQ,2023-06-20,47.310001373291016,47.790000915527344,46.290000915527344,46.310001373291016,37600,45.301334381103516,0.0
ESQ,2023-06-21,46.40999984741211,46.90999984741211,45.599998474121094,45.959999084472656,17800,44.958961486816406,0.0
ESQ,2023-06-22,45.91999816894531,46.27000045776367,44.849998474121094,45.20000076293945,25000,44.21551513671875,0.0
ESQ,2023-06-23,44.7400016784668,45.52000045776367,43.810001373291016,45.0,98200,44.01987075805664,0.0
ESQ,2023-06-26,44.779998779296875,45.040000915527344,44.34000015258789,44.61000061035156,20700,43.63835906982422,0.0
ESQ,2023-06-27,44.709999084472656,45.369998931884766,44.349998474121094,44.7599983215332,13000,43.78509521484375,0.0
ESQ,2023-06-28,45.09000015258789,45.529998779296875,44.310001373291016,45.11000061035156,28500,44.12746810913086,0.0
ESQ,2023-06-29,45.33000183105469,46.27000045776367,45.25,45.81999969482422,22400,44.8220100402832,0.0
ESQ,2023-06-30,45.45000076293945,45.9900016784668,45.45000076293945,45.7400016784668,27400,44.743751525878906,0.0
ESQ,2023-07-03,45.869998931884766,46.060001373291016,45.52000045776367,46.060001373291016,11800,45.05677795410156,0.0
ESQ,2023-07-05,46.060001373291016,46.060001373291016,44.619998931884766,44.86000061035156,36400,43.88291549682617,0.0
ESQ,2023-07-06,44.56999969482422,44.56999969482422,42.52000045776367,43.529998779296875,22800,42.581878662109375,0.0
ESQ,2023-07-07,43.43000030517578,44.314998626708984,43.310001373291016,44.2599983215332,19500,43.29598617553711,0.0
ESQ,2023-07-10,43.97999954223633,45.18000030517578,43.59000015258789,44.0,20300,43.041648864746094,0.0
ESQ,2023-07-11,44.33000183105469,45.029998779296875,44.060001373291016,44.869998931884766,29000,43.89269256591797,0.0
ESQ,2023-07-12,45.72999954223633,45.75,45.11000061035156,45.209999084472656,22000,44.22528839111328,0.0
ESQ,2023-07-13,45.59000015258789,46.63999938964844,45.47999954223633,46.279998779296875,25100,45.2719841003418,0.0
ESQ,2023-07-14,46.529998779296875,46.900001525878906,45.290000915527344,46.27000045776367,64800,45.26219940185547,0.0
ESQ,2023-07-17,45.90999984741211,47.599998474121094,45.90999984741211,47.439998626708984,48000,46.40672302246094,0.0
ESQ,2023-07-18,48.0,48.630001068115234,47.93000030517578,48.59000015258789,35900,47.53167724609375,0.0
ESQ,2023-07-19,48.79999923706055,49.2400016784668,48.125,48.2599983215332,33300,47.2088623046875,0.0
ESQ,2023-07-20,48.31999969482422,49.209999084472656,48.119998931884766,48.65999984741211,25200,47.60014343261719,0.0
ESQ,2023-07-21,48.779998779296875,49.380001068115234,48.540000915527344,48.91999816894531,16800,47.8544807434082,0.0
ESQ,2023-07-24,48.70000076293945,49.970001220703125,48.369998931884766,49.93000030517578,21100,48.84248352050781,0.0
ESQ,2023-07-25,49.900001525878906,51.43000030517578,49.4900016784668,51.20000076293945,57200,50.0848274230957,0.0
ESQ,2023-07-26,52.25,54.029998779296875,51.459999084472656,51.75,57700,50.62284851074219,0.0
ESQ,2023-07-27,52.279998779296875,52.279998779296875,49.939998626708984,50.119998931884766,36400,49.02834701538086,0.0
ESQ,2023-07-28,50.71799850463867,51.125,50.43000030517578,50.45500183105469,24600,49.35605239868164,0.0
ESQ,2023-07-31,50.599998474121094,50.630001068115234,49.88999938964844,49.94499969482422,21900,48.85715866088867,0.0
ESQ,2023-08-01,49.61000061035156,50.04999923706055,49.099998474121094,49.84000015258789,32000,48.75445556640625,0.0
ESQ,2023-08-02,49.099998474121094,49.959999084472656,48.939998626708984,49.849998474121094,28900,48.76423263549805,0.0
ESQ,2023-08-03,50.560001373291016,50.880001068115234,50.42499923706055,50.47999954223633,11500,49.38051223754883,0.0
ESQ,2023-08-04,50.52000045776367,51.45000076293945,50.45000076293945,50.779998779296875,12500,49.67396926879883,0.0
ESQ,2023-08-07,50.83000183105469,52.0099983215332,50.689998626708984,51.66999816894531,22600,50.544593811035156,0.0
ESQ,2023-08-08,50.97999954223633,51.970001220703125,50.599998474121094,51.720001220703125,13500,50.593502044677734,0.0
ESQ,2023-08-09,51.15999984741211,51.15999984741211,50.150001525878906,50.43000030517578,8000,49.33159637451172,0.0
ESQ,2023-08-10,50.9900016784668,50.9900016784668,50.0,50.75,17000,49.64462661743164,0.0
ESQ,2023-08-11,50.4900016784668,51.005001068115234,50.290000915527344,50.290000915527344,7300,49.19464874267578,0.0
ESQ,2023-08-14,50.0,50.0,49.46099853515625,49.58000183105469,12400,48.62096405029297,0.125
ESQ,2023-08-15,49.040000915527344,49.5,48.060001373291016,48.060001373291016,13700,47.13036346435547,0.0
ESQ,2023-08-16,48.11000061035156,48.65999984741211,47.68000030517578,48.20000076293945,19600,47.26765441894531,0.0
ESQ,2023-08-17,48.599998474121094,48.599998474121094,47.650001525878906,47.93000030517578,11300,47.00288009643555,0.0
ESQ,2023-08-18,47.54999923706055,48.16999816894531,47.470001220703125,47.84000015258789,16900,46.91461944580078,0.0
ESQ,2023-08-21,47.48099899291992,47.8650016784668,47.34700012207031,47.4900016784668,19900,46.57139205932617,0.0
ESQ,2023-08-22,47.29999923706055,47.54399871826172,47.06999969482422,47.16999816894531,15900,46.25757598876953,0.0
ESQ,2023-08-23,47.400001525878906,47.89899826049805,47.400001525878906,47.709999084472656,12600,46.787132263183594,0.0
ESQ,2023-08-24,47.599998474121094,48.09000015258789,47.5,47.54999923706055,20500,46.630226135253906,0.0
ESQ,2023-08-25,47.29999923706055,47.400001525878906,46.70000076293945,46.779998779296875,18500,45.8751220703125,0.0
ESQ,2023-08-28,47.4900016784668,47.4900016784668,46.25,46.31999969482422,17100,45.42401885986328,0.0
ESQ,2023-08-29,46.33000183105469,46.61000061035156,46.25,46.439998626708984,18400,45.54169845581055,0.0
ESQ,2023-08-30,46.38999938964844,46.38999938964844,45.9900016784668,46.11000061035156,26700,45.218082427978516,0.0
ESQ,2023-08-31,46.27000045776367,46.84000015258789,46.220001220703125,46.7599983215332,25100,45.85551071166992,0.0
ESQ,2023-09-01,47.15999984741211,47.79999923706055,47.15999984741211,47.5,16100,46.58119201660156,0.0
ESQ,2023-09-05,46.81999969482422,47.43000030517578,46.599998474121094,47.38999938964844,11800,46.47332000732422,0.0
ESQ,2023-09-06,47.849998474121094,48.380001068115234,46.33000183105469,46.5,18200,45.60054016113281,0.0
ESQ,2023-09-07,46.88999938964844,47.02000045776367,46.25,46.52000045776367,15800,45.62015151977539,0.0
ESQ,2023-09-08,46.88999938964844,47.595001220703125,46.875,47.209999084472656,13600,46.29680633544922,0.0
ESQ,2023-09-11,47.790000915527344,48.279998779296875,46.900001525878906,46.90999984741211,15000,46.00260543823242,0.0
ESQ,2023-09-12,46.54999923706055,47.380001068115234,46.5,47.22999954223633,11300,46.3164176940918,0.0
ESQ,2023-09-13,47.20000076293945,47.459999084472656,46.73500061035156,46.88999938964844,13600,45.98299789428711,0.0
ESQ,2023-09-14,46.40999984741211,47.439998626708984,46.40999984741211,47.31999969482422,12700,46.40468215942383,0.0
ESQ,2023-09-15,47.31999969482422,47.790000915527344,45.78499984741211,46.15999984741211,56800,45.267112731933594,0.0
ESQ,2023-09-18,46.08000183105469,46.80500030517578,46.0099983215332,46.040000915527344,10000,45.14944076538086,0.0
ESQ,2023-09-19,45.75,46.055999755859375,45.52000045776367,45.52000045776367,21800,44.639495849609375,0.0
ESQ,2023-09-20,45.5,46.0,45.369998931884766,45.45000076293945,24900,44.57085418701172,0.0
ESQ,2023-09-21,44.492000579833984,45.54499816894531,44.492000579833984,44.90999984741211,9900,44.04129409790039,0.0
ESQ,2023-09-22,45.189998626708984,45.189998626708984,43.8849983215332,44.58000183105469,22300,43.71767807006836,0.0
ESQ,2023-09-25,44.400001525878906,45.02000045776367,44.310001373291016,45.0099983215332,39100,44.13936233520508,0.0
ESQ,2023-09-26,44.529998779296875,45.2599983215332,44.529998779296875,44.83000183105469,18600,43.96284484863281,0.0
ESQ,2023-09-27,44.6150016784668,45.93000030517578,44.6150016784668,45.380001068115234,18000,44.502197265625,0.0
ESQ,2023-09-28,45.150001525878906,46.494998931884766,45.150001525878906,45.93000030517578,20000,45.04156494140625,0.0
ESQ,2023-09-29,46.4900016784668,46.4900016784668,45.459999084472656,45.689998626708984,76200,44.80620574951172,0.0
ESQ,2023-10-02,46.45000076293945,46.45000076293945,45.15999984741211,45.54999923706055,15500,44.668907165527344,0.0
ESQ,2023-10-03,45.400001525878906,45.400001525878906,44.43000030517578,44.84000015258789,9100,43.972652435302734,0.0
ESQ,2023-10-04,44.540000915527344,45.650001525878906,44.44200134277344,45.400001525878906,24400,44.52181625366211,0.0
ESQ,2023-10-05,45.25,45.744998931884766,45.02000045776367,45.40999984741211,18200,44.5316162109375,0.0
ESQ,2023-10-06,45.25,46.83000183105469,44.90999984741211,46.720001220703125,23800,45.816287994384766,0.0
ESQ,2023-10-09,46.27000045776367,47.5,46.0099983215332,47.13999938964844,22400,46.22815704345703,0.0
ESQ,2023-10-10,47.540000915527344,47.571998596191406,47.11000061035156,47.20000076293945,20200,46.28700256347656,0.0
ESQ,2023-10-11,47.75,47.75,47.22700119018555,47.58000183105469,14500,46.65964889526367,0.0
ESQ,2023-10-12,47.599998474121094,47.599998474121094,46.810001373291016,47.130001068115234,20500,46.21834945678711,0.0
ESQ,2023-10-13,47.400001525878906,47.400001525878906,45.4900016784668,45.63999938964844,25300,44.757171630859375,0.0
ESQ,2023-10-16,45.76599884033203,46.185001373291016,45.35499954223633,45.560001373291016,13000,44.6787223815918,0.0
ESQ,2023-10-17,45.93000030517578,46.7599983215332,45.93000030517578,46.709999084472656,21800,45.806480407714844,0.0
ESQ,2023-10-18,45.810001373291016,45.810001373291016,44.77000045776367,44.790000915527344,16500,43.92361831665039,0.0
ESQ,2023-10-19,44.9900016784668,45.150001525878906,44.369998931884766,44.5,16400,43.639225006103516,0.0
ESQ,2023-10-20,44.70000076293945,44.70000076293945,43.2400016784668,43.65999984741211,24900,42.81547546386719,0.0
ESQ,2023-10-23,44.70500183105469,45.56999969482422,43.91999816894531,44.540000915527344,57200,43.67845153808594,0.0
ESQ,2023-10-24,45.130001068115234,45.349998474121094,44.150001525878906,44.54999923706055,15000,43.688255310058594,0.0
ESQ,2023-10-25,44.26499938964844,44.630001068115234,43.849998474121094,44.31999969482422,15200,43.46270751953125,0.0
ESQ,2023-10-26,44.02000045776367,46.08000183105469,44.02000045776367,45.540000915527344,14100,44.65911102294922,0.0
ESQ,2023-10-27,45.77000045776367,46.68000030517578,45.7599983215332,45.97999954223633,12500,45.09059524536133,0.0
ESQ,2023-10-30,45.369998931884766,46.18000030517578,45.369998931884766,46.15999984741211,10100,45.267112731933594,0.0
ESQ,2023-10-31,46.0,46.189998626708984,45.279998779296875,45.79999923706055,21500,44.9140739440918,0.0
ESQ,2023-11-01,46.65999984741211,46.65999984741211,44.97999954223633,45.599998474121094,19200,44.71794509887695,0.0
ESQ,2023-11-02,45.72999954223633,46.540000915527344,45.72999954223633,46.52000045776367,12000,45.62015151977539,0.0
ESQ,2023-11-03,47.290000915527344,47.900001525878906,47.290000915527344,47.709999084472656,19100,46.787132263183594,0.0
ESQ,2023-11-06,47.41999816894531,47.459999084472656,45.599998474121094,47.369998931884766,15300,46.45370864868164,0.0
ESQ,2023-11-07,46.98500061035156,47.68000030517578,46.07699966430664,47.61000061035156,7000,46.68906784057617,0.0
ESQ,2023-11-08,47.33000183105469,47.33000183105469,46.060001373291016,46.68000030517578,13900,45.777061462402344,0.0
ESQ,2023-11-09,46.5,47.11800003051758,45.59000015258789,45.900001525878906,13300,45.01214599609375,0.0
ESQ,2023-11-10,46.40999984741211,46.685001373291016,46.369998931884766,46.56999969482422,12300,45.669189453125,0.0
ESQ,2023-11-13,46.130001068115234,46.290000915527344,45.349998474121094,45.5,22000,44.61988067626953,0.0
ESQ,2023-11-14,46.189998626708984,48.130001068115234,46.189998626708984,48.130001068115234,53200,47.329036712646484,0.125
ESQ,2023-11-15,48.20000076293945,48.29999923706055,47.79999923706055,47.84000015258789,20700,47.043861389160156,0.0
ESQ,2023-11-16,47.439998626708984,47.439998626708984,45.97999954223633,46.400001525878906,20000,45.62782287597656,0.0
ESQ,2023-11-17,46.93000030517578,47.099998474121094,46.56999969482422,46.79999923706055,29600,46.02116394042969,0.0
ESQ,2023-11-20,46.40999984741211,46.5,46.0,46.310001373291016,13700,45.53932189941406,0.0
ESQ,2023-11-21,46.43000030517578,46.599998474121094,45.540000915527344,45.630001068115234,10900,44.870635986328125,0.0
ESQ,2023-11-22,45.65999984741211,45.8849983215332,45.44499969482422,45.630001068115234,15700,44.870635986328125,0.0
ESQ,2023-11-24,45.25,45.47999954223633,45.099998474121094,45.47999954223633,5200,44.72313690185547,0.0
ESQ,2023-11-27,44.970001220703125,46.16999816894531,44.970001220703125,46.16999816894531,15400,45.401649475097656,0.0
ESQ,2023-11-28,46.43000030517578,47.0,45.33000183105469,45.83000183105469,16600,45.06731033325195,0.0
ESQ,2023-11-29,46.52000045776367,47.91999816894531,46.52000045776367,47.08000183105469,12000,46.2965087890625,0.0
ESQ,2023-11-30,46.939998626708984,47.275001525878906,46.099998474121094,46.56999969482422,21800,45.79499816894531,0.0
ESQ,2023-12-01,46.61000061035156,47.810001373291016,46.54999923706055,47.810001373291016,40400,47.01435852050781,0.0
ESQ,2023-12-04,47.29999923706055,48.810001373291016,47.29999923706055,47.93000030517578,26200,47.132362365722656,0.0
ESQ,2023-12-05,47.56999969482422,47.75,47.255001068115234,47.34000015258789,15700,46.55217742919922,0.0
ESQ,2023-12-06,47.470001220703125,48.130001068115234,46.4900016784668,46.81999969482422,19500,46.040836334228516,0.0
ESQ,2023-12-07,46.75,47.04999923706055,46.5,46.70000076293945,10300,45.92283248901367,0.0
ESQ,2023-12-08,47.0,47.439998626708984,46.720001220703125,47.27000045776367,22300,46.48334884643555,0.0
ESQ,2023-12-11,47.560001373291016,48.290000915527344,47.290000915527344,48.040000915527344,11600,47.24053192138672,0.0
ESQ,2023-12-12,48.0099983215332,48.9900016784668,48.0099983215332,48.150001525878906,11100,47.34870147705078,0.0
ESQ,2023-12-13,48.41999816894531,50.0099983215332,48.099998474121094,49.41999816894531,29700,48.59756851196289,0.0
ESQ,2023-12-14,50.34000015258789,50.47999954223633,49.59000015258789,50.0,35700,49.16791534423828,0.0
ESQ,2023-12-15,50.36000061035156,50.36000061035156,47.86000061035156,48.31999969482422,48400,47.515872955322266,0.0
ESQ,2023-12-18,48.220001220703125,48.625,47.560001373291016,47.939998626708984,22900,47.14219284057617,0.0
ESQ,2023-12-19,48.81999969482422,49.79999923706055,48.75,49.709999084472656,27000,48.88274002075195,0.0
ESQ,2023-12-20,49.2400016784668,50.7400016784668,48.83000183105469,49.02000045776367,25200,48.2042236328125,0.0
ESQ,2023-12-21,49.24599838256836,50.125,49.0,49.150001525878906,22000,48.33206558227539,0.0
ESQ,2023-12-22,49.290000915527344,50.18600082397461,49.0,49.9900016784668,38200,49.1580810546875,0.0
ESQ,2023-12-26,50.459999084472656,51.599998474121094,50.07600021362305,51.13999938964844,13800,50.288936614990234,0.0
ESQ,2023-12-27,51.0,51.33000183105469,50.564998626708984,51.099998474121094,10500,50.249603271484375,0.0
ESQ,2023-12-28,51.099998474121094,51.709999084472656,50.97999954223633,51.13999938964844,11500,50.288936614990234,0.0
ESQ,2023-12-29,50.59000015258789,51.2400016784668,49.90999984741211,49.959999084472656,12800,49.128578186035156,0.0
ESQ,2024-01-02,49.880001068115234,51.2400016784668,49.470001220703125,50.209999084472656,16300,49.37441635131836,0.0
ESQ,2024-01-03,50.08000183105469,50.2400016784668,48.04999923706055,48.63999938964844,17100,47.83054733276367,0.0
ESQ,2024-01-04,49.099998474121094,49.20000076293945,48.25,48.459999084472656,10100,47.65353775024414,0.0
ESQ,2024-01-05,47.47999954223633,48.650001525878906,47.47999954223633,48.099998474121094,10600,47.299530029296875,0.0
ESQ,2024-01-08,48.5099983215332,48.529998779296875,47.970001220703125,48.529998779296875,8300,47.722373962402344,0.0
ESQ,2024-01-09,48.0,48.7599983215332,47.099998474121094,47.2599983215332,25200,46.473514556884766,0.0
ESQ,2024-01-10,47.439998626708984,47.439998626708984,46.709999084472656,47.31999969482422,10100,46.53251647949219,0.0
ESQ,2024-01-11,46.86000061035156,47.81999969482422,46.11000061035156,47.2599983215332,16500,46.473514556884766,0.0
ESQ,2024-01-12,47.68000030517578,47.68000030517578,46.380001068115234,46.95000076293945,10000,46.168670654296875,0.0
ESQ,2024-01-16,47.0,48.47999954223633,46.88999938964844,48.02000045776367,18700,47.22085952758789,0.0
ESQ,2024-01-17,47.560001373291016,48.060001373291016,47.029998779296875,47.619998931884766,16100,46.82752227783203,0.0
ESQ,2024-01-18,47.95000076293945,48.81999969482422,47.09000015258789,47.790000915527344,8000,46.994693756103516,0.0
ESQ,2024-01-19,47.93000030517578,49.0,47.290000915527344,48.599998474121094,10900,47.79121017456055,0.0
ESQ,2024-01-22,49.900001525878906,50.52000045776367,48.459999084472656,49.4900016784668,12600,48.666404724121094,0.0
ESQ,2024-01-23,49.75,50.400001525878906,48.755001068115234,49.310001373291016,11000,48.489402770996094,0.0
ESQ,2024-01-24,49.757999420166016,50.209999084472656,48.79999923706055,49.27000045776367,8000,48.4500617980957,0.0
ESQ,2024-01-25,53.79999923706055,53.79999923706055,49.02000045776367,50.099998474121094,143400,49.26624298095703,0.0
ESQ,2024-01-26,51.13999938964844,53.4900016784668,50.869998931884766,52.65999984741211,166000,51.78364181518555,0.0
ESQ,2024-01-29,53.25,54.79999923706055,52.810001373291016,54.209999084472656,184600,53.3078498840332,0.0
ESQ,2024-01-30,53.72999954223633,54.779998779296875,52.79499816894531,53.7400016784668,181000,52.84566879272461,0.0
ESQ,2024-01-31,53.0,53.0,49.775001525878906,49.86000061035156,22000,49.03024673461914,0.0
ESQ,2024-02-01,50.58000183105469,50.58000183105469,48.84000015258789,50.2599983215332,42400,49.423583984375,0.0
ESQ,2024-02-02,49.5099983215332,51.619998931884766,49.5099983215332,50.18000030517578,25300,49.34491729736328,0.0
ESQ,2024-02-05,50.060001373291016,50.38999938964844,48.88100051879883,49.31999969482422,21600,48.499229431152344,0.0
ESQ,2024-02-06,48.900001525878906,49.97999954223633,47.7599983215332,49.310001373291016,26700,48.489402770996094,0.0
ESQ,2024-02-07,49.040000915527344,49.20000076293945,47.099998474121094,47.470001220703125,72000,46.680015563964844,0.0
ESQ,2024-02-08,47.0,47.60499954223633,46.720001220703125,47.27000045776367,69400,46.48334884643555,0.0
ESQ,2024-02-09,47.810001373291016,47.810001373291016,46.63199996948242,47.47999954223633,31700,46.689849853515625,0.0
ESQ,2024-02-12,47.5099983215332,49.40999984741211,47.5099983215332,49.029998779296875,32800,48.21405792236328,0.0
ESQ,2024-02-13,47.52000045776367,48.130001068115234,47.2599983215332,47.75,57800,46.955360412597656,0.0
ESQ,2024-02-14,49.310001373291016,49.52000045776367,47.540000915527344,49.369998931884766,18600,48.701385498046875,0.15
ESQ,2024-02-15,49.959999084472656,51.0,48.7599983215332,50.5099983215332,34200,49.82594299316406,0.0
ESQ,2024-02-16,50.18000030517578,50.5,47.959999084472656,49.7599983215332,39800,49.08610534667969,0.0
ESQ,2024-02-20,49.4900016784668,50.099998474121094,49.0099983215332,49.7599983215332,23300,49.08610534667969,0.0
ESQ,2024-02-21,49.16999816894531,50.0,49.16999816894531,49.61000061035156,22100,48.93813705444336,0.0
ESQ,2024-02-22,49.529998779296875,49.70800018310547,49.0,49.2599983215332,32100,48.592872619628906,0.0
ESQ,2024-02-23,49.2599983215332,50.150001525878906,49.0099983215332,49.880001068115234,12000,49.20448303222656,0.0
ESQ,2024-02-26,50.099998474121094,50.176998138427734,49.119998931884766,49.70000076293945,24900,49.02691650390625,0.0
ESQ,2024-02-27,50.08000183105469,50.44499969482422,49.75,49.869998931884766,15600,49.194610595703125,0.0
ESQ,2024-02-28,49.790000915527344,50.470001220703125,49.09000015258789,50.470001220703125,25300,49.786495208740234,0.0
ESQ,2024-02-29,51.43000030517578,51.720001220703125,50.52000045776367,50.779998779296875,13500,50.092288970947266,0.0
ESQ,2024-03-01,50.119998931884766,50.90999984741211,49.77000045776367,50.16999816894531,11200,49.49054718017578,0.0
ESQ,2024-03-04,50.0099983215332,51.922000885009766,49.220001220703125,49.70000076293945,50500,49.02691650390625,0.0
ESQ,2024-03-05,49.88999938964844,50.25,49.47999954223633,49.84000015258789,54300,49.16502380371094,0.0
ESQ,2024-03-06,50.29999923706055,50.630001068115234,49.4900016784668,50.40999984741211,34600,49.727298736572266,0.0
ESQ,2024-03-07,49.810001373291016,50.08000183105469,49.150001525878906,49.25,14600,48.583011627197266,0.0
ESQ,2024-03-08,50.0,50.20000076293945,49.209999084472656,49.65999984741211,22400,48.987457275390625,0.0
ESQ,2024-03-11,49.40999984741211,49.41999816894531,48.845001220703125,48.9900016784668,15900,48.326541900634766,0.0
ESQ,2024-03-12,48.84000015258789,49.255001068115234,48.5,48.689998626708984,12200,48.03059387207031,0.0
ESQ,2024-03-13,48.869998931884766,49.09000015258789,47.810001373291016,48.400001525878906,27100,47.744529724121094,0.0
ESQ,2024-03-14,47.96500015258789,47.96500015258789,47.40999984741211,47.72999954223633,26900,47.083595275878906,0.0
ESQ,2024-03-15,47.599998474121094,48.20000076293945,47.0,47.349998474121094,104200,46.708744049072266,0.0
ESQ,2024-03-18,47.189998626708984,47.189998626708984,46.099998474121094,46.5,48700,45.87025833129883,0.0
ESQ,2024-03-19,46.4900016784668,46.79999923706055,46.40999984741211,46.52000045776367,30600,45.889984130859375,0.0
ESQ,2024-03-20,46.7400016784668,49.439998626708984,46.33000183105469,49.04999923706055,39300,48.38571548461914,0.0
ESQ,2024-03-21,49.040000915527344,49.7599983215332,48.04999923706055,48.439998626708984,36200,47.78398132324219,0.0
ESQ,2024-03-22,48.77000045776367,48.77000045776367,47.310001373291016,47.630001068115234,41400,46.984954833984375,0.0
ESQ,2024-03-25,47.36000061035156,48.22999954223633,46.75,46.970001220703125,29400,46.33388900756836,0.0
ESQ,2024-03-26,47.0,47.20000076293945,45.849998474121094,45.970001220703125,37300,45.34743881225586,0.0
ESQ,2024-03-27,46.29999923706055,47.04499816894531,45.959999084472656,47.02000045776367,34100,46.38321304321289,0.0
ESQ,2024-03-28,46.83000183105469,47.5,46.5099983215332,47.470001220703125,54900,46.827117919921875,0.0
ESQ,2024-04-01,47.35499954223633,47.75,46.79999923706055,47.72999954223633,68300,47.083595275878906,0.0
ESQ,2024-04-02,47.52000045776367,47.52000045776367,45.310001373291016,45.65999984741211,59900,45.041629791259766,0.0
ESQ,2024-04-03,45.560001373291016,46.369998931884766,45.560001373291016,45.79999923706055,29000,45.17972946166992,0.0
ESQ,2024-04-04,45.970001220703125,47.154998779296875,45.970001220703125,46.61000061035156,46900,45.978763580322266,0.0
ESQ,2024-04-05,46.13999938964844,46.58000183105469,45.79999923706055,46.41999816894531,73000,45.79133605957031,0.0
ESQ,2024-04-08,46.52000045776367,48.06999969482422,46.52000045776367,47.33000183105469,81100,46.68901824951172,0.0
ESQ,2024-04-09,47.83000183105469,47.83000183105469,46.974998474121094,47.560001373291016,71000,46.915897369384766,0.0
ESQ,2024-04-10,46.58000183105469,47.38999938964844,45.11000061035156,45.75,79800,45.13040542602539,0.0
ESQ,2024-04-11,46.150001525878906,46.15999984741211,45.11000061035156,45.310001373291016,39600,44.696372985839844,0.0
ESQ,2024-04-12,45.20000076293945,46.09000015258789,45.11000061035156,46.060001373291016,84800,45.436214447021484,0.0
ESQ,2024-04-15,46.33000183105469,46.529998779296875,45.040000915527344,45.29999923706055,20900,44.68650436401367,0.0
ESQ,2024-04-16,44.900001525878906,45.40999984741211,44.650001525878906,44.810001373291016,78700,44.20314025878906,0.0
ESQ,2024-04-17,45.189998626708984,45.189998626708984,44.4900016784668,44.599998474121094,49400,43.9959831237793,0.0
ESQ,2024-04-18,44.599998474121094,45.42499923706055,44.45000076293945,45.0099983215332,51800,44.40043258666992,0.0
ESQ,2024-04-19,44.72999954223633,46.61000061035156,44.72999954223633,46.599998474121094,83300,45.96889877319336,0.0
ESQ,2024-04-22,46.369998931884766,47.36000061035156,46.130001068115234,46.560001373291016,50300,45.929439544677734,0.0
ESQ,2024-04-23,46.20000076293945,47.0,46.09000015258789,46.810001373291016,44400,46.176055908203125,0.0
ESQ,2024-04-24,46.310001373291016,46.970001220703125,46.310001373291016,46.95000076293945,13100,46.31416320800781,0.0
ESQ,2024-04-25,47.0,47.827999114990234,46.2599983215332,47.400001525878906,46000,46.7580680847168,0.0
ESQ,2024-04-26,47.95000076293945,49.310001373291016,47.349998474121094,49.119998931884766,63100,48.45477294921875,0.0
ESQ,2024-04-29,49.47999954223633,49.54999923706055,47.025001525878906,47.040000915527344,55300,46.4029426574707,0.0
ESQ,2024-04-30,46.29999923706055,47.470001220703125,46.18000030517578,47.060001373291016,44900,46.422672271728516,0.0
ESQ,2024-05-01,47.18000030517578,48.119998931884766,47.18000030517578,47.625,19500,46.98001480102539,0.0
ESQ,2024-05-02,47.310001373291016,48.584999084472656,47.310001373291016,48.220001220703125,31500,47.56696319580078,0.0
ESQ,2024-05-03,48.869998931884766,48.869998931884766,48.34199905395508,48.5099983215332,20300,47.85302734375,0.0
ESQ,2024-05-06,49.0,50.09000015258789,48.77000045776367,49.77000045776367,42900,49.09596633911133,0.0
ESQ,2024-05-07,50.310001373291016,50.5,49.869998931884766,49.869998931884766,13500,49.194610595703125,0.0
ESQ,2024-05-08,49.400001525878906,50.529998779296875,49.400001525878906,50.27000045776367,17200,49.589195251464844,0.0
ESQ,2024-05-09,50.38999938964844,50.5099983215332,49.90999984741211,50.310001373291016,23200,49.628658294677734,0.0
ESQ,2024-05-10,49.86899948120117,50.66999816894531,49.47999954223633,49.7400016784668,24500,49.06637191772461,0.0
ESQ,2024-05-13,50.209999084472656,50.209999084472656,48.97999954223633,48.97999954223633,20700,48.31666946411133,0.0
ESQ,2024-05-14,49.540000915527344,49.540000915527344,48.36000061035156,48.97999954223633,28400,48.465091705322266,0.15
ESQ,2024-05-15,49.150001525878906,49.435001373291016,49.0099983215332,49.099998474121094,22100,48.583824157714844,0.0
ESQ,2024-05-16,48.939998626708984,49.04800033569336,48.470001220703125,48.779998779296875,22400,48.26719665527344,0.0
ESQ,2024-05-17,48.970001220703125,49.099998474121094,48.56999969482422,48.72999954223633,20300,48.217716217041016,0.0
ESQ,2024-05-20,48.994998931884766,49.0099983215332,47.83000183105469,47.84000015258789,28800,47.337074279785156,0.0
ESQ,2024-05-21,47.63999938964844,48.04999923706055,47.61000061035156,48.0,9000,47.495391845703125,0.0
ESQ,2024-05-22,47.845001220703125,48.33000183105469,47.5,47.900001525878906,36200,47.396446228027344,0.0
ESQ,2024-05-23,47.650001525878906,47.78499984741211,46.46500015258789,46.779998779296875,33100,46.2882194519043,0.0
ESQ,2024-05-24,47.22999954223633,47.22999954223633,46.790000915527344,47.08000183105469,16200,46.58506774902344,0.0
ESQ,2024-05-28,47.09000015258789,47.5,46.459999084472656,46.66999816894531,19000,46.17937469482422,0.0
ESQ,2024-05-29,46.45000076293945,46.45000076293945,45.25,45.27000045776367,19800,44.79409408569336,0.0
ESQ,2024-05-30,45.7400016784668,46.209999084472656,45.459999084472656,45.650001525878906,15700,45.170101165771484,0.0
ESQ,2024-05-31,45.52000045776367,45.880001068115234,45.290000915527344,45.77000045776367,12900,45.28883743286133,0.0
ESQ,2024-06-03,46.150001525878906,46.22999954223633,45.290000915527344,46.0,19300,45.516422271728516,0.0
ESQ,2024-06-04,45.84000015258789,46.04999923706055,45.529998779296875,45.9900016784668,20400,45.50653076171875,0.0
ESQ,2024-06-05,45.84400177001953,46.0,45.45000076293945,45.81999969482422,20100,45.33830642700195,0.0
ESQ,2024-06-06,45.814998626708984,46.970001220703125,45.814998626708984,46.70000076293945,23000,46.20906066894531,0.0
ESQ,2024-06-07,46.45000076293945,47.07500076293945,46.45000076293945,46.790000915527344,18500,46.298118591308594,0.0
ESQ,2024-06-10,46.45000076293945,46.95000076293945,46.04999923706055,46.650001525878906,19600,46.15958786010742,0.0
ESQ,2024-06-11,46.2599983215332,47.0,46.119998931884766,46.90999984741211,22700,46.41685104370117,0.0
ESQ,2024-06-12,47.9900016784668,48.36600112915039,46.709999084472656,46.939998626708984,45300,46.446537017822266,0.0
ESQ,2024-06-13,47.13999938964844,47.13999938964844,46.20500183105469,46.5,16800,46.011165618896484,0.0
ESQ,2024-06-14,46.33000183105469,46.33000183105469,45.47999954223633,45.599998474121094,16000,45.12062454223633,0.0
ESQ,2024-06-17,45.880001068115234,46.27000045776367,44.900001525878906,46.130001068115234,29300,45.64505386352539,0.0
ESQ,2024-06-18,45.1619987487793,46.104000091552734,45.1619987487793,45.52000045776367,18100,45.041465759277344,0.0
ESQ,2024-06-20,45.5,46.130001068115234,45.025001525878906,45.5099983215332,15600,45.03156661987305,0.0
ESQ,2024-06-21,45.68000030517578,46.0,44.54499816894531,44.91999816894531,89100,44.44776916503906,0.0
ESQ,2024-06-24,45.06999969482422,45.64699935913086,45.06999969482422,45.400001525878906,27100,44.9227294921875,0.0
ESQ,2024-06-25,45.119998931884766,45.36000061035156,45.119998931884766,45.29999923706055,19900,44.82378005981445,0.0
ESQ,2024-06-26,45.13999938964844,46.2599983215332,45.13999938964844,45.970001220703125,26200,45.48674011230469,0.0
ESQ,2024-06-27,46.060001373291016,46.7400016784668,46.060001373291016,46.7400016784668,29000,46.24864196777344,0.0
ESQ,2024-06-28,47.11000061035156,47.7400016784668,46.88999938964844,47.599998474121094,131900,47.0995979309082,0.0
ESQ,2024-07-01,47.58000183105469,47.58000183105469,46.77000045776367,47.099998474121094,37300,46.6048469543457,0.0
ESQ,2024-07-02,46.939998626708984,47.9900016784668,46.77000045776367,47.9900016784668,38000,47.48550033569336,0.0
ESQ,2024-07-03,47.72999954223633,47.72999954223633,46.77000045776367,46.9900016784668,24200,46.49601364135742,0.0
ESQ,2024-07-05,46.77000045776367,46.77000045776367,46.099998474121094,46.15999984741211,40100,45.67473220825195,0.0
ESQ,2024-07-08,46.310001373291016,47.209999084472656,46.310001373291016,46.5,10700,46.011165618896484,0.0
ESQ,2024-07-09,46.84000015258789,46.84000015258789,46.099998474121094,46.65999984741211,11700,46.16948318481445,0.0
ESQ,2024-07-10,47.209999084472656,48.369998931884766,47.209999084472656,48.2400016784668,15600,47.732872009277344,0.0
ESQ,2024-07-11,49.2599983215332,51.0,49.15999984741211,49.900001525878906,39300,49.37541961669922,0.0
ESQ,2024-07-12,50.529998779296875,51.959999084472656,50.04999923706055,51.790000915527344,29100,51.24555206298828,0.0
ESQ,2024-07-15,51.959999084472656,54.650001525878906,51.47999954223633,54.52000045776367,52800,53.94685363769531,0.0
ESQ,2024-07-16,54.88999938964844,57.220001220703125,54.880001068115234,56.63999938964844,43200,56.04456329345703,0.0
ESQ,2024-07-17,56.47999954223633,57.0,56.349998474121094,56.56999969482422,42700,55.97529983520508,0.0
ESQ,2024-07-18,56.29999923706055,57.540000915527344,54.84000015258789,55.349998474121094,29800,54.768131256103516,0.0
ESQ,2024-07-19,55.5,55.65399932861328,54.93000030517578,55.130001068115234,13100,54.55044174194336,0.0
ESQ,2024-07-22,54.91999816894531,57.02000045776367,54.91999816894531,56.63999938964844,20500,56.04456329345703,0.0
ESQ,2024-07-23,56.70000076293945,58.40999984741211,56.70000076293945,57.900001525878906,35400,57.29132080078125,0.0
ESQ,2024-07-24,57.27000045776367,59.08000183105469,57.209999084472656,57.22999954223633,21500,56.628360748291016,0.0
ESQ,2024-07-25,56.810001373291016,59.4900016784668,56.810001373291016,59.06999969482422,55100,58.44901657104492,0.0
ESQ,2024-07-26,59.33000183105469,59.560001373291016,58.849998474121094,59.29999923706055,77400,58.67659378051758,0.0
ESQ,2024-07-29,59.5099983215332,59.5099983215332,57.369998931884766,57.369998931884766,20700,56.76689147949219,0.0
ESQ,2024-07-30,58.0,60.52000045776367,57.97999954223633,59.7599983215332,63800,59.13176345825195,0.0
ESQ,2024-07-31,59.7599983215332,62.5,59.470001220703125,61.66999816894531,161700,61.02168655395508,0.0
ESQ,2024-08-01,61.650001525878906,61.650001525878906,58.290000915527344,59.40999984741211,49600,58.78544616699219,0.0
ESQ,2024-08-02,57.52000045776367,59.04999923706055,57.38999938964844,58.689998626708984,41300,58.0730094909668,0.0
ESQ,2024-08-05,55.599998474121094,57.34000015258789,54.49100112915039,55.77000045776367,57900,55.18370819091797,0.0
ESQ,2024-08-06,55.63999938964844,56.2599983215332,55.63999938964844,55.68000030517578,27100,55.09465408325195,0.0
ESQ,2024-08-07,56.6510009765625,56.6510009765625,55.689998626708984,55.72999954223633,28000,55.14413070678711,0.0
ESQ,2024-08-08,56.22999954223633,56.9900016784668,56.112998962402344,56.650001525878906,14900,56.05446243286133,0.0
ESQ,2024-08-09,56.400001525878906,56.88999938964844,55.83000183105469,55.86000061035156,9800,55.27276611328125,0.0
ESQ,2024-08-12,56.34000015258789,56.34000015258789,54.86000061035156,55.349998474121094,11500,54.768131256103516,0.0
ESQ,2024-08-13,55.1879997253418,56.25,54.95000076293945,56.25,11600,55.65866470336914,0.0
ESQ,2024-08-14,55.19900131225586,55.619998931884766,55.150001525878906,55.41999816894531,10400,54.83738708496094,0.0
ESQ,2024-08-15,56.5,57.34000015258789,56.130001068115234,56.65999984741211,15200,56.21650695800781,0.15
ESQ,2024-08-16,56.63999938964844,57.59000015258789,56.5,57.400001525878906,24000,56.95071792602539,0.0
ESQ,2024-08-19,57.619998931884766,58.439998626708984,56.849998474121094,57.95000076293945,26300,57.49641036987305,0.0
ESQ,2024-08-20,58.029998779296875,58.029998779296875,57.0099983215332,57.7400016784668,17900,57.288055419921875,0.0
ESQ,2024-08-21,57.31999969482422,58.2400016784668,56.779998779296875,58.20000076293945,23800,57.74445724487305,0.0
ESQ,2024-08-22,58.33000183105469,58.709999084472656,57.375,58.439998626708984,45900,57.98257827758789,0.0
ESQ,2024-08-23,59.08000183105469,62.11199951171875,59.08000183105469,61.2599983215332,42500,60.78050231933594,0.0
ESQ,2024-08-26,61.56999969482422,61.650001525878906,60.67499923706055,60.709999084472656,13700,60.234806060791016,0.0
ESQ,2024-08-27,60.18000030517578,61.15999984741211,60.18000030517578,60.790000915527344,17600,60.314178466796875,0.0
ESQ,2024-08-28,61.220001220703125,61.689998626708984,60.02000045776367,60.31999969482422,15900,59.847862243652344,0.0
ESQ,2024-08-29,60.40999984741211,61.79999923706055,60.33000183105469,61.040000915527344,12500,60.56222915649414,0.0
ESQ,2024-08-30,60.582000732421875,61.58000183105469,60.529998779296875,61.529998779296875,9300,61.04838562011719,0.0
ESQ,2024-09-03,61.08000183105469,61.18000030517578,57.0,60.13999938964844,21800,59.66926956176758,0.0
ESQ,2024-09-04,60.36000061035156,60.369998931884766,58.7599983215332,59.540000915527344,16800,59.07396697998047,0.0
ESQ,2024-09-05,59.0,59.584999084472656,58.689998626708984,59.45000076293945,13000,58.98467254638672,0.0
ESQ,2024-09-06,59.4900016784668,60.279998779296875,58.880001068115234,59.5,60900,59.03428268432617,0.0
ESQ,2024-09-09,59.939998626708984,61.0,59.7599983215332,59.7599983215332,17200,59.29224395751953,0.0
ESQ,2024-09-10,59.849998474121094,60.939998626708984,59.220001220703125,60.88999938964844,16000,60.41339874267578,0.0
ESQ,2024-09-11,59.540000915527344,60.29999923706055,59.0,59.720001220703125,14600,59.252559661865234,0.0
ESQ,2024-09-12,60.220001220703125,61.154998779296875,59.95000076293945,60.439998626708984,29500,59.9669189453125,0.0
ESQ,2024-09-13,61.09000015258789,61.59000015258789,60.84000015258789,61.04999923706055,20800,60.572147369384766,0.0
ESQ,2024-09-16,60.79999923706055,62.310001373291016,60.5,62.08000183105469,23400,61.594085693359375,0.0
ESQ,2024-09-17,62.400001525878906,64.18000030517578,62.2400016784668,62.599998474121094,19300,62.110015869140625,0.0
ESQ,2024-09-18,62.439998626708984,64.54000091552734,61.45500183105469,63.27000045776367,31700,62.77477264404297,0.0
ESQ,2024-09-19,64.43000030517578,64.94000244140625,62.79999923706055,64.55000305175781,15600,64.04474639892578,0.0
ESQ,2024-09-20,64.55999755859375,64.55999755859375,62.880001068115234,63.09000015258789,49700,62.5961799621582,0.0
ESQ,2024-09-23,63.04999923706055,64.44000244140625,62.619998931884766,63.310001373291016,23800,62.81446075439453,0.0
ESQ,2024-09-24,63.77000045776367,64.0,61.709999084472656,63.09000015258789,32800,62.5961799621582,0.0
ESQ,2024-09-25,64.36599731445312,64.36599731445312,62.525001525878906,63.45000076293945,33100,62.953365325927734,0.0
ESQ,2024-09-26,63.939998626708984,64.81300354003906,63.22999954223633,63.22999954223633,23700,62.73508071899414,0.0
ESQ,2024-09-27,64.33000183105469,64.94000244140625,63.22999954223633,64.37999725341797,48200,63.876075744628906,0.0
ESQ,2024-09-30,64.22000122070312,66.18000030517578,64.22000122070312,65.20999908447266,89100,64.6995849609375,0.0
ESQ,2024-10-01,63.58300018310547,63.94499969482422,62.36000061035156,62.599998474121094,29000,62.110015869140625,0.0
ESQ,2024-10-02,61.81999969482422,63.11000061035156,60.41999816894531,60.83000183105469,35400,60.35387420654297,0.0
ESQ,2024-10-03,61.26499938964844,61.709999084472656,60.63999938964844,61.33000183105469,31500,60.84995651245117,0.0
ESQ,2024-10-04,61.939998626708984,62.66999816894531,61.25,61.25,23100,60.77058029174805,0.0
ESQ,2024-10-07,61.2599983215332,61.69499969482422,61.0,61.63999938964844,16300,61.157527923583984,0.0
ESQ,2024-10-08,61.540000915527344,62.029998779296875,61.459999084472656,61.529998779296875,10800,61.04838562011719,0.0
ESQ,2024-10-09,61.220001220703125,62.650001525878906,60.95000076293945,61.779998779296875,11100,61.29643249511719,0.0
ESQ,2024-10-10,61.25,61.86000061035156,61.130001068115234,61.70000076293945,16200,61.217063903808594,0.0
ESQ,2024-10-11,61.810001373291016,63.69499969482422,61.810001373291016,63.689998626708984,24800,63.19148254394531,0.0
ESQ,2024-10-14,63.689998626708984,64.73500061035156,63.689998626708984,64.30999755859375,16400,63.8066291809082,0.0
ESQ,2024-10-15,64.30999755859375,67.05999755859375,64.30999755859375,65.29000091552734,20900,64.77896118164062,0.0
ESQ,2024-10-16,66.05999755859375,67.39700317382812,66.05999755859375,67.2699966430664,29000,66.74345397949219,0.0
ESQ,2024-10-17,67.6500015258789,67.69999694824219,66.80999755859375,67.55000305175781,11500,67.02127075195312,0.0
ESQ,2024-10-18,67.55999755859375,67.77999877929688,66.30400085449219,66.44999694824219,13700,65.92987060546875,0.0
ESQ,2024-10-21,66.6500015258789,66.94999694824219,63.71900177001953,63.81999969482422,16200,63.320465087890625,0.0
ESQ,2024-10-22,65.04000091552734,65.04000091552734,63.0099983215332,63.22999954223633,25700,62.73508071899414,0.0
ESQ,2024-10-23,62.900001525878906,63.189998626708984,62.61000061035156,62.83000183105469,33000,62.33821487426758,0.0
ESQ,2024-10-24,64.5,65.8550033569336,63.0,65.73999786376953,31700,65.22543334960938,0.0
ESQ,2024-10-25,66.29000091552734,66.5,64.33000183105469,64.5999984741211,25400,64.09436798095703,0.0
ESQ,2024-10-28,65.52999877929688,66.81999969482422,65.51000213623047,66.76000213623047,22100,66.23746490478516,0.0
ESQ,2024-10-29,66.30999755859375,68.15499877929688,65.77999877929688,67.43000030517578,20800,66.90221405029297,0.0
ESQ,2024-10-30,67.0199966430664,69.0,67.0199966430664,67.12999725341797,18100,66.60455322265625,0.0
ESQ,2024-10-31,67.44000244140625,67.70999908447266,66.58000183105469,66.58000183105469,15100,66.0588607788086,0.0
ESQ,2024-11-01,66.80999755859375,67.9800033569336,66.48999786376953,66.48999786376953,15900,65.96956634521484,0.0
ESQ,2024-11-04,66.62000274658203,66.62000274658203,65.12000274658203,65.86000061035156,21900,65.34449768066406,0.0
ESQ,2024-11-05,63.099998474121094,68.0,63.099998474121094,67.95999908447266,18200,67.42805480957031,0.0
ESQ,2024-11-06,72.01000213623047,76.00499725341797,70.0199966430664,73.86000061035156,63300,73.28187561035156,0.0
ESQ,2024-11-07,71.5,73.76499938964844,71.4000015258789,71.80999755859375,60200,71.24793243408203,0.0
ESQ,2024-11-08,72.30999755859375,73.0199966430664,72.23999786376953,72.5199966430664,13800,71.95236206054688,0.0
ESQ,2024-11-11,73.63999938964844,75.58999633789062,73.0,75.4000015258789,25500,74.80982971191406,0.0
ESQ,2024-11-12,75.2300033569336,76.91000366210938,74.52999877929688,75.66000366210938,43400,75.06779479980469,0.0
ESQ,2024-11-13,76.3499984741211,76.48999786376953,74.4000015258789,74.4000015258789,19100,73.81766510009766,0.0
ESQ,2024-11-14,74.18000030517578,75.11000061035156,72.12999725341797,72.66000366210938,29400,72.0912857055664,0.0
ESQ,2024-11-15,72.51000213623047,73.0,70.5999984741211,71.76000213623047,29000,71.34561157226562,0.15
ESQ,2024-11-18,71.5999984741211,71.98999786376953,71.0999984741211,71.52999877929688,17500,71.11692810058594,0.0
ESQ,2024-11-19,71.52999877929688,72.62000274658203,69.86000061035156,72.62000274658203,16500,72.20063781738281,0.0
ESQ,2024-11-20,72.70999908447266,73.01000213623047,71.97000122070312,73.01000213623047,23200,72.58838653564453,0.0
ESQ,2024-11-21,73.6500015258789,74.68000030517578,72.86000061035156,74.0,18100,73.57266998291016,0.0
ESQ,2024-11-22,74.13999938964844,76.5,74.13999938964844,76.5,24700,76.05823516845703,0.0
ESQ,2024-11-25,77.51000213623047,79.76000213623047,77.47000122070312,77.47000122070312,61500,77.02262878417969,0.0
ESQ,2024-11-26,77.72000122070312,78.0,74.69400024414062,77.23999786376953,41200,76.79395294189453,0.0
ESQ,2024-11-27,77.93000030517578,80.0,77.68499755859375,78.5,56200,78.04667663574219,0.0
ESQ,2024-11-29,78.4000015258789,78.4000015258789,76.23999786376953,77.69000244140625,42700,77.24136352539062,0.0
ESQ,2024-12-02,77.6500015258789,79.38999938964844,76.43000030517578,78.31999969482422,68500,77.86772155761719,0.0
ESQ,2024-12-03,78.5999984741211,79.3499984741211,77.05000305175781,77.91999816894531,60400,77.47003173828125,0.0
ESQ,2024-12-04,78.4000015258789,79.25,77.52999877929688,78.9000015258789,41000,78.44437408447266,0.0
ESQ,2024-12-05,79.44000244140625,80.79000091552734,78.5,79.47000122070312,46500,79.0110855102539,0.0
ESQ,2024-12-06,80.05999755859375,80.2699966430664,77.41899871826172,77.86000061035156,22400,77.4103775024414,0.0
ESQ,2024-12-09,77.5999984741211,78.6449966430664,76.69999694824219,76.69999694824219,25800,76.25707244873047,0.0
ESQ,2024-12-10,76.5,80.88999938964844,76.0,79.62000274658203,54400,79.16021728515625,0.0
ESQ,2024-12-11,79.94000244140625,80.62999725341797,78.37000274658203,78.45999908447266,45000,78.00691223144531,0.0
ESQ,2024-12-12,77.80000305175781,79.26000213623047,77.2750015258789,78.51000213623047,55400,78.05663299560547,0.0
ESQ,2024-12-13,78.44000244140625,78.47000122070312,77.1500015258789,77.16999816894531,28700,76.724365234375,0.0
ESQ,2024-12-16,77.2300033569336,79.73999786376953,77.18000030517578,78.76000213623047,22900,78.30517578125,0.0
ESQ,2024-12-17,78.48999786376953,78.48999786376953,77.1500015258789,77.75,44500,77.30101776123047,0.0
ESQ,2024-12-18,80.61000061035156,80.61000061035156,77.40499877929688,78.93000030517578,235100,78.47419738769531,0.0
ESQ,2024-12-19,79.58999633789062,79.58999633789062,76.25,77.5,106600,77.05245208740234,0.0
ESQ,2024-12-20,76.98999786376953,79.45999908447266,76.98999786376953,78.61000061035156,91100,78.15604400634766,0.0
ESQ,2024-12-23,78.5999984741211,79.62999725341797,77.83999633789062,78.97000122070312,38200,78.51396942138672,0.0
ESQ,2024-12-24,79.16999816894531,80.4000015258789,78.51000213623047,79.12999725341797,26600,78.67304229736328,0.0
ESQ,2024-12-26,78.98999786376953,80.12999725341797,78.63500213623047,79.97000122070312,22100,79.50819396972656,0.0
ESQ,2024-12-27,79.5,80.00499725341797,77.9800033569336,78.77999877929688,52600,78.32505798339844,0.0
ESQ,2024-12-30,78.7300033569336,80.27999877929688,77.51000213623047,79.94000244140625,31800,79.4783706665039,0.0
ESQ,2024-12-31,81.43000030517578,81.68000030517578,79.48999786376953,79.5,53600,79.04090881347656,0.0
ESQ,2025-01-02,79.48999786376953,80.65499877929688,76.98999786376953,78.0999984741211,50400,77.64899444580078,0.0
ESQ,2025-01-03,78.5,79.94999694824219,77.15499877929688,79.52999877929688,100000,79.07073211669922,0.0
ESQ,2025-01-06,79.4800033569336,79.69999694824219,78.59500122070312,78.83000183105469,33400,78.37478637695312,0.0
ESQ,2025-01-07,78.83999633789062,80.77999877929688,78.83999633789062,80.5,102500,80.0351333618164,0.0
ESQ,2025-01-08,80.66000366210938,82.55999755859375,80.2699966430664,81.0,58400,80.53224182128906,0.0
ESQ,2025-01-10,79.83000183105469,81.41000366210938,76.96499633789062,78.19999694824219,69000,77.74840545654297,0.0
ESQ,2025-01-13,77.5,79.23999786376953,77.5,78.87000274658203,42300,78.41455078125,0.0
ESQ,2025-01-14,79.20999908447266,81.0,79.01399993896484,80.23999786376953,48800,79.77662658691406,0.0
ESQ,2025-01-15,81.43000030517578,83.36000061035156,81.43000030517578,83.23999786376953,56100,82.75930786132812,0.0
ESQ,2025-01-16,83.02999877929688,84.41000366210938,82.69999694824219,84.2699966430664,72100,83.78336334228516,0.0
ESQ,2025-01-17,84.94000244140625,86.875,83.7229995727539,86.83999633789062,138500,86.3385238647461,0.0
ESQ,2025-01-21,87.66000366210938,90.0,87.5,87.94000244140625,113800,87.43217468261719,0.0
ESQ,2025-01-22,87.81999969482422,89.16999816894531,87.08999633789062,89.0,104900,88.48604583740234,0.0
ESQ,2025-01-23,87.73999786376953,88.93499755859375,85.16500091552734,86.12000274658203,86000,85.62267303466797,0.0
ESQ,2025-01-24,84.5999984741211,85.22000122070312,82.0,82.2699966430664,90000,81.79491424560547,0.0
ESQ,2025-01-27,81.88999938964844,84.76000213623047,81.4000015258789,84.26000213623047,76700,83.77342224121094,0.0
ESQ,2025-01-28,83.87999725341797,85.91999816894531,81.10299682617188,85.81999969482422,246400,85.32440948486328,0.0
ESQ,2025-01-29,85.69000244140625,88.28299713134766,84.12000274658203,85.2699966430664,335400,84.777587890625,0.0
ESQ,2025-01-30,85.91000366210938,89.38500213623047,85.91000366210938,87.41999816894531,311100,86.91516876220703,0.0
ESQ,2025-01-31,87.87000274658203,90.18000030517578,87.5,89.37000274658203,104300,88.85391998291016,0.0
ESQ,2025-02-03,87.45999908447266,88.01000213623047,85.68000030517578,85.81999969482422,178300,85.32440948486328,0.0
ESQ,2025-02-04,85.55999755859375,87.19999694824219,85.33999633789062,87.19000244140625,48800,86.68650817871094,0.0
ESQ,2025-02-05,87.36000061035156,88.06999969482422,86.65699768066406,87.0,74200,86.49759674072266,0.0
ESQ,2025-02-06,87.1050033569336,88.0,85.5,88.0,76300,87.4918212890625,0.0
ESQ,2025-02-07,87.88999938964844,87.93000030517578,85.31999969482422,85.31999969482422,46500,84.82730102539062,0.0
ESQ,2025-02-10,85.37000274658203,86.81999969482422,84.4800033569336,84.48999786376953,59700,84.00209045410156,0.0
ESQ,2025-02-11,83.61000061035156,85.72000122070312,83.2699966430664,85.30999755859375,52900,84.81735229492188,0.0
ESQ,2025-02-12,84.04000091552734,84.8499984741211,82.5199966430664,83.56999969482422,50000,83.08740234375,0.0
ESQ,2025-02-13,83.41999816894531,85.33999633789062,83.41999816894531,85.30999755859375,54500,84.81735229492188,0.0
ESQ,2025-02-14,85.73999786376953,86.4000015258789,83.69999694824219,83.77999877929688,55600,83.4674072265625,0.175
ESQ,2025-02-18,83.58000183105469,85.61000061035156,82.8499984741211,85.58999633789062,46200,85.2706527709961,0.0
ESQ,2025-02-19,84.93000030517578,85.94000244140625,84.7699966430664,85.66999816894531,45800,85.3503646850586,0.0
ESQ,2025-02-20,84.22000122070312,86.1500015258789,81.62000274658203,81.9000015258789,50600,81.59442901611328,0.0
ESQ,2025-02-21,82.68000030517578,82.68000030517578,78.91000366210938,78.97000122070312,51000,78.67536163330078,0.0
ESQ,2025-02-24,79.94000244140625,82.91500091552734,78.4800033569336,79.22000122070312,54500,78.92442321777344,0.0
ESQ,2025-02-25,80.38999938964844,81.1500015258789,76.95999908447266,77.30999755859375,62000,77.02155303955078,0.0
ESQ,2025-02-26,77.33999633789062,78.52999877929688,77.33000183105469,77.44000244140625,41400,77.15106964111328,0.0
ESQ,2025-02-27,77.44000244140625,77.5999984741211,76.33499908447266,76.9000015258789,60200,76.61308288574219,0.0
ESQ,2025-02-28,77.9000015258789,79.22000122070312,76.69999694824219,77.12000274658203,209700,76.83226013183594,0.0
ESQ,2025-03-03,78.4000015258789,79.5999984741211,76.69999694824219,76.77999877929688,55900,76.4935302734375,0.0
ESQ,2025-03-04,75.83999633789062,77.50499725341797,72.81999969482422,73.9800033569336,53300,73.7039794921875,0.0
ESQ,2025-03-05,73.56999969482422,73.87000274658203,71.95999908447266,73.87000274658203,50100,73.5943832397461,0.0
ESQ,2025-03-06,73.58999633789062,73.58999633789062,71.71499633789062,72.2750015258789,44400,72.00534057617188,0.0
ESQ,2025-03-07,72.05999755859375,72.7300033569336,70.06999969482422,72.19000244140625,51700,71.92066192626953,0.0
ESQ,2025-03-10,71.58999633789062,71.58999633789062,68.9000015258789,70.73999786376953,91200,70.47605895996094,0.0
ESQ,2025-03-11,71.2699966430664,72.05999755859375,70.62000274658203,71.05000305175781,38700,70.784912109375,0.0
ESQ,2025-03-12,72.52999877929688,75.97000122070312,71.18499755859375,72.0999984741211,44000,71.83098602294922,0.0
ESQ,2025-03-13,72.44000244140625,72.55000305175781,71.0199966430664,71.36000061035156,29900,71.09375762939453,0.0
ESQ,2025-03-14,72.01000213623047,73.20500183105469,71.44999694824219,73.0999984741211,38000,72.82725524902344,0.0
ESQ,2025-03-17,72.68000030517578,73.43000030517578,71.30000305175781,71.30000305175781,50800,71.03398132324219,0.0
ESQ,2025-03-18,71.01000213623047,72.58999633789062,70.58999633789062,72.0,68800,71.73136901855469,0.0
ESQ,2025-03-19,72.16000366210938,73.81500244140625,72.16000366210938,73.55000305175781,49900,73.27558898925781,0.0
ESQ,2025-03-20,72.95999908447266,74.94000244140625,72.58000183105469,73.41999816894531,37500,73.14606475830078,0.0
ESQ,2025-03-21,72.6500015258789,73.66000366210938,71.36499786376953,72.18000030517578,244900,71.91069030761719,0.0
ESQ,2025-03-24,73.37999725341797,76.18000030517578,72.69999694824219,75.37000274658203,59900,75.08879089355469,0.0
ESQ,2025-03-25,74.9800033569336,76.97000122070312,74.9800033569336,75.68000030517578,45800,75.39762878417969,0.0
ESQ,2025-03-26,76.19000244140625,76.19000244140625,75.0,75.83000183105469,36700,75.54707336425781,0.0
ESQ,2025-03-27,76.25,76.55000305175781,75.37000274658203,76.0999984741211,34700,75.81607055664062,0.0
ESQ,2025-03-28,75.7699966430664,76.66999816894531,74.24500274658203,75.05999755859375,43300,74.77994537353516,0.0
ESQ,2025-03-31,74.58499908447266,75.88999938964844,74.4749984741211,75.37999725341797,58200,75.0987548828125,0.0
ESQ,2025-04-01,74.70999908447266,77.08499908447266,74.3489990234375,75.55000305175781,40700,75.26811981201172,0.0
ESQ,2025-04-02,74.43000030517578,75.5199966430664,72.66999816894531,74.25,87100,73.97296905517578,0.0
ESQ,2025-04-03,70.91999816894531,72.19000244140625,69.80999755859375,71.62000274658203,98400,71.352783203125,0.0
ESQ,2025-04-04,69.19000244140625,72.5,69.13999938964844,71.93000030517578,87300,71.66162872314453,0.0
ESQ,2025-04-07,69.9800033569336,74.83499908447266,69.9800033569336,74.01000213623047,64800,73.73387145996094,0.0
ESQ,2025-04-08,75.86000061035156,76.27999877929688,73.71499633789062,75.23999786376953,97200,74.95927429199219,0.0
ESQ,2025-04-09,74.05999755859375,81.4800033569336,73.5,79.0,146800,78.70524597167969,0.0
ESQ,2025-04-10,78.2300033569336,79.8499984741211,75.30500030517578,76.91000366210938,114800,76.62305450439453,0.0
ESQ,2025-04-11,76.16000366210938,77.36000061035156,74.4000015258789,77.04000091552734,40500,76.7525634765625,0.0
ESQ,2025-04-14,77.4000015258789,77.94000244140625,75.79000091552734,77.76000213623047,37600,77.46987915039062,0.0
ESQ,2025-04-15,77.81999969482422,79.5999984741211,77.81999969482422,78.83999633789062,60800,78.54583740234375,0.0
ESQ,2025-04-16,78.87000274658203,79.51000213623047,78.06999969482422,79.51000213623047,52600,79.21334838867188,0.0
ESQ,2025-04-17,79.4000015258789,80.86000061035156,79.23999786376953,80.55999755859375,50300,80.25942993164062,0.0
ESQ,2025-04-21,80.36000061035156,80.36000061035156,78.62999725341797,79.16999816894531,42200,78.8746109008789,0.0
ESQ,2025-04-22,79.69000244140625,83.30000305175781,78.92500305175781,82.77999877929688,90100,82.47113800048828,0.0
ESQ,2025-04-23,83.45999908447266,85.13999938964844,82.01000213623047,83.05000305175781,87700,82.74014282226562,0.0
ESQ,2025-04-24,83.5999984741211,85.19999694824219,83.23999786376953,84.93000030517578,71900,84.61312103271484,0.0
ESQ,2025-04-25,85.8499984741211,86.61499786376953,84.37999725341797,85.30000305175781,75800,84.98174285888672,0.0
ESQ,2025-04-28,85.30000305175781,85.30000305175781,83.0,84.1500015258789,87400,83.83602905273438,0.0
ESQ,2025-04-29,84.62000274658203,85.0,82.51399993896484,84.37000274658203,63500,84.05521392822266,0.0
ESQ,2025-04-30,82.51000213623047,83.83000183105469,81.0,82.91999816894531,68000,82.6106185913086,0.0
ESQ,2025-05-01,83.0199966430664,83.94999694824219,80.19400024414062,83.44000244140625,56500,83.1286849975586,0.0
ESQ,2025-05-02,84.04000091552734,86.27999877929688,84.04000091552734,85.83999633789062,62700,85.51972961425781,0.0
ESQ,2025-05-05,85.6500015258789,86.87999725341797,84.97000122070312,86.76000213623047,44200,86.4363021850586,0.0
ESQ,2025-05-06,86.22000122070312,88.08000183105469,85.08999633789062,87.33000183105469,36900,87.0041732788086,0.0
ESQ,2025-05-07,87.5199966430664,88.947998046875,86.66999816894531,87.33000183105469,49600,87.0041732788086,0.0
ESQ,2025-05-08,87.80000305175781,90.90499877929688,86.3499984741211,89.26000213623047,64800,88.92697143554688,0.0
ESQ,2025-05-09,89.44000244140625,90.57499694824219,89.22000122070312,89.81999969482422,51000,89.48487854003906,0.0
ESQ,2025-05-12,91.51000213623047,92.49500274658203,86.93000030517578,88.94000244140625,52400,88.60816192626953,0.0
ESQ,2025-05-13,89.76000213623047,90.22000122070312,88.8550033569336,90.16999816894531,31800,89.83357238769531,0.0
ESQ,2025-05-14,90.48999786376953,91.01000213623047,89.45999908447266,90.2300033569336,36100,89.89335632324219,0.0
ESQ,2025-05-15,89.80500030517578,91.56500244140625,89.80500030517578,91.26000213623047,33700,91.09618377685547,0.175
ESQ,2025-05-16,90.97000122070312,91.51000213623047,90.18000030517578,90.80999755859375,41700,90.64698791503906,0.0
ESQ,2025-05-19,90.37999725341797,91.77200317382812,88.50399780273438,91.62999725341797,44000,91.46551513671875,0.0
ESQ,2025-05-20,91.62999725341797,92.0999984741211,90.61399841308594,91.63999938964844,29300,91.47550201416016,0.0
ESQ,2025-05-21,90.70999908447266,91.19999694824219,88.55999755859375,88.63999938964844,43700,88.48088836669922,0.0
ESQ,2025-05-22,88.27999877929688,90.04000091552734,88.27999877929688,89.44999694824219,49200,89.2894287109375,0.0
ESQ,2025-05-23,87.9000015258789,89.29499816894531,87.08000183105469,88.69000244140625,32700,88.53079986572266,0.0
ESQ,2025-05-27,89.30999755859375,91.13999938964844,88.55999755859375,90.58000183105469,105300,90.41740417480469,0.0
ESQ,2025-05-28,90.16999816894531,90.16999816894531,88.4800033569336,89.37999725341797,152100,89.21955871582031,0.0
ESQ,2025-05-29,89.4000015258789,90.98999786376953,88.86000061035156,90.76000213623047,180100,90.59708404541016,0.0
ESQ,2025-05-30,91.0999984741211,91.70999908447266,90.0530014038086,90.73999786376953,303600,90.57711791992188,0.0
ESQ,2025-06-02,90.9000015258789,90.9000015258789,87.55500030517578,88.23999786376953,114100,88.08160400390625,0.0
ESQ,2025-06-03,88.12999725341797,90.63999938964844,87.61000061035156,90.33000183105469,78800,90.16785430908203,0.0
ESQ,2025-06-04,90.47000122070312,91.69499969482422,87.54299926757812,89.00499725341797,74100,88.84523010253906,0.0
ESQ,2025-06-05,88.55500030517578,89.69999694824219,88.25,88.70999908447266,89700,88.5507583618164,0.0
ESQ,2025-06-06,89.98999786376953,90.16000366210938,89.12999725341797,89.87999725341797,60500,89.71865844726562,0.0
ESQ,2025-06-09,89.58000183105469,91.19000244140625,89.35600280761719,90.4800033569336,76200,90.31758880615234,0.0
ESQ,2025-06-10,90.4800033569336,92.3499984741211,90.20999908447266,92.23999786376953,95700,92.07442474365234,0.0
ESQ,2025-06-11,92.9000015258789,93.23500061035156,92.1500015258789,92.75,62100,92.58351135253906,0.0
ESQ,2025-06-12,92.5999984741211,92.5999984741211,90.78800201416016,91.9000015258789,50900,91.73503875732422,0.0
ESQ,2025-06-13,91.18000030517578,92.36000061035156,89.625,91.2300033569336,115300,91.06623840332031,0.0
ESQ,2025-06-16,91.41999816894531,92.99600219726562,90.0199966430664,90.5999984741211,130200,90.43737030029297,0.0
ESQ,2025-06-17,89.8499984741211,90.33499908447266,88.62000274658203,89.45999908447266,137400,89.2994155883789,0.0
ESQ,2025-06-18,89.29000091552734,90.83499908447266,88.55000305175781,89.47000122070312,80400,89.30939483642578,0.0
ESQ,2025-06-20,89.88999938964844,90.69999694824219,88.47000122070312,89.30000305175781,157800,89.13970184326172,0.0
ESQ,2025-06-23,89.4800033569336,93.7300033569336,89.1449966430664,93.7300033569336,191800,93.56175231933594,0.0
ESQ,2025-06-24,94.38999938964844,94.9000015258789,92.87000274658203,92.88999938964844,109500,92.72325897216797,0.0
ESQ,2025-06-25,93.01000213623047,93.80000305175781,90.77999877929688,90.94000244140625,172500,90.77676391601562,0.0
ESQ,2025-06-26,91.4800033569336,93.30999755859375,90.5250015258789,92.0,166000,91.83485412597656,0.0
ESQ,2025-06-27,92.30000305175781,95.31999969482422,90.9469985961914,95.0,292100,94.8294677734375,0.0
ESQ,2025-06-30,95.69999694824219,96.94499969482422,94.4800033569336,94.66000366210938,128000,94.49008178710938,0.0
ESQ,2025-07-01,94.0999984741211,99.13500213623047,93.572998046875,97.48999786376953,189800,97.31499481201172,0.0
ESQ,2025-07-02,97.31999969482422,99.75,96.5,97.9000015258789,128800,97.7242660522461,0.0
ESQ,2025-07-03,98.16999816894531,99.56999969482422,96.94499969482422,99.25,88400,99.07183837890625,0.0
ESQ,2025-07-07,99.16500091552734,101.3499984741211,98.88999938964844,99.5199966430664,170300,99.34135437011719,0.0
ESQ,2025-07-08,99.55999755859375,100.55999755859375,98.91000366210938,99.9749984741211,232800,99.79553985595703,0.0
ESQ,2025-07-09,100.0,101.27999877929688,98.08499908447266,100.62000274658203,352500,100.43938446044922,0.0
ESQ,2025-07-10,100.29000091552734,100.93000030517578,96.72000122070312,97.6500015258789,310000,97.47471618652344,0.0
ESQ,2025-07-11,97.8499984741211,98.5999984741211,95.58000183105469,96.5199966430664,305400,96.34674072265625,0.0
ESQ,2025-07-14,96.6500015258789,98.44999694824219,96.12999725341797,97.63999938964844,123300,97.46472930908203,0.0
ESQ,2025-07-15,97.4000015258789,98.0,95.52999877929688,95.62000274658203,108600,95.44835662841797,0.0
ESQ,2025-07-16,96.37999725341797,98.2249984741211,95.08999633789062,98.0999984741211,90100,97.92390441894531,0.0
ESQ,2025-07-17,97.9000015258789,100.54499816894531,97.20999908447266,100.02999877929688,135600,99.8504409790039,0.0
ESQ,2025-07-18,100.83000183105469,101.40499877929688,98.68499755859375,100.06999969482422,154500,99.89036560058594,0.0
ESQ,2025-07-21,100.7300033569336,102.48500061035156,100.05000305175781,100.83999633789062,121200,100.65898132324219,0.0
ESQ,2025-07-22,101.25,103.70500183105469,100.52999877929688,103.04000091552734,87600,102.85504150390625,0.0
ESQ,2025-07-23,102.66000366210938,104.49500274658203,101.95999908447266,103.7699966430664,102000,103.58372497558594,0.0
ESQ,2025-07-24,102.33000183105469,105.0999984741211,99.56999969482422,104.77999877929688,137300,104.59191131591797,0.0
ESQ,2025-07-25,104.30000305175781,106.11399841308594,96.66000366210938,98.6500015258789,169500,98.4729232788086,0.0
ESQ,2025-07-28,98.80000305175781,99.93499755859375,95.8499984741211,97.23999786376953,78100,97.06544494628906,0.0
ESQ,2025-07-29,98.18000030517578,98.37999725341797,96.19000244140625,96.70999908447266,72800,96.5363998413086,0.0
ESQ,2025-07-30,96.83000183105469,98.83999633789062,95.37999725341797,96.13999938964844,64900,95.96742248535156,0.0
ESQ,2025-07-31,95.25,96.27999877929688,94.71499633789062,95.87999725341797,58900,95.7078857421875,0.0
ESQ,2025-08-01,95.26000213623047,95.26000213623047,90.56999969482422,93.44000244140625,90800,93.27227020263672,0.0
ESQ,2025-08-04,94.2699966430664,94.86000061035156,93.29000091552734,94.6500015258789,52900,94.4801025390625,0.0
ESQ,2025-08-05,95.02999877929688,95.33000183105469,92.80500030517578,94.62999725341797,60400,94.46012878417969,0.0
ESQ,2025-08-06,94.62999725341797,95.0999984741211,93.80999755859375,94.2300033569336,39100,94.06085205078125,0.0
ESQ,2025-08-07,94.9000015258789,95.44000244140625,92.26000213623047,92.98999786376953,56600,92.82307434082031,0.0
ESQ,2025-08-08,93.01000213623047,93.88500213623047,91.63999938964844,93.56999969482422,131000,93.40203857421875,0.0
ESQ,2025-08-11,94.02999877929688,94.82499694824219,92.94999694824219,93.75,196800,93.58171081542969,0.0
ESQ,2025-08-12,94.0,98.55000305175781,93.4000015258789,97.87999725341797,99500,97.70429992675781,0.0
ESQ,2025-08-13,98.44999694824219,99.27999877929688,97.25,98.79000091552734,53000,98.6126708984375,0.0
ESQ,2025-08-14,97.75,98.11000061035156,94.83000183105469,97.48999786376953,55900,97.31499481201172,0.0
ESQ,2025-08-15,97.62000274658203,97.91999816894531,95.2249984741211,95.55000305175781,107700,95.55000305175781,0.175
ESQ,2025-08-18,95.51000213623047,96.9800033569336,94.8499984741211,96.9800033569336,42600,96.9800033569336,0.0
ESQ,2025-08-19,96.47000122070312,97.70999908447266,95.46499633789062,95.75,60200,95.75,0.0
ESQ,2025-08-20,96.2300033569336,96.87000274658203,95.66000366210938,96.80000305175781,54700,96.80000305175781,0.0
ESQ,2025-08-21,96.62999725341797,97.62999725341797,94.18499755859375,97.41000366210938,44100,97.41000366210938,0.0
ESQ,2025-08-22,97.96099853515625,100.69499969482422,97.24500274658203,99.44000244140625,116500,99.44000244140625,0.0
ESQ,2025-08-25,99.37999725341797,100.0,98.21499633789062,98.73999786376953,42900,98.73999786376953,0.0
ESQ,2025-08-26,99.0,100.88899993896484,98.7699966430664,100.48500061035156,67000,100.48500061035156,0.0
ESQ,2025-08-27,100.62000274658203,101.76000213623047,99.98999786376953,100.36000061035156,65300,100.36000061035156,0.0
ESQ,2025-08-28,100.37000274658203,100.70500183105469,99.49500274658203,100.30000305175781,51400,100.30000305175781,0.0
ESQ,2025-08-29,99.9800033569336,100.87000274658203,97.83000183105469,98.0999984741211,70100,98.0999984741211,0.0
ESQ,2025-09-02,96.9800033569336,97.75,95.43000030517578,96.25,66000,96.25,0.0
ESQ,2025-09-03,95.80000305175781,97.43000030517578,92.33000183105469,95.37999725341797,46800,95.37999725341797,0.0
ESQ,2025-09-04,95.95999908447266,97.16999816894531,95.56300354003906,96.86000061035156,35700,96.86000061035156,0.0
ESQ,2025-09-05,97.0,98.16999816894531,96.54000091552734,97.01000213623047,48400,97.01000213623047,0.0
ESQ,2025-09-08,97.61000061035156,98.31999969482422,96.91999816894531,98.1500015258789,38600,98.1500015258789,0.0
ESQ,2025-09-09,97.94999694824219,98.51000213623047,96.88500213623047,97.5,36300,97.5,0.0
ESQ,2025-09-10,97.5,98.87999725341797,96.71499633789062,96.97000122070312,41700,96.97000122070312,0.0
ESQ,2025-09-11,97.41000366210938,97.95999908447266,96.11000061035156,97.51000213623047,40300,97.51000213623047,0.0
ESQ,2025-09-12,97.69999694824219,98.7249984741211,95.41999816894531,97.02999877929688,53400,97.02999877929688,0.0
ESQ,2025-09-15,97.13999938964844,98.08499908447266,96.37999725341797,97.70999908447266,40900,97.70999908447266,0.0
ESQ,2025-09-16,100.37999725341797,104.38999938964844,98.88999938964844,99.30999755859375,103500,99.30999755859375,0.0
ESQ,2025-09-17,100.0,102.83999633789062,99.3499984741211,100.55000305175781,78300,100.55000305175781,0.0
ESQ,2025-09-18,100.83999633789062,104.2699966430664,100.58999633789062,104.2699966430664,70900,104.2699966430664,0.0
ESQ,2025-09-19,105.19999694824219,105.42500305175781,102.875,103.41000366210938,282800,103.41000366210938,0.0
ESQ,2025-09-22,103.41000366210938,104.44000244140625,102.82499694824219,104.23999786376953,49000,104.23999786376953,0.0
ESQ,2025-09-23,104.23999786376953,107.25,104.23999786376953,105.19000244140625,55300,105.19000244140625,0.0
ESQ,2025-09-24,105.76000213623047,105.88999938964844,103.49500274658203,104.08000183105469,42800,104.08000183105469,0.0
ESQ,2025-09-25,103.5999984741211,104.71499633789062,103.0,104.23999786376953,68300,104.23999786376953,0.0
ESQ,2025-09-26,104.73999786376953,104.73999786376953,103.31999969482422,103.56999969482422,43600,103.56999969482422,0.0
ESQ,2025-09-29,103.62000274658203,103.62000274658203,101.4800033569336,101.73999786376953,65400,101.73999786376953,0.0
