symbol,date,open,high,low,close,volume,adjclose,splits
SMTC,2000-01-03,25.9375,28.875,24.0,28.5,808200,28.5,0.0
SMTC,2000-01-04,27.875,28.0,25.625,26.125,586000,26.125,0.0
SMTC,2000-01-05,26.0,27.3125,25.625,27.3125,839400,27.3125,0.0
SMTC,2000-01-06,27.34375,27.46875,25.5,26.34375,602400,26.34375,0.0
SMTC,2000-01-07,25.875,27.9375,24.5,27.5,578000,27.5,0.0
SMTC,2000-01-10,28.984375,29.625,28.25,29.25,768600,29.25,0.0
SMTC,2000-01-11,29.5625,29.75,28.453125,28.453125,774800,28.453125,0.0
SMTC,2000-01-12,28.375,28.375,26.75,27.625,1093800,27.625,0.0
SMTC,2000-01-13,27.625,27.75,27.0,27.4375,538800,27.4375,0.0
SMTC,2000-01-14,27.5,33.5,27.375,33.375,2089600,33.375,0.0
SMTC,2000-01-18,34.5625,34.625,31.0,32.40625,693600,32.40625,0.0
SMTC,2000-01-19,31.875,34.625,31.53125,34.0,266200,34.0,0.0
SMTC,2000-01-20,34.125,34.375,32.4375,32.59375,386000,32.59375,0.0
SMTC,2000-01-21,32.53125,32.5625,31.625,31.9375,254800,31.9375,0.0
SMTC,2000-01-24,32.625,33.5625,31.0,31.5625,479000,31.5625,0.0
SMTC,2000-01-25,31.71875,33.0,29.625,32.625,738600,32.625,0.0
SMTC,2000-01-26,33.0,33.71875,32.0,32.5,530400,32.5,0.0
SMTC,2000-01-27,32.5625,33.25,32.125,32.875,388600,32.875,0.0
SMTC,2000-01-28,32.5,32.53125,31.28125,31.28125,392000,31.28125,0.0
SMTC,2000-01-31,30.75,31.0,28.125,30.0,499000,30.0,0.0
SMTC,2000-02-01,30.125,31.4375,29.8125,30.9375,465200,30.9375,0.0
SMTC,2000-02-02,31.9375,33.21875,31.875,32.75,426400,32.75,0.0
SMTC,2000-02-03,32.375,32.5,31.5,32.3125,1046000,32.3125,0.0
SMTC,2000-02-04,32.875,33.4375,31.375,32.40625,554600,32.40625,0.0
SMTC,2000-02-07,32.625,32.6875,31.25,31.6875,1199800,31.6875,0.0
SMTC,2000-02-08,31.671875,34.25,31.53125,33.25,2309800,33.25,0.0
SMTC,2000-02-09,34.4375,34.5,32.8125,33.1875,2098000,33.1875,0.0
SMTC,2000-02-10,33.375,34.0,33.0,33.59375,1211200,33.59375,0.0
SMTC,2000-02-11,33.75,35.0,32.8125,33.25,892600,33.25,0.0
SMTC,2000-02-14,33.5,33.53125,31.5,32.0,1037200,32.0,0.0
SMTC,2000-02-15,32.015625,32.5,30.75,32.25,926600,32.25,0.0
SMTC,2000-02-16,32.125,33.5546875,31.9375,32.5,1063200,32.5,0.0
SMTC,2000-02-17,33.0,34.4375,32.5625,34.203125,696400,34.203125,0.0
SMTC,2000-02-18,34.5,34.71875,33.0625,33.125,1076200,33.125,0.0
SMTC,2000-02-22,33.390625,34.4375,32.25,34.25,1271000,34.25,0.0
SMTC,2000-02-23,34.75,37.375,34.6875,36.6875,3055200,36.6875,0.0
SMTC,2000-02-24,39.78125,39.875,35.5,37.9375,3213000,37.9375,0.0
SMTC,2000-02-25,35.75,36.6875,31.0,32.3125,6599200,32.3125,0.0
SMTC,2000-02-28,31.5,32.875,27.8125,32.0625,5129600,32.0625,0.0
SMTC,2000-02-29,31.5625,32.8125,30.125,31.25,2660800,31.25,0.0
SMTC,2000-03-01,31.484375,32.25,31.03125,31.9375,2722400,31.9375,0.0
SMTC,2000-03-02,31.8125,33.9375,31.0,33.125,2216800,33.125,0.0
SMTC,2000-03-03,33.25,33.3125,33.0,33.3125,1321400,33.3125,0.0
SMTC,2000-03-06,33.375,36.125,33.3125,35.8125,4448600,35.8125,0.0
SMTC,2000-03-07,37.53125,38.375,36.0625,36.5,3182200,36.5,0.0
SMTC,2000-03-08,36.5,36.625,33.0,34.09375,1839800,34.09375,0.0
SMTC,2000-03-09,34.5,34.75,32.5,34.375,1245000,34.375,0.0
SMTC,2000-03-10,34.625,34.96875,32.9375,33.03125,882000,33.03125,0.0
SMTC,2000-03-13,32.0,32.25,30.5,30.875,1616800,30.875,0.0
SMTC,2000-03-14,31.0,31.8125,30.25,30.25,1718400,30.25,0.0
SMTC,2000-03-15,30.1875,30.3125,27.3125,28.5625,1847000,28.5625,0.0
SMTC,2000-03-16,28.75,31.5,26.5,30.875,2066000,30.875,0.0
SMTC,2000-03-17,30.84375,32.375,29.875,32.0,1503200,32.0,0.0
SMTC,2000-03-20,32.34375,33.25,30.5,30.9375,1524800,30.9375,0.0
SMTC,2000-03-21,31.125,33.125,31.0,33.125,740000,33.125,0.0
SMTC,2000-03-22,33.0,35.6875,32.6875,35.5,1229600,35.5,0.0
SMTC,2000-03-23,34.75,36.0,34.25,34.9375,1255800,34.9375,0.0
SMTC,2000-03-24,34.6875,35.84375,34.5,34.9375,1097400,34.9375,0.0
SMTC,2000-03-27,35.0625,35.1875,33.75,35.0,928200,35.0,0.0
SMTC,2000-03-28,34.0625,34.125,32.84375,32.875,787000,32.875,0.0
SMTC,2000-03-29,33.0,33.3125,30.1875,31.5625,915600,31.5625,0.0
SMTC,2000-03-30,30.46875,31.625,29.5,30.6875,901400,30.6875,0.0
SMTC,2000-03-31,30.25,33.9375,30.25,32.03125,1290800,32.03125,0.0
SMTC,2000-04-03,32.0,32.0,30.0,30.0625,1114600,30.0625,0.0
SMTC,2000-04-04,30.15625,31.75,25.65625,30.3125,1418000,30.3125,0.0
SMTC,2000-04-05,29.5625,33.3125,29.0,32.0,1120200,32.0,0.0
SMTC,2000-04-06,32.75,33.0,30.875,31.1875,1514600,31.1875,0.0
SMTC,2000-04-07,31.34375,33.75,31.0,33.4921875,1085200,33.4921875,0.0
SMTC,2000-04-10,34.5,34.53125,31.0,31.0625,1326200,31.0625,0.0
SMTC,2000-04-11,29.625,31.78125,29.625,30.9375,1000800,30.9375,0.0
SMTC,2000-04-12,30.4375,30.625,27.1875,27.5625,901400,27.5625,0.0
SMTC,2000-04-13,28.125,29.125,28.125,28.28125,1117600,28.28125,0.0
SMTC,2000-04-14,27.96875,28.1875,24.5625,25.5234375,1277400,25.5234375,0.0
SMTC,2000-04-17,24.25,27.59375,23.71875,27.0,703200,27.0,0.0
SMTC,2000-04-18,28.75,32.25,28.75,30.78125,2185200,30.78125,0.0
SMTC,2000-04-19,31.5,31.5,29.6875,30.0,1325000,30.0,0.0
SMTC,2000-04-20,30.0625,30.0625,29.5,29.9375,714800,29.9375,0.0
SMTC,2000-04-24,29.75,29.90625,26.0,29.09375,947200,29.09375,0.0
SMTC,2000-04-25,29.1875,31.84375,29.1875,31.84375,733600,31.84375,0.0
SMTC,2000-04-26,31.5,31.84375,29.75,29.75,722400,29.75,0.0
SMTC,2000-04-27,29.125,33.125,28.8125,33.125,771600,33.125,0.0
SMTC,2000-04-28,33.0,34.5625,33.0,34.09375,984600,34.09375,0.0
SMTC,2000-05-01,35.0,35.5625,34.40625,34.71875,667200,34.71875,0.0
SMTC,2000-05-02,34.5,34.5,31.25,31.25,918800,31.25,0.0
SMTC,2000-05-03,31.34375,32.5625,29.0,30.375,899400,30.375,0.0
SMTC,2000-05-04,30.46875,32.5625,30.25,30.53125,901000,30.53125,0.0
SMTC,2000-05-05,30.59375,32.46875,30.25,30.375,1096800,30.375,0.0
SMTC,2000-05-08,30.265625,30.34375,27.7109375,27.71875,1045800,27.71875,0.0
SMTC,2000-05-09,28.71875,28.75,25.375,26.03125,1385400,26.03125,0.0
SMTC,2000-05-10,26.125,26.1875,23.375,24.25,1857000,24.25,0.0
SMTC,2000-05-11,25.1875,26.0,23.9375,25.875,804400,25.875,0.0
SMTC,2000-05-12,26.1875,27.84375,26.15625,26.5625,791600,26.5625,0.0
SMTC,2000-05-15,26.5625,27.5625,25.125,25.875,1444200,25.875,0.0
SMTC,2000-05-16,26.625,28.0,26.5,27.75,783000,27.75,0.0
SMTC,2000-05-17,27.0,28.75,26.59375,28.5,622800,28.5,0.0
SMTC,2000-05-18,28.53125,29.03125,28.15625,28.21875,802400,28.21875,0.0
SMTC,2000-05-19,28.25,28.25,25.4375,26.15625,1094400,26.15625,0.0
SMTC,2000-05-22,26.21875,26.25,23.0,23.03125,1555400,23.03125,0.0
SMTC,2000-05-23,23.640625,25.25,22.5,22.5,1270000,22.5,0.0
SMTC,2000-05-24,22.46875,24.5,21.875,24.5,1364800,24.5,0.0
SMTC,2000-05-25,25.3125,25.75,23.5,23.71875,1018200,23.71875,0.0
SMTC,2000-05-26,24.0,24.21875,23.5,24.1875,752600,24.1875,0.0
SMTC,2000-05-30,24.53125,27.25,24.53125,26.96875,808000,26.96875,0.0
SMTC,2000-05-31,26.78125,28.25,26.0,27.875,881200,27.875,0.0
SMTC,2000-06-01,28.046875,29.0,28.0,28.84375,739000,28.84375,0.0
SMTC,2000-06-02,29.96875,32.875,29.96875,32.4375,1687800,32.4375,0.0
SMTC,2000-06-05,32.9375,33.0625,32.125,32.71875,739400,32.71875,0.0
SMTC,2000-06-06,32.5,33.46875,31.75,32.09375,888000,32.09375,0.0
SMTC,2000-06-07,31.9375,32.125,30.734375,32.0,744400,32.0,0.0
SMTC,2000-06-08,32.0,33.375,31.90625,33.3125,768200,33.3125,0.0
SMTC,2000-06-09,33.0625,33.75,32.6328125,33.59375,615200,33.59375,0.0
SMTC,2000-06-12,33.125,34.0,32.125,32.15625,743200,32.15625,0.0
SMTC,2000-06-13,31.5,32.5,30.5,32.4375,635400,32.4375,0.0
SMTC,2000-06-14,32.4375,33.25,30.65625,30.65625,259000,30.65625,0.0
SMTC,2000-06-15,31.5,31.9375,29.9375,31.75,434000,31.75,0.0
SMTC,2000-06-16,33.375,38.875,33.03125,38.859375,8636000,38.859375,0.0
SMTC,2000-06-19,36.125,37.8125,35.5,37.75,3679000,37.75,0.0
SMTC,2000-06-20,38.125,39.1875,37.40625,38.109375,1814200,38.109375,0.0
SMTC,2000-06-21,38.125,39.5625,37.59375,38.375,1379000,38.375,0.0
SMTC,2000-06-22,40.0,41.5,39.75,39.90625,4327400,39.90625,0.0
SMTC,2000-06-23,39.5,40.2421875,38.75,39.34375,1375600,39.34375,0.0
SMTC,2000-06-26,39.609375,39.84375,38.125,38.84375,981800,38.84375,0.0
SMTC,2000-06-27,39.25,39.375,37.0625,37.5,1419200,37.5,0.0
SMTC,2000-06-28,37.71875,39.375,37.5,38.21875,1222200,38.21875,0.0
SMTC,2000-06-29,37.4375,37.5,36.0,36.1875,1556000,36.1875,0.0
SMTC,2000-06-30,35.90625,38.8125,34.59375,38.2421875,3139400,38.2421875,0.0
SMTC,2000-07-03,38.4375,38.5625,36.5,38.5,464200,38.5,0.0
SMTC,2000-07-05,38.25,38.25,35.4765625,36.375,1565200,36.375,0.0
SMTC,2000-07-06,36.125,37.71875,35.875,37.5625,1531000,37.5625,0.0
SMTC,2000-07-07,37.59375,41.125,37.375,41.0,1107800,41.0,0.0
SMTC,2000-07-10,41.25,43.25,40.75,43.0,1302400,43.0,0.0
SMTC,2000-07-11,43.25,43.71875,41.4375,41.59375,1110200,41.59375,0.0
SMTC,2000-07-12,42.46875,44.25,42.0,43.0,1158200,43.0,0.0
SMTC,2000-07-13,43.28125,45.6875,42.875,43.78125,1188600,43.78125,0.0
SMTC,2000-07-14,44.375,46.0625,44.21875,46.0,646600,46.0,0.0
SMTC,2000-07-17,47.25,49.84375,46.4375,47.0625,1156400,47.0625,0.0
SMTC,2000-07-18,46.5625,46.875,44.9375,45.25,909600,45.25,0.0
SMTC,2000-07-19,45.0625,46.53125,43.34375,43.34375,490800,43.34375,0.0
SMTC,2000-07-20,43.3125,47.125,42.875,44.625,880200,44.625,0.0
SMTC,2000-07-21,44.75,44.75,41.5625,42.0,748000,42.0,0.0
SMTC,2000-07-24,42.171875,43.90625,39.90625,41.4375,991800,41.4375,0.0
SMTC,2000-07-25,42.125,45.25,41.9375,43.84375,925000,43.84375,0.0
SMTC,2000-07-26,42.546875,43.75,39.875,42.59375,785000,42.59375,0.0
SMTC,2000-07-27,42.5625,42.5625,36.5,39.03125,1139600,39.03125,0.0
SMTC,2000-07-28,38.828125,39.25,36.0625,38.09375,553800,38.09375,0.0
SMTC,2000-07-31,39.96875,40.125,37.25,40.09375,671600,40.09375,0.0
SMTC,2000-08-01,40.25,40.25,38.2734375,39.59375,688400,39.59375,0.0
SMTC,2000-08-02,39.34375,41.21875,39.0625,41.09375,900600,41.09375,0.0
SMTC,2000-08-03,39.875,41.65625,38.75,41.65625,950200,41.65625,0.0
SMTC,2000-08-04,42.21875,42.40625,39.625,41.6875,417400,41.6875,0.0
SMTC,2000-08-07,41.5,43.40625,41.1875,43.1875,749800,43.1875,0.0
SMTC,2000-08-08,42.96875,44.90625,42.75,42.75,455200,42.75,0.0
SMTC,2000-08-09,43.25,46.0,43.15625,44.34375,695800,44.34375,0.0
SMTC,2000-08-10,44.296875,44.46875,42.5,43.125,708000,43.125,0.0
SMTC,2000-08-11,43.3125,43.3125,39.75,41.0625,960800,41.0625,0.0
SMTC,2000-08-14,41.5,42.5,41.0,42.25,501000,42.25,0.0
SMTC,2000-08-15,42.609375,45.75,42.09375,44.5625,1399000,44.5625,0.0
SMTC,2000-08-16,45.734375,48.0,44.5,47.03125,1427200,47.03125,0.0
SMTC,2000-08-17,47.21875,47.6875,45.59375,46.90625,681800,46.90625,0.0
SMTC,2000-08-18,47.8125,47.96875,46.625,47.0,543000,47.0,0.0
SMTC,2000-08-21,48.0,51.125,47.96875,48.8125,1657200,48.8125,0.0
SMTC,2000-08-22,49.875,49.875,47.09375,49.0,1393400,49.0,0.0
SMTC,2000-08-23,48.25,51.6875,46.21875,51.6875,1787600,51.6875,0.0
SMTC,2000-08-24,52.5,56.0625,51.9375,55.8125,2832800,55.8125,0.0
SMTC,2000-08-25,54.25,57.03125,51.75,56.75,2032800,56.75,0.0
SMTC,2000-08-28,56.71875,57.5,56.0,57.0,970000,57.0,0.0
SMTC,2000-08-29,56.6875,57.46875,56.5,57.09375,472200,57.09375,0.0
SMTC,2000-08-30,57.0,59.59375,56.9375,58.0625,1494000,58.0625,0.0
SMTC,2000-08-31,58.125,60.0546875,57.71875,59.21875,829800,59.21875,0.0
SMTC,2000-09-01,59.40625,59.75,57.5,57.65625,536200,57.65625,0.0
SMTC,2000-09-05,58.28125,58.4375,54.6875,54.8125,967000,54.8125,0.0
SMTC,2000-09-06,53.5,54.0625,52.4375,52.46875,718600,52.46875,0.0
SMTC,2000-09-07,52.6875,57.03125,52.6875,55.71875,1075200,55.71875,0.0
SMTC,2000-09-08,55.71875,55.71875,51.75,52.28125,616400,52.28125,0.0
SMTC,2000-09-11,51.25,54.65625,50.75,53.125,810000,53.125,0.0
SMTC,2000-09-12,53.5625,56.75,53.125,53.4375,1085200,53.4375,0.0
SMTC,2000-09-13,53.25,55.25,51.5,53.09375,629600,53.09375,0.0
SMTC,2000-09-14,54.4375,54.5,53.28125,53.4375,581200,53.4375,0.0
SMTC,2000-09-15,52.5,53.875,49.53125,50.3125,1199400,50.3125,0.0
SMTC,2000-09-18,51.0,52.0625,48.75,49.84375,917800,49.84375,0.0
SMTC,2000-09-19,50.015625,53.25,50.0,52.84375,952800,52.84375,0.0
SMTC,2000-09-20,54.0,57.0,53.5,56.9375,1079200,56.9375,0.0
SMTC,2000-09-21,56.09375,58.5,53.0625,54.75,877800,54.75,0.0
SMTC,2000-09-22,49.203125,53.125,49.0,52.8671875,2396200,52.8671875,0.0
SMTC,2000-09-25,54.9375,54.9375,50.75,50.8125,868200,50.8125,0.0
SMTC,2000-09-26,51.75,51.875,47.5,49.4375,962400,49.4375,2.0
SMTC,2000-09-27,50.125,50.9375,47.0,48.1875,889000,48.1875,0.0
SMTC,2000-09-28,46.5,49.875,46.25,49.109375,652700,49.109375,0.0
SMTC,2000-09-29,49.96875,50.0,40.1875,43.125,1529200,43.125,0.0
SMTC,2000-10-02,43.625,44.6875,40.0625,40.1875,1224800,40.1875,0.0
SMTC,2000-10-03,40.5,41.5,36.5,39.0,2046700,39.0,0.0
SMTC,2000-10-04,38.6875,42.5,35.9375,41.375,1954400,41.375,0.0
SMTC,2000-10-05,41.5625,43.9375,39.265625,42.3125,1228500,42.3125,0.0
SMTC,2000-10-06,42.1875,42.8125,38.0625,39.75,1029100,39.75,0.0
SMTC,2000-10-09,39.046875,39.1875,35.0625,37.0,828800,37.0,0.0
SMTC,2000-10-10,36.703125,37.6875,31.25,32.0625,1425300,32.0625,0.0
SMTC,2000-10-11,30.75,34.0625,29.875,32.5,1339000,32.5,0.0
SMTC,2000-10-12,34.375,35.4375,31.765625,33.375,919500,33.375,0.0
SMTC,2000-10-13,33.90625,36.5,33.1875,36.484375,1286500,36.484375,0.0
SMTC,2000-10-16,36.0625,36.609375,34.5,35.0,980900,35.0,0.0
SMTC,2000-10-17,35.5,35.625,31.375,31.375,2133200,31.375,0.0
SMTC,2000-10-18,29.0625,31.75,28.0,28.875,2300900,28.875,0.0
SMTC,2000-10-19,31.0,32.625,30.75,32.3125,3133600,32.3125,0.0
SMTC,2000-10-20,32.875,37.25,31.75,37.0,2313300,37.0,0.0
SMTC,2000-10-23,36.5,38.0625,35.5,37.375,1453800,37.375,0.0
SMTC,2000-10-24,37.625,37.625,33.0625,33.8125,1788100,33.8125,0.0
SMTC,2000-10-25,30.0625,32.0,28.5625,28.75,2290300,28.75,0.0
SMTC,2000-10-26,29.515625,32.4375,27.75,32.25,1710400,32.25,0.0
SMTC,2000-10-27,32.0625,32.5,29.875,30.0625,1062000,30.0625,0.0
SMTC,2000-10-30,29.0625,30.875,28.4375,28.8125,1326300,28.8125,0.0
SMTC,2000-10-31,28.8125,33.9375,28.5,32.25,1480300,32.25,0.0
SMTC,2000-11-01,30.9375,31.625,28.75,29.8125,1283600,29.8125,0.0
SMTC,2000-11-02,30.5,31.25,29.3125,30.0625,1372800,30.0625,0.0
SMTC,2000-11-03,29.890625,31.0,29.25,29.875,814800,29.875,0.0
SMTC,2000-11-06,29.3125,30.4375,29.0625,29.0625,988300,29.0625,0.0
SMTC,2000-11-07,28.75,28.9375,27.5625,28.4375,1513600,28.4375,0.0
SMTC,2000-11-08,28.40625,28.5,26.6875,26.875,838700,26.875,0.0
SMTC,2000-11-09,26.0,27.875,25.0,27.703125,1031700,27.703125,0.0
SMTC,2000-11-10,27.671875,27.6875,24.375,24.5625,1186300,24.5625,0.0
SMTC,2000-11-13,23.125,25.375,23.0625,24.4375,1114500,24.4375,0.0
SMTC,2000-11-14,25.0,27.25,24.890625,26.6875,1489700,26.6875,0.0
SMTC,2000-11-15,26.84375,32.375,26.8125,30.25,2588100,30.25,0.0
SMTC,2000-11-16,30.8125,31.1875,29.125,29.6875,1874400,29.6875,0.0
SMTC,2000-11-17,30.25,30.375,27.8125,29.25,1180400,29.25,0.0
SMTC,2000-11-20,27.5,28.6875,26.625,28.0625,523000,28.0625,0.0
SMTC,2000-11-21,28.03125,28.0625,26.8125,27.0625,758000,27.0625,0.0
SMTC,2000-11-22,26.84375,28.5,26.5625,27.0,411500,27.0,0.0
SMTC,2000-11-24,27.1875,29.375,27.0,28.515625,190400,28.515625,0.0
SMTC,2000-11-27,29.3125,29.875,26.4375,27.375,856700,27.375,0.0
SMTC,2000-11-28,26.25,26.8125,23.0625,23.34375,897200,23.34375,0.0
SMTC,2000-11-29,23.6875,24.5,21.75,23.1875,760600,23.1875,0.0
SMTC,2000-11-30,22.0625,22.9375,21.0,21.9375,1980600,21.9375,0.0
SMTC,2000-12-01,22.4375,23.125,21.875,22.1875,985700,22.1875,0.0
SMTC,2000-12-04,22.0,22.6875,21.1875,22.0625,850200,22.0625,0.0
SMTC,2000-12-05,22.5,24.4375,22.25,24.125,1262100,24.125,0.0
SMTC,2000-12-06,23.5625,23.875,19.125,20.3125,2368300,20.3125,0.0
SMTC,2000-12-07,19.75,20.875,18.5,20.6875,1675300,20.6875,0.0
SMTC,2000-12-08,21.3125,23.09375,21.0,22.75,1661400,22.75,0.0
SMTC,2000-12-11,22.5625,24.0,22.0625,22.6875,1331900,22.6875,0.0
SMTC,2000-12-12,22.46875,22.75,20.5625,20.8125,1210200,20.8125,0.0
SMTC,2000-12-13,21.21875,21.375,19.25,19.5625,1803000,19.5625,0.0
SMTC,2000-12-14,19.3125,19.5625,18.1875,18.625,1362600,18.625,0.0
SMTC,2000-12-15,19.3125,19.78125,17.75,19.125,1049700,19.125,0.0
SMTC,2000-12-18,18.8125,19.3125,17.875,18.3125,614000,18.3125,0.0
SMTC,2000-12-19,18.0,18.875,17.0,17.5,832200,17.5,0.0
SMTC,2000-12-20,17.0,17.125,15.25,16.125,1277100,16.125,0.0
SMTC,2000-12-21,16.0,16.5,15.0,15.375,986400,15.375,0.0
SMTC,2000-12-22,15.4375,18.0,15.4375,17.5625,1018100,17.5625,0.0
SMTC,2000-12-26,17.625,18.625,17.5,17.75,1191900,17.75,0.0
SMTC,2000-12-27,17.625,20.875,17.5,20.875,1025600,20.875,0.0
SMTC,2000-12-28,19.75,22.0625,19.75,21.921875,1192500,21.921875,0.0
SMTC,2000-12-29,22.125,22.875,21.8125,22.0625,1383700,22.0625,0.0
SMTC,2001-01-02,22.0,22.125,20.25,20.5,1696700,20.5,0.0
SMTC,2001-01-03,20.25,22.5,19.0,22.25,1871300,22.25,0.0
SMTC,2001-01-04,21.84375,23.625,21.75,22.1875,810500,22.1875,0.0
SMTC,2001-01-05,22.25,24.75,22.0,23.4375,2312300,23.4375,0.0
SMTC,2001-01-08,23.375,23.75,22.75,23.3125,739300,23.3125,0.0
SMTC,2001-01-09,23.6875,23.875,22.75,23.125,671800,23.125,0.0
SMTC,2001-01-10,22.859375,24.9375,22.625,23.875,1045100,23.875,0.0
SMTC,2001-01-11,23.59375,27.9375,23.375,27.5,2516800,27.5,0.0
SMTC,2001-01-12,27.875,28.6875,26.4375,27.75,1743300,27.75,0.0
SMTC,2001-01-16,27.75,27.75,24.5,26.125,1867100,26.125,0.0
SMTC,2001-01-17,27.375,29.5,27.375,28.1875,1202200,28.1875,0.0
SMTC,2001-01-18,27.75,29.75,26.875,29.734375,1179600,29.734375,0.0
SMTC,2001-01-19,29.890625,30.625,28.125,28.75,1044000,28.75,0.0
SMTC,2001-01-22,29.03125,29.0625,28.125,28.5625,734900,28.5625,0.0
SMTC,2001-01-23,28.625,29.6875,28.25,29.4375,548600,29.4375,0.0
SMTC,2001-01-24,29.71875,29.75,28.25,28.375,638800,28.375,0.0
SMTC,2001-01-25,28.375,28.390625,26.1875,26.6875,691500,26.6875,0.0
SMTC,2001-01-26,26.015625,27.3125,25.0,27.0625,566600,27.0625,0.0
SMTC,2001-01-29,27.15625,28.0625,25.8125,28.0625,639200,28.0625,0.0
SMTC,2001-01-30,28.125,28.375,27.0,28.25,478600,28.25,0.0
SMTC,2001-01-31,28.25,30.1875,28.0625,28.875,868400,28.875,0.0
SMTC,2001-02-01,28.765625,29.75,28.125,29.5,491400,29.5,0.0
SMTC,2001-02-02,29.375,29.625,28.625,28.8125,1381800,28.8125,0.0
SMTC,2001-02-05,28.75,29.9375,28.25,29.6875,1246000,29.6875,0.0
SMTC,2001-02-06,29.875,31.375,29.5,30.0,1299700,30.0,0.0
SMTC,2001-02-07,29.375,30.0,27.0,29.0625,997700,29.0625,0.0
SMTC,2001-02-08,29.421875,30.9375,29.125,29.625,1308300,29.625,0.0
SMTC,2001-02-09,29.625,29.875,28.5,28.75,328500,28.75,0.0
SMTC,2001-02-12,28.75,29.5,27.75,28.0625,584400,28.0625,0.0
SMTC,2001-02-13,28.125,29.0625,26.75,27.5,613000,27.5,0.0
SMTC,2001-02-14,27.25,29.375,26.25,28.5,914300,28.5,0.0
SMTC,2001-02-15,28.96875,31.875,28.765625,31.75,847500,31.75,0.0
SMTC,2001-02-16,30.75,30.9375,29.0625,30.5625,810800,30.5625,0.0
SMTC,2001-02-20,30.625,30.625,25.5,25.625,1207000,25.625,0.0
SMTC,2001-02-21,25.0,27.3125,24.625,25.75,1758200,25.75,0.0
SMTC,2001-02-22,25.6875,27.5,23.8125,25.125,2045600,25.125,0.0
SMTC,2001-02-23,25.3125,27.5,24.5,26.5625,1954900,26.5625,0.0
SMTC,2001-02-26,27.375,27.75,26.25,27.625,1206400,27.625,0.0
SMTC,2001-02-27,27.390625,28.0,25.25,26.0625,1193800,26.0625,0.0
SMTC,2001-02-28,25.890625,25.9375,24.0625,25.0625,975800,25.0625,0.0
SMTC,2001-03-01,24.3125,25.875,22.5,25.25,2034700,25.25,0.0
SMTC,2001-03-02,24.5,27.4375,24.0,25.875,795600,25.875,0.0
SMTC,2001-03-05,25.5,27.3125,25.4375,26.75,754100,26.75,0.0
SMTC,2001-03-06,27.109375,29.5,27.0,28.875,1138600,28.875,0.0
SMTC,2001-03-07,29.125,29.8125,28.0625,29.0625,881700,29.0625,0.0
SMTC,2001-03-08,29.125,29.4375,27.5,28.25,858900,28.25,0.0
SMTC,2001-03-09,27.625,27.6875,25.3125,25.5,970700,25.5,0.0
SMTC,2001-03-12,25.0625,25.875,23.6875,23.875,1041100,23.875,0.0
SMTC,2001-03-13,23.4375,26.5,23.375,25.671875,1058900,25.671875,0.0
SMTC,2001-03-14,24.5,28.25,24.25,27.078125,1492800,27.078125,0.0
SMTC,2001-03-15,26.9375,29.375,26.875,28.5,2618200,28.5,0.0
SMTC,2001-03-16,27.75,28.875,27.1875,27.6875,1103900,27.6875,0.0
SMTC,2001-03-19,27.421875,28.3125,26.75,27.75,880400,27.75,0.0
SMTC,2001-03-20,28.25,30.125,26.90625,27.375,1710500,27.375,0.0
SMTC,2001-03-21,27.59375,29.5,26.625,28.0,688300,28.0,0.0
SMTC,2001-03-22,28.0,30.5625,27.875,30.3125,1322100,30.3125,0.0
SMTC,2001-03-23,30.6875,35.5,30.6875,34.75,3375000,34.75,0.0
SMTC,2001-03-26,35.0,37.5,32.5,33.9375,2644800,33.9375,0.0
SMTC,2001-03-27,33.75,34.875,31.8125,32.0,1897600,32.0,0.0
SMTC,2001-03-28,31.0625,32.5625,29.75,30.0625,1702600,30.0625,0.0
SMTC,2001-03-29,30.125,30.875,28.375,29.75,1437800,29.75,0.0
SMTC,2001-03-30,29.5625,30.0,28.34375,29.4375,1536800,29.4375,0.0
SMTC,2001-04-02,29.5,30.75,25.9375,26.875,1869900,26.875,0.0
SMTC,2001-04-03,26.25,27.625,24.25,25.0,1386000,25.0,0.0
SMTC,2001-04-04,24.90625,25.75,22.9375,23.4375,1264700,23.4375,0.0
SMTC,2001-04-05,24.0,27.5625,23.9375,27.4375,1371100,27.4375,0.0
SMTC,2001-04-06,26.4375,26.875,24.25,24.9375,957300,24.9375,0.0
SMTC,2001-04-09,25.0,25.280000686645508,22.299999237060547,23.450000762939453,1029100,23.450000762939453,0.0
SMTC,2001-04-10,23.700000762939453,26.59000015258789,23.239999771118164,25.93000030517578,1752200,25.93000030517578,0.0
SMTC,2001-04-11,27.0,30.899999618530273,27.0,28.940000534057617,2680400,28.940000534057617,0.0
SMTC,2001-04-12,28.5,30.6200008392334,27.360000610351562,30.020000457763672,1575400,30.020000457763672,0.0
SMTC,2001-04-16,30.010000228881836,30.350000381469727,28.239999771118164,28.8799991607666,861500,28.8799991607666,0.0
SMTC,2001-04-17,28.440000534057617,29.25,26.600000381469727,27.31999969482422,1579000,27.31999969482422,0.0
SMTC,2001-04-18,29.84000015258789,35.119998931884766,29.299999237060547,33.060001373291016,2411900,33.060001373291016,0.0
SMTC,2001-04-19,29.0,33.400001525878906,28.899999618530273,33.150001525878906,4680600,33.150001525878906,0.0
SMTC,2001-04-20,33.2400016784668,33.25,31.850000381469727,32.709999084472656,1253200,32.709999084472656,0.0
SMTC,2001-04-23,32.029998779296875,32.029998779296875,28.81999969482422,29.780000686645508,927500,29.780000686645508,0.0
SMTC,2001-04-24,29.549999237060547,30.75,27.829999923706055,28.260000228881836,738800,28.260000228881836,0.0
SMTC,2001-04-25,28.709999084472656,28.739999771118164,27.350000381469727,27.790000915527344,1199500,27.790000915527344,0.0
SMTC,2001-04-26,28.219999313354492,28.799999237060547,27.489999771118164,27.989999771118164,1359000,27.989999771118164,0.0
SMTC,2001-04-27,28.5,28.670000076293945,27.5,27.530000686645508,767400,27.530000686645508,0.0
SMTC,2001-04-30,27.93000030517578,29.549999237060547,27.75,28.770000457763672,1496100,28.770000457763672,0.0
SMTC,2001-05-01,28.8799991607666,30.239999771118164,27.920000076293945,30.190000534057617,783500,30.190000534057617,0.0
SMTC,2001-05-02,30.729999542236328,31.8700008392334,30.010000228881836,31.1200008392334,637900,31.1200008392334,0.0
SMTC,2001-05-03,30.25,31.0,29.920000076293945,30.610000610351562,1451900,30.610000610351562,0.0
SMTC,2001-05-04,29.5,31.899999618530273,28.899999618530273,31.670000076293945,807000,31.670000076293945,0.0
SMTC,2001-05-07,31.559999465942383,32.470001220703125,31.06999969482422,31.850000381469727,941900,31.850000381469727,0.0
SMTC,2001-05-08,32.099998474121094,32.439998626708984,31.75,31.889999389648438,548200,31.889999389648438,0.0
SMTC,2001-05-09,31.850000381469727,31.860000610351562,30.690000534057617,31.299999237060547,425300,31.299999237060547,0.0
SMTC,2001-05-10,31.979999542236328,32.2400016784668,30.889999389648438,30.950000762939453,841500,30.950000762939453,0.0
SMTC,2001-05-11,30.719999313354492,30.799999237060547,29.700000762939453,29.799999237060547,905400,29.799999237060547,0.0
SMTC,2001-05-14,29.700000762939453,29.709999084472656,28.299999237060547,28.81999969482422,920000,28.81999969482422,0.0
SMTC,2001-05-15,28.6200008392334,29.540000915527344,28.600000381469727,29.190000534057617,701100,29.190000534057617,0.0
SMTC,2001-05-16,29.0,29.790000915527344,28.350000381469727,29.649999618530273,1314000,29.649999618530273,0.0
SMTC,2001-05-17,29.670000076293945,31.899999618530273,29.6200008392334,31.200000762939453,1077500,31.200000762939453,0.0
SMTC,2001-05-18,31.110000610351562,32.25,30.739999771118164,31.700000762939453,718300,31.700000762939453,0.0
SMTC,2001-05-21,31.649999618530273,35.849998474121094,31.610000610351562,35.77000045776367,1183800,35.77000045776367,0.0
SMTC,2001-05-22,35.25,37.25,35.20000076293945,36.209999084472656,1230400,36.209999084472656,0.0
SMTC,2001-05-23,32.88999938964844,33.689998626708984,30.540000915527344,30.6299991607666,3697300,30.6299991607666,0.0
SMTC,2001-05-24,30.399999618530273,30.40999984741211,24.549999237060547,27.010000228881836,7551800,27.010000228881836,0.0
SMTC,2001-05-25,27.479999542236328,29.6200008392334,27.299999237060547,28.360000610351562,2884700,28.360000610351562,0.0
SMTC,2001-05-29,27.850000381469727,27.950000762939453,26.469999313354492,26.510000228881836,2085400,26.510000228881836,0.0
SMTC,2001-05-30,26.360000610351562,26.360000610351562,24.270000457763672,24.34000015258789,1707100,24.34000015258789,0.0
SMTC,2001-05-31,25.5,27.479999542236328,25.43000030517578,26.920000076293945,2411400,26.920000076293945,0.0
SMTC,2001-06-01,27.770000457763672,28.25,27.0,27.93000030517578,1500100,27.93000030517578,0.0
SMTC,2001-06-04,28.0,28.290000915527344,27.59000015258789,28.190000534057617,621700,28.190000534057617,0.0
SMTC,2001-06-05,28.110000610351562,30.010000228881836,28.110000610351562,29.75,662800,29.75,0.0
SMTC,2001-06-06,29.760000228881836,29.760000228881836,29.0,29.540000915527344,610100,29.540000915527344,0.0
SMTC,2001-06-07,29.15999984741211,32.13999938964844,29.0,31.600000381469727,1351200,31.600000381469727,0.0
SMTC,2001-06-08,31.709999084472656,31.8700008392334,31.299999237060547,31.809999465942383,847100,31.809999465942383,0.0
SMTC,2001-06-11,31.739999771118164,31.739999771118164,30.200000762939453,30.65999984741211,800300,30.65999984741211,0.0
SMTC,2001-06-12,30.149999618530273,31.549999237060547,28.770000457763672,30.600000381469727,544200,30.600000381469727,0.0
SMTC,2001-06-13,30.510000228881836,31.68000030517578,29.81999969482422,30.360000610351562,338700,30.360000610351562,0.0
SMTC,2001-06-14,30.40999984741211,30.40999984741211,28.25,28.399999618530273,375900,28.399999618530273,0.0
SMTC,2001-06-15,27.229999542236328,28.520000457763672,27.0,28.520000457763672,1004000,28.520000457763672,0.0
SMTC,2001-06-18,27.799999237060547,28.989999771118164,26.770000457763672,26.860000610351562,1100300,26.860000610351562,0.0
SMTC,2001-06-19,27.5,28.239999771118164,26.770000457763672,27.06999969482422,869600,27.06999969482422,0.0
SMTC,2001-06-20,26.790000915527344,27.15999984741211,25.5,26.950000762939453,650400,26.950000762939453,0.0
SMTC,2001-06-21,27.229999542236328,27.299999237060547,26.270000457763672,26.850000381469727,1117100,26.850000381469727,0.0
SMTC,2001-06-22,26.8700008392334,27.739999771118164,26.399999618530273,27.0,757600,27.0,0.0
SMTC,2001-06-25,27.5,27.75,26.610000610351562,26.8700008392334,622700,26.8700008392334,0.0
SMTC,2001-06-26,26.889999389648438,27.110000610351562,25.950000762939453,26.709999084472656,1487300,26.709999084472656,0.0
SMTC,2001-06-27,27.25,29.25,27.239999771118164,28.6200008392334,1097400,28.6200008392334,0.0
SMTC,2001-06-28,28.719999313354492,33.2400016784668,28.610000610351562,30.56999969482422,2142600,30.56999969482422,0.0
SMTC,2001-06-29,30.360000610351562,32.279998779296875,29.059999465942383,30.0,1179700,30.0,0.0
SMTC,2001-07-02,31.299999237060547,31.309999465942383,30.34000015258789,30.75,851300,30.75,0.0
SMTC,2001-07-03,30.459999084472656,31.06999969482422,30.360000610351562,30.5,250900,30.5,0.0
SMTC,2001-07-05,30.31999969482422,30.75,30.219999313354492,30.219999313354492,407500,30.219999313354492,0.0
SMTC,2001-07-06,30.110000610351562,30.110000610351562,27.829999923706055,28.209999084472656,918800,28.209999084472656,0.0
SMTC,2001-07-09,28.399999618530273,29.0,27.5,28.299999237060547,546800,28.299999237060547,0.0
SMTC,2001-07-10,28.399999618530273,29.06999969482422,27.100000381469727,27.360000610351562,270700,27.360000610351562,0.0
SMTC,2001-07-11,27.450000762939453,29.209999084472656,27.200000762939453,29.149999618530273,409400,29.149999618530273,0.0
SMTC,2001-07-12,29.5,31.719999313354492,29.489999771118164,31.100000381469727,991900,31.100000381469727,0.0
SMTC,2001-07-13,31.079999923706055,31.889999389648438,30.389999389648438,31.450000762939453,903700,31.450000762939453,0.0
SMTC,2001-07-16,31.450000762939453,31.600000381469727,29.309999465942383,29.790000915527344,634200,29.790000915527344,0.0
SMTC,2001-07-17,29.81999969482422,30.709999084472656,28.93000030517578,30.110000610351562,1311500,30.110000610351562,0.0
SMTC,2001-07-18,29.950000762939453,30.959999084472656,29.450000762939453,29.850000381469727,1161100,29.850000381469727,0.0
SMTC,2001-07-19,30.110000610351562,33.439998626708984,30.100000381469727,32.93000030517578,1425000,32.93000030517578,0.0
SMTC,2001-07-20,32.70000076293945,32.849998474121094,32.099998474121094,32.47999954223633,979300,32.47999954223633,0.0
SMTC,2001-07-23,32.560001373291016,33.09000015258789,30.649999618530273,31.350000381469727,992400,31.350000381469727,0.0
SMTC,2001-07-24,31.219999313354492,31.639999389648438,30.5,31.399999618530273,732000,31.399999618530273,0.0
SMTC,2001-07-25,31.5,31.690000534057617,29.450000762939453,31.059999465942383,1130800,31.059999465942383,0.0
SMTC,2001-07-26,31.40999984741211,35.099998474121094,30.90999984741211,34.900001525878906,1453500,34.900001525878906,0.0
SMTC,2001-07-27,35.060001373291016,38.150001525878906,34.54999923706055,37.310001373291016,1522500,37.310001373291016,0.0
SMTC,2001-07-30,36.45000076293945,37.880001068115234,36.20000076293945,36.81999969482422,2139600,36.81999969482422,0.0
SMTC,2001-07-31,36.810001373291016,38.11000061035156,35.7599983215332,37.04999923706055,1516200,37.04999923706055,0.0
SMTC,2001-08-01,39.2400016784668,40.95000076293945,38.25,39.9900016784668,1929500,39.9900016784668,0.0
SMTC,2001-08-02,40.59000015258789,41.70000076293945,39.65999984741211,40.04999923706055,2136000,40.04999923706055,0.0
SMTC,2001-08-03,39.75,39.7599983215332,38.0,38.349998474121094,1911300,38.349998474121094,0.0
SMTC,2001-08-06,37.84000015258789,38.290000915527344,37.2599983215332,37.45000076293945,700700,37.45000076293945,0.0
SMTC,2001-08-07,37.29999923706055,37.70000076293945,36.380001068115234,36.88999938964844,817100,36.88999938964844,0.0
SMTC,2001-08-08,36.880001068115234,37.5,35.02000045776367,35.20000076293945,721500,35.20000076293945,0.0
SMTC,2001-08-09,35.400001525878906,36.45000076293945,34.79999923706055,35.22999954223633,441000,35.22999954223633,0.0
SMTC,2001-08-10,35.29999923706055,35.400001525878906,33.400001525878906,34.4900016784668,2102700,34.4900016784668,0.0
SMTC,2001-08-13,34.900001525878906,35.599998474121094,34.5,35.25,1278400,35.25,0.0
SMTC,2001-08-14,35.59000015258789,36.529998779296875,35.0099983215332,35.029998779296875,749000,35.029998779296875,0.0
SMTC,2001-08-15,35.38999938964844,35.599998474121094,33.849998474121094,33.86000061035156,800400,33.86000061035156,0.0
SMTC,2001-08-16,33.79999923706055,34.439998626708984,32.56999969482422,34.40999984741211,594600,34.40999984741211,0.0
SMTC,2001-08-17,33.970001220703125,34.47999954223633,32.63999938964844,33.099998474121094,591400,33.099998474121094,0.0
SMTC,2001-08-20,33.060001373291016,34.290000915527344,32.43000030517578,32.560001373291016,761300,32.560001373291016,0.0
SMTC,2001-08-21,32.5,32.79999923706055,30.200000762939453,30.200000762939453,1390200,30.200000762939453,0.0
SMTC,2001-08-22,32.5,36.290000915527344,32.4900016784668,36.25,3323300,36.25,0.0
SMTC,2001-08-23,36.0,38.099998474121094,35.599998474121094,36.470001220703125,1234200,36.470001220703125,0.0
SMTC,2001-08-24,36.459999084472656,37.93000030517578,36.45000076293945,37.90999984741211,1222300,37.90999984741211,0.0
SMTC,2001-08-27,37.41999816894531,39.61000061035156,37.40999984741211,39.0099983215332,1132500,39.0099983215332,0.0
SMTC,2001-08-28,38.9900016784668,39.099998474121094,37.29999923706055,37.90999984741211,1508200,37.90999984741211,0.0
SMTC,2001-08-29,37.9900016784668,39.34000015258789,37.189998626708984,39.34000015258789,1301300,39.34000015258789,0.0
SMTC,2001-08-30,38.900001525878906,38.91999816894531,37.5,37.81999969482422,2217000,37.81999969482422,0.0
SMTC,2001-08-31,37.619998931884766,38.38999938964844,36.599998474121094,37.33000183105469,952400,37.33000183105469,0.0
SMTC,2001-09-04,36.95000076293945,37.689998626708984,36.43000030517578,36.86000061035156,1221200,36.86000061035156,0.0
SMTC,2001-09-05,36.970001220703125,36.970001220703125,35.619998931884766,36.709999084472656,2629800,36.709999084472656,0.0
SMTC,2001-09-06,35.900001525878906,36.560001373291016,34.2400016784668,34.790000915527344,1337800,34.790000915527344,0.0
SMTC,2001-09-07,34.02000045776367,37.099998474121094,34.02000045776367,36.09000015258789,1488100,36.09000015258789,0.0
SMTC,2001-09-10,36.220001220703125,37.36000061035156,36.09000015258789,36.709999084472656,1705000,36.709999084472656,0.0
SMTC,2001-09-17,35.25,35.540000915527344,33.54999923706055,34.20000076293945,1219800,34.20000076293945,0.0
SMTC,2001-09-18,34.7400016784668,34.75,31.829999923706055,32.04999923706055,1392300,32.04999923706055,0.0
SMTC,2001-09-19,31.959999084472656,32.0,26.81999969482422,30.510000228881836,2935100,30.510000228881836,0.0
SMTC,2001-09-20,30.450000762939453,31.690000534057617,28.389999389648438,28.700000762939453,1720800,28.700000762939453,0.0
SMTC,2001-09-21,26.520000457763672,28.0,26.049999237060547,27.0,2190700,27.0,0.0
SMTC,2001-09-24,27.780000686645508,30.56999969482422,27.059999465942383,29.780000686645508,1216000,29.780000686645508,0.0
SMTC,2001-09-25,29.25,30.899999618530273,28.719999313354492,29.780000686645508,1199600,29.780000686645508,0.0
SMTC,2001-09-26,29.860000610351562,29.969999313354492,27.850000381469727,28.0,1108600,28.0,0.0
SMTC,2001-09-27,28.049999237060547,28.239999771118164,25.200000762939453,27.170000076293945,2506200,27.170000076293945,0.0
SMTC,2001-09-28,27.5,28.899999618530273,27.0,28.3799991607666,1022500,28.3799991607666,0.0
SMTC,2001-10-01,28.43000030517578,28.43000030517578,26.079999923706055,27.139999389648438,1085000,27.139999389648438,0.0
SMTC,2001-10-02,26.850000381469727,27.25,25.139999389648438,25.670000076293945,1847200,25.670000076293945,0.0
SMTC,2001-10-03,25.65999984741211,29.360000610351562,24.860000610351562,29.1200008392334,2272800,29.1200008392334,0.0
SMTC,2001-10-04,29.6299991607666,33.02000045776367,29.510000228881836,32.349998474121094,1647100,32.349998474121094,0.0
SMTC,2001-10-05,32.0,32.4900016784668,30.75,32.34000015258789,1353400,32.34000015258789,0.0
SMTC,2001-10-08,31.149999618530273,34.2599983215332,31.049999237060547,33.91999816894531,1133000,33.91999816894531,0.0
SMTC,2001-10-09,33.93000030517578,34.33000183105469,30.5,30.600000381469727,1722300,30.600000381469727,0.0
SMTC,2001-10-10,30.200000762939453,32.7400016784668,29.6200008392334,32.2599983215332,1516700,32.2599983215332,0.0
SMTC,2001-10-11,32.83000183105469,36.900001525878906,32.79999923706055,36.2400016784668,1909000,36.2400016784668,0.0
SMTC,2001-10-12,35.540000915527344,36.54999923706055,33.349998474121094,35.47999954223633,1618600,35.47999954223633,0.0
SMTC,2001-10-15,34.75,35.189998626708984,33.04999923706055,34.900001525878906,1369200,34.900001525878906,0.0
SMTC,2001-10-16,34.7599983215332,35.34000015258789,33.70000076293945,35.310001373291016,1340500,35.310001373291016,0.0
SMTC,2001-10-17,36.04999923706055,36.25,32.79999923706055,32.81999969482422,1046000,32.81999969482422,0.0
SMTC,2001-10-18,32.529998779296875,33.15999984741211,31.0,31.59000015258789,660000,31.59000015258789,0.0
SMTC,2001-10-19,31.25,33.439998626708984,31.049999237060547,33.02000045776367,936500,33.02000045776367,0.0
SMTC,2001-10-22,32.90999984741211,34.630001068115234,31.520000457763672,33.86000061035156,964300,33.86000061035156,0.0
SMTC,2001-10-23,34.06999969482422,35.75,34.0,34.84000015258789,1078600,34.84000015258789,0.0
SMTC,2001-10-24,34.880001068115234,37.65999984741211,34.880001068115234,37.400001525878906,1433400,37.400001525878906,0.0
SMTC,2001-10-25,37.0099983215332,40.83000183105469,36.0,40.70000076293945,1735500,40.70000076293945,0.0
SMTC,2001-10-26,38.86000061035156,42.0,38.61000061035156,40.209999084472656,1894300,40.209999084472656,0.0
SMTC,2001-10-29,40.0099983215332,40.0099983215332,37.060001373291016,37.16999816894531,1795000,37.16999816894531,0.0
SMTC,2001-10-30,37.0,37.68000030517578,36.04999923706055,36.61000061035156,824200,36.61000061035156,0.0
SMTC,2001-10-31,37.25,39.5,37.25,37.75,1306700,37.75,0.0
SMTC,2001-11-01,38.16999816894531,40.79999923706055,37.599998474121094,40.779998779296875,903500,40.779998779296875,0.0
SMTC,2001-11-02,40.36000061035156,42.0,40.029998779296875,41.689998626708984,1195300,41.689998626708984,0.0
SMTC,2001-11-05,42.11000061035156,43.310001373291016,41.189998626708984,42.04999923706055,1508800,42.04999923706055,0.0
SMTC,2001-11-06,41.88999938964844,43.540000915527344,41.400001525878906,43.380001068115234,935400,43.380001068115234,0.0
SMTC,2001-11-07,42.95000076293945,43.650001525878906,42.0,42.540000915527344,1990300,42.540000915527344,0.0
SMTC,2001-11-08,42.849998474121094,43.7599983215332,39.59000015258789,40.349998474121094,1553200,40.349998474121094,0.0
SMTC,2001-11-09,40.75,41.4900016784668,39.70000076293945,39.81999969482422,1480500,39.81999969482422,0.0
SMTC,2001-11-12,40.150001525878906,40.25,38.5,39.939998626708984,1012900,39.939998626708984,0.0
SMTC,2001-11-13,40.310001373291016,42.2400016784668,40.310001373291016,42.18000030517578,2220700,42.18000030517578,0.0
SMTC,2001-11-14,42.45000076293945,43.150001525878906,39.720001220703125,40.150001525878906,1924600,40.150001525878906,0.0
SMTC,2001-11-15,39.95000076293945,40.18000030517578,38.9900016784668,39.599998474121094,1307800,39.599998474121094,0.0
SMTC,2001-11-16,39.72999954223633,40.06999969482422,38.0,38.400001525878906,1926900,38.400001525878906,0.0
SMTC,2001-11-19,38.84000015258789,39.2400016784668,37.150001525878906,38.70000076293945,1773700,38.70000076293945,0.0
SMTC,2001-11-20,39.36000061035156,39.36000061035156,35.709999084472656,36.0,2469700,36.0,0.0
SMTC,2001-11-21,35.150001525878906,37.220001220703125,35.099998474121094,36.77000045776367,1818600,36.77000045776367,0.0
SMTC,2001-11-23,37.04999923706055,37.560001373291016,36.599998474121094,37.54999923706055,485900,37.54999923706055,0.0
SMTC,2001-11-26,37.5,38.599998474121094,37.400001525878906,37.79999923706055,1098000,37.79999923706055,0.0
SMTC,2001-11-27,37.709999084472656,38.40999984741211,36.099998474121094,37.7599983215332,1762600,37.7599983215332,0.0
SMTC,2001-11-28,37.0099983215332,37.650001525878906,36.5,36.900001525878906,1029200,36.900001525878906,0.0
SMTC,2001-11-29,36.61000061035156,38.2400016784668,36.5,38.18000030517578,1092300,38.18000030517578,0.0
SMTC,2001-11-30,37.75,38.849998474121094,37.290000915527344,38.52000045776367,1210600,38.52000045776367,0.0
SMTC,2001-12-03,38.279998779296875,38.599998474121094,37.599998474121094,38.33000183105469,970800,38.33000183105469,0.0
SMTC,2001-12-04,38.560001373291016,40.150001525878906,38.459999084472656,39.93000030517578,1362700,39.93000030517578,0.0
SMTC,2001-12-05,40.43000030517578,44.119998931884766,40.2400016784668,42.470001220703125,2099100,42.470001220703125,0.0
SMTC,2001-12-06,42.47999954223633,43.20000076293945,41.86000061035156,43.040000915527344,1059200,43.040000915527344,0.0
SMTC,2001-12-07,42.29999923706055,43.0,40.81999969482422,41.470001220703125,1169700,41.470001220703125,0.0
SMTC,2001-12-10,41.43000030517578,42.29999923706055,40.849998474121094,41.720001220703125,862000,41.720001220703125,0.0
SMTC,2001-12-11,41.97999954223633,42.79999923706055,41.91999816894531,42.470001220703125,1172500,42.470001220703125,0.0
SMTC,2001-12-12,42.279998779296875,43.06999969482422,42.060001373291016,43.060001373291016,870400,43.060001373291016,0.0
SMTC,2001-12-13,41.400001525878906,42.22999954223633,40.7599983215332,41.54999923706055,1330000,41.54999923706055,0.0
SMTC,2001-12-14,41.560001373291016,41.56999969482422,40.0,41.04999923706055,1185300,41.04999923706055,0.0
SMTC,2001-12-17,40.91999816894531,41.0,39.63999938964844,40.220001220703125,1412000,40.220001220703125,0.0
SMTC,2001-12-18,40.099998474121094,40.77000045776367,39.58000183105469,40.22999954223633,1369300,40.22999954223633,0.0
SMTC,2001-12-19,39.59000015258789,39.86000061035156,39.02000045776367,39.02000045776367,985000,39.02000045776367,0.0
SMTC,2001-12-20,39.099998474121094,39.099998474121094,35.63999938964844,36.27000045776367,1485800,36.27000045776367,0.0
SMTC,2001-12-21,36.650001525878906,37.04999923706055,35.900001525878906,36.04999923706055,2260300,36.04999923706055,0.0
SMTC,2001-12-24,36.33000183105469,36.380001068115234,35.220001220703125,35.22999954223633,407600,35.22999954223633,0.0
SMTC,2001-12-26,35.58000183105469,36.25,35.25,35.400001525878906,629700,35.400001525878906,0.0
SMTC,2001-12-27,35.790000915527344,36.540000915527344,35.7400016784668,36.22999954223633,958000,36.22999954223633,0.0
SMTC,2001-12-28,36.349998474121094,37.15999984741211,36.0,37.04999923706055,2064300,37.04999923706055,0.0
SMTC,2001-12-31,37.099998474121094,37.40999984741211,35.66999816894531,35.689998626708984,708800,35.689998626708984,0.0
SMTC,2002-01-02,35.880001068115234,37.04999923706055,35.099998474121094,36.68000030517578,1520600,36.68000030517578,0.0
SMTC,2002-01-03,36.779998779296875,40.45000076293945,36.77000045776367,40.150001525878906,2194300,40.150001525878906,0.0
SMTC,2002-01-04,40.70000076293945,41.290000915527344,39.15999984741211,40.400001525878906,1771000,40.400001525878906,0.0
SMTC,2002-01-07,40.5,41.310001373291016,38.70000076293945,38.7400016784668,1261200,38.7400016784668,0.0
SMTC,2002-01-08,38.79999923706055,39.150001525878906,38.04999923706055,39.0099983215332,1132900,39.0099983215332,0.0
SMTC,2002-01-09,39.959999084472656,40.93000030517578,38.689998626708984,38.7599983215332,949400,38.7599983215332,0.0
SMTC,2002-01-10,38.88999938964844,39.47999954223633,38.29999923706055,38.880001068115234,685300,38.880001068115234,0.0
SMTC,2002-01-11,38.939998626708984,39.02000045776367,37.060001373291016,37.11000061035156,711800,37.11000061035156,0.0
SMTC,2002-01-14,37.290000915527344,37.790000915527344,36.380001068115234,36.880001068115234,872700,36.880001068115234,0.0
SMTC,2002-01-15,37.09000015258789,37.29999923706055,35.880001068115234,36.77000045776367,981600,36.77000045776367,0.0
SMTC,2002-01-16,36.15999984741211,36.25,33.5,34.2599983215332,3364400,34.2599983215332,0.0
SMTC,2002-01-17,35.099998474121094,35.349998474121094,33.66999816894531,35.34000015258789,1065800,35.34000015258789,0.0
SMTC,2002-01-18,34.380001068115234,34.88999938964844,33.84000015258789,34.0099983215332,1328400,34.0099983215332,0.0
SMTC,2002-01-22,34.54999923706055,34.70000076293945,32.20000076293945,32.310001373291016,2039800,32.310001373291016,0.0
SMTC,2002-01-23,32.70000076293945,33.4900016784668,32.279998779296875,32.880001068115234,2408700,32.880001068115234,0.0
SMTC,2002-01-24,33.349998474121094,33.84000015258789,33.04999923706055,33.5,1683300,33.5,0.0
SMTC,2002-01-25,33.5,34.400001525878906,32.599998474121094,33.61000061035156,2375700,33.61000061035156,0.0
SMTC,2002-01-28,33.75,34.459999084472656,33.599998474121094,34.150001525878906,1340300,34.150001525878906,0.0
SMTC,2002-01-29,34.349998474121094,35.119998931884766,33.7400016784668,33.7400016784668,2262400,33.7400016784668,0.0
SMTC,2002-01-30,33.93000030517578,34.630001068115234,32.150001525878906,34.459999084472656,1395700,34.459999084472656,0.0
SMTC,2002-01-31,34.70000076293945,35.40999984741211,34.150001525878906,34.61000061035156,1087700,34.61000061035156,0.0
SMTC,2002-02-01,34.5099983215332,35.15999984741211,33.27000045776367,33.27000045776367,1327400,33.27000045776367,0.0
SMTC,2002-02-04,33.380001068115234,33.75,31.969999313354492,32.52000045776367,1107200,32.52000045776367,0.0
SMTC,2002-02-05,32.06999969482422,32.75,31.5,31.8700008392334,763500,31.8700008392334,0.0
SMTC,2002-02-06,32.0,32.20000076293945,30.610000610351562,31.09000015258789,824700,31.09000015258789,0.0
SMTC,2002-02-07,31.09000015258789,31.229999542236328,29.719999313354492,30.020000457763672,1376400,30.020000457763672,0.0
SMTC,2002-02-08,30.270000457763672,31.229999542236328,29.649999618530273,31.15999984741211,1393400,31.15999984741211,0.0
SMTC,2002-02-11,31.25,33.0,30.950000762939453,32.970001220703125,1274500,32.970001220703125,0.0
SMTC,2002-02-12,32.68000030517578,33.099998474121094,32.0099983215332,32.279998779296875,795500,32.279998779296875,0.0
SMTC,2002-02-13,32.54999923706055,33.38999938964844,32.13999938964844,32.650001525878906,1272500,32.650001525878906,0.0
SMTC,2002-02-14,33.0,33.91999816894531,32.560001373291016,33.150001525878906,1110700,33.150001525878906,0.0
SMTC,2002-02-15,33.18000030517578,33.4900016784668,31.770000457763672,31.959999084472656,672400,31.959999084472656,0.0
SMTC,2002-02-19,31.809999465942383,31.809999465942383,29.3799991607666,29.440000534057617,2263400,29.440000534057617,0.0
SMTC,2002-02-20,29.90999984741211,31.40999984741211,29.899999618530273,31.360000610351562,1643100,31.360000610351562,0.0
SMTC,2002-02-21,31.350000381469727,31.360000610351562,29.219999313354492,29.3799991607666,1263800,29.3799991607666,0.0
SMTC,2002-02-22,29.200000762939453,30.200000762939453,28.31999969482422,29.110000610351562,1709800,29.110000610351562,0.0
SMTC,2002-02-25,29.100000381469727,30.420000076293945,28.56999969482422,29.950000762939453,1416300,29.950000762939453,0.0
SMTC,2002-02-26,30.18000030517578,31.0,30.049999237060547,30.399999618530273,976400,30.399999618530273,0.0
SMTC,2002-02-27,30.989999771118164,34.040000915527344,30.920000076293945,31.780000686645508,2341400,31.780000686645508,0.0
SMTC,2002-02-28,32.04999923706055,32.36000061035156,30.0,30.18000030517578,1694500,30.18000030517578,0.0
SMTC,2002-03-01,30.5,33.209999084472656,30.40999984741211,33.20000076293945,1515800,33.20000076293945,0.0
SMTC,2002-03-04,33.29999923706055,35.45000076293945,33.22999954223633,34.939998626708984,1487900,34.939998626708984,0.0
SMTC,2002-03-05,34.93000030517578,36.5,34.70000076293945,36.33000183105469,1452700,36.33000183105469,0.0
SMTC,2002-03-06,36.349998474121094,37.400001525878906,35.54999923706055,37.29999923706055,1840900,37.29999923706055,0.0
SMTC,2002-03-07,37.599998474121094,38.5,37.06999969482422,37.9900016784668,1763200,37.9900016784668,0.0
SMTC,2002-03-08,38.11000061035156,39.720001220703125,38.099998474121094,39.0,1255700,39.0,0.0
SMTC,2002-03-11,38.70000076293945,39.119998931884766,36.86000061035156,38.5,1221100,38.5,0.0
SMTC,2002-03-12,37.52000045776367,37.880001068115234,37.060001373291016,37.16999816894531,817200,37.16999816894531,0.0
SMTC,2002-03-13,36.93000030517578,37.040000915527344,35.630001068115234,36.54999923706055,1520400,36.54999923706055,0.0
SMTC,2002-03-14,36.4900016784668,36.70000076293945,35.529998779296875,35.880001068115234,918700,35.880001068115234,0.0
SMTC,2002-03-15,36.2400016784668,36.560001373291016,35.470001220703125,36.09000015258789,921900,36.09000015258789,0.0
SMTC,2002-03-18,36.15999984741211,38.13999938964844,36.099998474121094,37.220001220703125,1367200,37.220001220703125,0.0
SMTC,2002-03-19,37.41999816894531,38.34000015258789,37.119998931884766,37.5,631300,37.5,0.0
SMTC,2002-03-20,36.70000076293945,37.5,36.56999969482422,36.650001525878906,768200,36.650001525878906,0.0
SMTC,2002-03-21,36.709999084472656,37.2400016784668,36.060001373291016,37.06999969482422,1254900,37.06999969482422,0.0
SMTC,2002-03-22,37.029998779296875,37.369998931884766,36.5,36.689998626708984,549100,36.689998626708984,0.0
SMTC,2002-03-25,36.84000015258789,37.02000045776367,35.5,35.58000183105469,659700,35.58000183105469,0.0
SMTC,2002-03-26,35.470001220703125,36.540000915527344,35.33000183105469,36.18000030517578,847800,36.18000030517578,0.0
SMTC,2002-03-27,36.16999816894531,36.380001068115234,35.599998474121094,35.599998474121094,632800,35.599998474121094,0.0
SMTC,2002-03-28,36.25,36.97999954223633,36.13999938964844,36.5,863700,36.5,0.0
SMTC,2002-04-01,36.25,37.84000015258789,35.63999938964844,37.22999954223633,683300,37.22999954223633,0.0
SMTC,2002-04-02,37.0,37.119998931884766,35.849998474121094,36.0,560500,36.0,0.0
SMTC,2002-04-03,36.0099983215332,36.400001525878906,34.349998474121094,34.790000915527344,1566000,34.790000915527344,0.0
SMTC,2002-04-04,34.369998931884766,35.45000076293945,33.880001068115234,35.45000076293945,1517500,35.45000076293945,0.0
SMTC,2002-04-05,35.33000183105469,35.95000076293945,34.790000915527344,35.02000045776367,756100,35.02000045776367,0.0
SMTC,2002-04-08,34.75,35.75,33.31999969482422,35.7400016784668,1123600,35.7400016784668,0.0
SMTC,2002-04-09,35.790000915527344,36.2400016784668,33.88999938964844,34.15999984741211,805900,34.15999984741211,0.0
SMTC,2002-04-10,34.61000061035156,34.95000076293945,33.77000045776367,34.279998779296875,990400,34.279998779296875,0.0
SMTC,2002-04-11,33.88999938964844,34.63999938964844,33.7400016784668,33.7400016784668,531000,33.7400016784668,0.0
SMTC,2002-04-12,34.130001068115234,34.54999923706055,33.58000183105469,34.540000915527344,498400,34.540000915527344,0.0
SMTC,2002-04-15,34.56999969482422,35.599998474121094,34.540000915527344,35.060001373291016,1137700,35.060001373291016,0.0
SMTC,2002-04-16,35.7400016784668,36.90999984741211,35.7400016784668,36.630001068115234,1250000,36.630001068115234,0.0
SMTC,2002-04-17,36.849998474121094,38.060001373291016,36.84000015258789,37.189998626708984,1263300,37.189998626708984,0.0
SMTC,2002-04-18,37.15999984741211,37.290000915527344,36.36000061035156,36.779998779296875,909400,36.779998779296875,0.0
SMTC,2002-04-19,36.790000915527344,37.41999816894531,35.93000030517578,36.0099983215332,698000,36.0099983215332,0.0
SMTC,2002-04-22,35.91999816894531,35.93000030517578,35.209999084472656,35.81999969482422,856300,35.81999969482422,0.0
SMTC,2002-04-23,35.79999923706055,35.939998626708984,33.779998779296875,33.810001373291016,1456000,33.810001373291016,0.0
SMTC,2002-04-24,33.939998626708984,34.470001220703125,31.149999618530273,31.809999465942383,2343100,31.809999465942383,0.0
SMTC,2002-04-25,31.5,32.630001068115234,29.40999984741211,31.75,3160300,31.75,0.0
SMTC,2002-04-26,32.20000076293945,32.86000061035156,30.93000030517578,31.020000457763672,1199000,31.020000457763672,0.0
SMTC,2002-04-29,31.299999237060547,31.899999618530273,30.3799991607666,30.6299991607666,1163200,30.6299991607666,0.0
SMTC,2002-04-30,30.829999923706055,32.65999984741211,30.5,31.979999542236328,1232200,31.979999542236328,0.0
SMTC,2002-05-01,32.09000015258789,32.7599983215332,30.579999923706055,32.119998931884766,951100,32.119998931884766,0.0
SMTC,2002-05-02,32.040000915527344,33.31999969482422,31.5,31.959999084472656,1483500,31.959999084472656,0.0
SMTC,2002-05-03,32.09000015258789,32.29999923706055,30.489999771118164,30.950000762939453,1644700,30.950000762939453,0.0
SMTC,2002-05-06,30.950000762939453,31.690000534057617,30.299999237060547,30.299999237060547,912000,30.299999237060547,0.0
SMTC,2002-05-07,30.549999237060547,31.270000457763672,29.100000381469727,29.780000686645508,1993300,29.780000686645508,0.0
SMTC,2002-05-08,30.309999465942383,34.25,30.299999237060547,34.0,1657000,34.0,0.0
SMTC,2002-05-09,33.599998474121094,34.040000915527344,32.349998474121094,32.56999969482422,1049900,32.56999969482422,0.0
SMTC,2002-05-10,32.79999923706055,33.20000076293945,30.760000228881836,31.709999084472656,1290100,31.709999084472656,0.0
SMTC,2002-05-13,31.75,33.79999923706055,31.600000381469727,33.79999923706055,1189700,33.79999923706055,0.0
SMTC,2002-05-14,34.2599983215332,36.619998931884766,34.2599983215332,36.369998931884766,1581300,36.369998931884766,0.0
SMTC,2002-05-15,36.119998931884766,37.540000915527344,35.029998779296875,36.0099983215332,1559500,36.0099983215332,0.0
SMTC,2002-05-16,36.150001525878906,36.79999923706055,35.529998779296875,36.54999923706055,860100,36.54999923706055,0.0
SMTC,2002-05-17,36.7400016784668,37.43000030517578,36.06999969482422,37.40999984741211,1149600,37.40999984741211,0.0
SMTC,2002-05-20,37.36000061035156,37.36000061035156,35.349998474121094,35.7599983215332,970600,35.7599983215332,0.0
SMTC,2002-05-21,36.029998779296875,36.52000045776367,34.400001525878906,34.75,720500,34.75,0.0
SMTC,2002-05-22,34.540000915527344,35.59000015258789,33.83000183105469,34.7400016784668,1177500,34.7400016784668,0.0
SMTC,2002-05-23,34.880001068115234,35.13999938964844,33.599998474121094,35.08000183105469,806000,35.08000183105469,0.0
SMTC,2002-05-24,34.31999969482422,34.650001525878906,33.54999923706055,34.060001373291016,716100,34.060001373291016,0.0
SMTC,2002-05-28,34.150001525878906,34.72999954223633,33.310001373291016,33.97999954223633,573000,33.97999954223633,0.0
SMTC,2002-05-29,33.81999969482422,33.83000183105469,32.84000015258789,33.099998474121094,615100,33.099998474121094,0.0
SMTC,2002-05-30,32.70000076293945,33.209999084472656,31.510000228881836,33.209999084472656,824100,33.209999084472656,0.0
SMTC,2002-05-31,33.22999954223633,33.88999938964844,32.70000076293945,32.880001068115234,496100,32.880001068115234,0.0
SMTC,2002-06-03,32.869998931884766,32.970001220703125,31.059999465942383,31.219999313354492,651800,31.219999313354492,0.0
SMTC,2002-06-04,31.260000228881836,32.689998626708984,30.75,32.279998779296875,916200,32.279998779296875,0.0
SMTC,2002-06-05,32.290000915527344,33.099998474121094,31.5,32.560001373291016,837800,32.560001373291016,0.0
SMTC,2002-06-06,31.0,31.190000534057617,29.950000762939453,30.420000076293945,2144300,30.420000076293945,0.0
SMTC,2002-06-07,29.25,30.989999771118164,28.440000534057617,30.649999618530273,1841300,30.649999618530273,0.0
SMTC,2002-06-10,30.65999984741211,31.700000762939453,30.31999969482422,31.059999465942383,701800,31.059999465942383,0.0
SMTC,2002-06-11,30.989999771118164,31.579999923706055,29.059999465942383,29.15999984741211,1372800,29.15999984741211,0.0
SMTC,2002-06-12,29.09000015258789,29.75,28.559999465942383,29.489999771118164,1285500,29.489999771118164,0.0
SMTC,2002-06-13,29.360000610351562,29.860000610351562,28.639999389648438,29.209999084472656,1269200,29.209999084472656,0.0
SMTC,2002-06-14,28.979999542236328,29.989999771118164,27.309999465942383,29.989999771118164,1298500,29.989999771118164,0.0
SMTC,2002-06-17,30.0,31.43000030517578,30.0,31.059999465942383,1089700,31.059999465942383,0.0
SMTC,2002-06-18,31.049999237060547,31.860000610351562,30.1299991607666,30.139999389648438,1136200,30.139999389648438,0.0
SMTC,2002-06-19,30.100000381469727,30.100000381469727,28.0,28.0,1296100,28.0,0.0
SMTC,2002-06-20,28.190000534057617,28.8700008392334,26.84000015258789,27.079999923706055,1680100,27.079999923706055,0.0
SMTC,2002-06-21,27.190000534057617,27.440000534057617,25.549999237060547,25.860000610351562,1508300,25.860000610351562,0.0
SMTC,2002-06-24,25.790000915527344,27.049999237060547,25.25,26.709999084472656,1675700,26.709999084472656,0.0
SMTC,2002-06-25,26.709999084472656,27.200000762939453,24.770000457763672,24.770000457763672,1661100,24.770000457763672,0.0
SMTC,2002-06-26,23.06999969482422,25.389999389648438,22.969999313354492,25.389999389648438,1625700,25.389999389648438,0.0
SMTC,2002-06-27,25.459999084472656,27.0,25.459999084472656,26.5,1924100,26.5,0.0
SMTC,2002-06-28,26.510000228881836,28.270000457763672,26.149999618530273,26.700000762939453,1171200,26.700000762939453,0.0
SMTC,2002-07-01,26.670000076293945,27.40999984741211,24.979999542236328,25.190000534057617,945500,25.190000534057617,0.0
SMTC,2002-07-02,25.1299991607666,25.1299991607666,23.600000381469727,23.860000610351562,1924700,23.860000610351562,0.0
SMTC,2002-07-03,23.950000762939453,25.5,23.68000030517578,25.479999542236328,1094700,25.479999542236328,0.0
SMTC,2002-07-05,25.520000457763672,27.350000381469727,25.469999313354492,27.350000381469727,540300,27.350000381469727,0.0
SMTC,2002-07-08,27.06999969482422,27.809999465942383,25.920000076293945,26.0,886200,26.0,0.0
SMTC,2002-07-09,25.920000076293945,25.950000762939453,23.200000762939453,23.6200008392334,1833400,23.6200008392334,0.0
SMTC,2002-07-10,23.940000534057617,24.239999771118164,20.469999313354492,21.190000534057617,3888700,21.190000534057617,0.0
SMTC,2002-07-11,20.920000076293945,23.850000381469727,20.610000610351562,23.329999923706055,2665000,23.329999923706055,0.0
SMTC,2002-07-12,23.760000228881836,24.299999237060547,22.979999542236328,23.440000534057617,1385300,23.440000534057617,0.0
SMTC,2002-07-15,23.299999237060547,23.969999313354492,22.559999465942383,23.969999313354492,1348000,23.969999313354492,0.0
SMTC,2002-07-16,23.559999465942383,25.360000610351562,23.520000457763672,23.719999313354492,1140500,23.719999313354492,0.0
SMTC,2002-07-17,24.299999237060547,25.5,22.809999465942383,23.920000076293945,1097000,23.920000076293945,0.0
SMTC,2002-07-18,23.8700008392334,24.3799991607666,22.540000915527344,22.6200008392334,942000,22.6200008392334,0.0
SMTC,2002-07-19,22.479999542236328,23.190000534057617,22.059999465942383,22.31999969482422,844900,22.31999969482422,0.0
SMTC,2002-07-22,22.260000228881836,23.200000762939453,21.270000457763672,21.559999465942383,1174500,21.559999465942383,0.0
SMTC,2002-07-23,21.329999923706055,22.040000915527344,20.25,20.270000457763672,1112100,20.270000457763672,0.0
SMTC,2002-07-24,20.18000030517578,20.579999923706055,19.0,20.579999923706055,1979100,20.579999923706055,0.0
SMTC,2002-07-25,20.0,20.100000381469727,17.8700008392334,18.899999618530273,1784800,18.899999618530273,0.0
SMTC,2002-07-26,19.229999542236328,19.889999389648438,18.049999237060547,18.649999618530273,1135600,18.649999618530273,0.0
SMTC,2002-07-29,19.899999618530273,20.209999084472656,19.049999237060547,20.170000076293945,1037100,20.170000076293945,0.0
SMTC,2002-07-30,20.049999237060547,21.09000015258789,19.5,20.899999618530273,893800,20.899999618530273,0.0
SMTC,2002-07-31,20.809999465942383,20.81999969482422,19.25,19.65999984741211,812700,19.65999984741211,0.0
SMTC,2002-08-01,19.700000762939453,19.950000762939453,18.40999984741211,18.420000076293945,1080100,18.420000076293945,0.0
SMTC,2002-08-02,18.110000610351562,18.260000228881836,16.8799991607666,18.25,1614800,18.25,0.0
SMTC,2002-08-05,18.09000015258789,18.100000381469727,16.780000686645508,16.920000076293945,1214700,16.920000076293945,0.0
SMTC,2002-08-06,17.59000015258789,19.0,17.270000457763672,18.34000015258789,1141700,18.34000015258789,0.0
SMTC,2002-08-07,18.989999771118164,20.0,17.440000534057617,18.860000610351562,1332800,18.860000610351562,0.0
SMTC,2002-08-08,18.790000915527344,19.850000381469727,18.100000381469727,19.850000381469727,868500,19.850000381469727,0.0
SMTC,2002-08-09,19.40999984741211,19.84000015258789,18.739999771118164,19.40999984741211,945500,19.40999984741211,0.0
SMTC,2002-08-12,19.350000381469727,19.610000610351562,18.700000762939453,19.31999969482422,985200,19.31999969482422,0.0
SMTC,2002-08-13,19.31999969482422,20.40999984741211,18.299999237060547,18.329999923706055,1065700,18.329999923706055,0.0
SMTC,2002-08-14,18.579999923706055,19.700000762939453,17.90999984741211,19.670000076293945,1010400,19.670000076293945,0.0
SMTC,2002-08-15,19.719999313354492,20.81999969482422,19.559999465942383,20.530000686645508,1266900,20.530000686645508,0.0
SMTC,2002-08-16,20.399999618530273,22.700000762939453,20.1299991607666,22.139999389648438,1840800,22.139999389648438,0.0
SMTC,2002-08-19,22.200000762939453,23.100000381469727,21.790000915527344,23.09000015258789,804100,23.09000015258789,0.0
SMTC,2002-08-20,22.670000076293945,22.84000015258789,20.75,20.84000015258789,1657200,20.84000015258789,0.0
SMTC,2002-08-21,21.049999237060547,21.790000915527344,20.760000228881836,21.770000457763672,1411600,21.770000457763672,0.0
SMTC,2002-08-22,21.700000762939453,22.280000686645508,20.850000381469727,21.049999237060547,1644800,21.049999237060547,0.0
SMTC,2002-08-23,21.010000228881836,21.020000457763672,19.309999465942383,19.329999923706055,1016600,19.329999923706055,0.0
SMTC,2002-08-26,19.549999237060547,20.290000915527344,19.25,19.899999618530273,1456200,19.899999618530273,0.0
SMTC,2002-08-27,20.0,20.31999969482422,18.75,18.920000076293945,1631300,18.920000076293945,0.0
SMTC,2002-08-28,15.489999771118164,15.5,13.359999656677246,14.050000190734863,12321700,14.050000190734863,0.0
SMTC,2002-08-29,13.609999656677246,13.899999618530273,13.25,13.510000228881836,4190700,13.510000228881836,0.0
SMTC,2002-08-30,13.6899995803833,13.850000381469727,13.210000038146973,13.210000038146973,1990400,13.210000038146973,0.0
SMTC,2002-09-03,13.0,13.1899995803833,12.470000267028809,12.699999809265137,1575700,12.699999809265137,0.0
SMTC,2002-09-04,12.579999923706055,12.65999984741211,11.569999694824219,12.199999809265137,2902900,12.199999809265137,0.0
SMTC,2002-09-05,12.0,12.079999923706055,11.109999656677246,11.25,2564100,11.25,0.0
SMTC,2002-09-06,11.680000305175781,12.149999618530273,11.449999809265137,11.550000190734863,2374000,11.550000190734863,0.0
SMTC,2002-09-09,11.399999618530273,11.729999542236328,10.970000267028809,11.699999809265137,1679800,11.699999809265137,0.0
SMTC,2002-09-10,11.760000228881836,12.220000267028809,11.520000457763672,11.850000381469727,2990800,11.850000381469727,0.0
SMTC,2002-09-11,11.90999984741211,12.350000381469727,11.720000267028809,11.829999923706055,1832600,11.829999923706055,0.0
SMTC,2002-09-12,11.710000038146973,11.720000267028809,11.100000381469727,11.109999656677246,1676800,11.109999656677246,0.0
SMTC,2002-09-13,11.100000381469727,11.430000305175781,10.800000190734863,10.84000015258789,1768100,10.84000015258789,0.0
SMTC,2002-09-16,11.079999923706055,11.09000015258789,10.5600004196167,10.600000381469727,1393200,10.600000381469727,0.0
SMTC,2002-09-17,10.850000381469727,11.25,10.25,10.399999618530273,1446100,10.399999618530273,0.0
SMTC,2002-09-18,10.1899995803833,10.25,9.850000381469727,10.100000381469727,2084600,10.100000381469727,0.0
SMTC,2002-09-19,10.050000190734863,10.220000267028809,9.880000114440918,10.020000457763672,1299200,10.020000457763672,0.0
SMTC,2002-09-20,10.84000015258789,10.84000015258789,9.800000190734863,9.890000343322754,1721200,9.890000343322754,0.0
SMTC,2002-09-23,9.770000457763672,9.869999885559082,9.359999656677246,9.5,1060500,9.5,0.0
SMTC,2002-09-24,9.359999656677246,9.899999618530273,9.300000190734863,9.5600004196167,1806300,9.5600004196167,0.0
SMTC,2002-09-25,9.6899995803833,10.75,9.5600004196167,10.630000114440918,4100600,10.630000114440918,0.0
SMTC,2002-09-26,10.75,10.899999618530273,10.020000457763672,10.130000114440918,1451100,10.130000114440918,0.0
SMTC,2002-09-27,10.140000343322754,10.449999809265137,9.90999984741211,10.109999656677246,1362200,10.109999656677246,0.0
SMTC,2002-09-30,9.960000038146973,9.960000038146973,9.460000038146973,9.699999809265137,808700,9.699999809265137,0.0
SMTC,2002-10-01,9.779999732971191,10.069999694824219,9.40999984741211,10.0600004196167,1180300,10.0600004196167,0.0
SMTC,2002-10-02,9.789999961853027,10.649999618530273,9.699999809265137,10.0,2223800,10.0,0.0
SMTC,2002-10-03,9.9399995803833,9.979999542236328,9.220000267028809,9.720000267028809,2002400,9.720000267028809,0.0
SMTC,2002-10-04,9.979999542236328,9.989999771118164,9.0,9.050000190734863,1735200,9.050000190734863,0.0
SMTC,2002-10-07,9.029999732971191,9.34000015258789,8.789999961853027,9.260000228881836,1904900,9.260000228881836,0.0
SMTC,2002-10-08,9.350000381469727,9.420000076293945,8.720000267028809,9.220000267028809,1506900,9.220000267028809,0.0
SMTC,2002-10-09,9.050000190734863,9.449999809265137,8.90999984741211,9.109999656677246,1588200,9.109999656677246,0.0
SMTC,2002-10-10,9.119999885559082,10.229999542236328,8.899999618530273,10.199999809265137,1651000,10.199999809265137,0.0
SMTC,2002-10-11,10.399999618530273,11.449999809265137,10.380000114440918,11.079999923706055,1806000,11.079999923706055,0.0
SMTC,2002-10-14,10.949999809265137,11.550000190734863,10.770000457763672,11.399999618530273,866800,11.399999618530273,0.0
SMTC,2002-10-15,11.609999656677246,13.279999732971191,11.600000381469727,13.149999618530273,1910300,13.149999618530273,0.0
SMTC,2002-10-16,12.239999771118164,12.350000381469727,11.739999771118164,11.829999923706055,1429300,11.829999923706055,0.0
SMTC,2002-10-17,12.3100004196167,13.399999618530273,12.3100004196167,13.350000381469727,1241500,13.350000381469727,0.0
SMTC,2002-10-18,13.15999984741211,13.350000381469727,12.75,13.09000015258789,1264900,13.09000015258789,0.0
SMTC,2002-10-21,13.069999694824219,14.380000114440918,12.75,14.34000015258789,1415300,14.34000015258789,0.0
SMTC,2002-10-22,13.979999542236328,13.989999771118164,12.920000076293945,12.949999809265137,1489000,12.949999809265137,0.0
SMTC,2002-10-23,12.899999618530273,14.550000190734863,12.800000190734863,14.470000267028809,1181100,14.470000267028809,0.0
SMTC,2002-10-24,14.5,14.890000343322754,13.380000114440918,13.380000114440918,1228400,13.380000114440918,0.0
SMTC,2002-10-25,13.300000190734863,13.960000038146973,12.5,13.960000038146973,1842400,13.960000038146973,0.0
SMTC,2002-10-28,14.029999732971191,15.050000190734863,14.0,14.65999984741211,1492600,14.65999984741211,0.0
SMTC,2002-10-29,14.680000305175781,14.829999923706055,13.109999656677246,13.550000190734863,1264600,13.550000190734863,0.0
SMTC,2002-10-30,13.539999961853027,15.529999732971191,13.460000038146973,15.289999961853027,1895700,15.289999961853027,0.0
SMTC,2002-10-31,15.489999771118164,15.619999885559082,14.130000114440918,14.130000114440918,1909400,14.130000114440918,0.0
SMTC,2002-11-01,14.15999984741211,15.0,13.75,14.90999984741211,2390100,14.90999984741211,0.0
SMTC,2002-11-04,15.119999885559082,17.989999771118164,15.069999694824219,16.65999984741211,2973200,16.65999984741211,0.0
SMTC,2002-11-05,16.600000381469727,17.030000686645508,15.760000228881836,16.479999542236328,1390500,16.479999542236328,0.0
SMTC,2002-11-06,16.649999618530273,17.040000915527344,15.90999984741211,16.829999923706055,1398800,16.829999923706055,0.0
SMTC,2002-11-07,16.809999465942383,16.809999465942383,14.930000305175781,15.220000267028809,1948900,15.220000267028809,0.0
SMTC,2002-11-08,15.3100004196167,15.699999809265137,14.390000343322754,14.899999618530273,1506400,14.899999618530273,0.0
SMTC,2002-11-11,14.649999618530273,14.699999809265137,13.619999885559082,13.699999809265137,2276000,13.699999809265137,0.0
SMTC,2002-11-12,13.899999618530273,15.09000015258789,13.800000190734863,14.59000015258789,4314400,14.59000015258789,0.0
SMTC,2002-11-13,14.489999771118164,14.729999542236328,14.130000114440918,14.350000381469727,3076800,14.350000381469727,0.0
SMTC,2002-11-14,14.5,15.5,14.479999542236328,15.40999984741211,1931700,15.40999984741211,0.0
SMTC,2002-11-15,15.130000114440918,15.369999885559082,14.020000457763672,15.140000343322754,2625900,15.140000343322754,0.0
SMTC,2002-11-18,15.199999809265137,16.040000915527344,15.199999809265137,15.550000190734863,1635600,15.550000190734863,0.0
SMTC,2002-11-19,15.239999771118164,15.25,14.539999961853027,14.680000305175781,1834400,14.680000305175781,0.0
SMTC,2002-11-20,14.550000190734863,15.699999809265137,14.550000190734863,15.510000228881836,3636000,15.510000228881836,0.0
SMTC,2002-11-21,15.819999694824219,17.6200008392334,15.8100004196167,17.469999313354492,3206200,17.469999313354492,0.0
SMTC,2002-11-22,16.860000610351562,17.40999984741211,16.479999542236328,16.489999771118164,2272700,16.489999771118164,0.0
SMTC,2002-11-25,16.549999237060547,18.389999389648438,16.549999237060547,18.110000610351562,4078000,18.110000610351562,0.0
SMTC,2002-11-26,15.319999694824219,16.399999618530273,14.460000038146973,14.550000190734863,11986100,14.550000190734863,0.0
SMTC,2002-11-27,14.789999961853027,15.729999542236328,14.739999771118164,15.399999618530273,3371000,15.399999618530273,0.0
SMTC,2002-11-29,15.5600004196167,15.720000267028809,15.0600004196167,15.079999923706055,829700,15.079999923706055,0.0
SMTC,2002-12-02,15.569999694824219,15.989999771118164,14.449999809265137,14.890000343322754,2269700,14.890000343322754,0.0
SMTC,2002-12-03,14.8100004196167,14.84000015258789,13.800000190734863,14.079999923706055,1658700,14.079999923706055,0.0
SMTC,2002-12-04,13.649999618530273,13.699999809265137,12.5,13.029999732971191,2532600,13.029999732971191,0.0
SMTC,2002-12-05,13.199999809265137,13.420000076293945,12.609999656677246,12.899999618530273,1577800,12.899999618530273,0.0
SMTC,2002-12-06,12.739999771118164,13.100000381469727,12.5,12.890000343322754,1274200,12.890000343322754,0.0
SMTC,2002-12-09,12.739999771118164,12.859999656677246,11.760000228881836,12.079999923706055,2139800,12.079999923706055,0.0
SMTC,2002-12-10,12.140000343322754,12.550000190734863,11.890000343322754,12.399999618530273,1450100,12.399999618530273,0.0
SMTC,2002-12-11,12.140000343322754,12.520000457763672,11.90999984741211,12.109999656677246,1664000,12.109999656677246,0.0
SMTC,2002-12-12,12.149999618530273,12.300000190734863,11.5,11.729999542236328,1937000,11.729999542236328,0.0
SMTC,2002-12-13,11.600000381469727,11.8100004196167,11.229999542236328,11.40999984741211,1406000,11.40999984741211,0.0
SMTC,2002-12-16,11.449999809265137,11.829999923706055,11.25,11.800000190734863,1106300,11.800000190734863,0.0
SMTC,2002-12-17,11.899999618530273,12.279999732971191,11.699999809265137,11.949999809265137,1132200,11.949999809265137,0.0
SMTC,2002-12-18,11.699999809265137,11.859999656677246,11.210000038146973,11.3100004196167,1505200,11.3100004196167,0.0
SMTC,2002-12-19,11.270000457763672,11.510000228881836,10.670000076293945,11.0600004196167,1212100,11.0600004196167,0.0
SMTC,2002-12-20,11.100000381469727,11.350000381469727,10.890000343322754,11.25,1262900,11.25,0.0
SMTC,2002-12-23,11.050000190734863,11.460000038146973,11.050000190734863,11.210000038146973,1013100,11.210000038146973,0.0
SMTC,2002-12-24,11.289999961853027,11.3100004196167,10.850000381469727,10.890000343322754,538700,10.890000343322754,0.0
SMTC,2002-12-26,10.899999618530273,11.279999732971191,10.899999618530273,11.15999984741211,1882000,11.15999984741211,0.0
SMTC,2002-12-27,11.489999771118164,11.5,10.850000381469727,11.079999923706055,1903400,11.079999923706055,0.0
SMTC,2002-12-30,11.479999542236328,11.550000190734863,10.760000228881836,10.930000305175781,1297300,10.930000305175781,0.0
SMTC,2002-12-31,11.140000343322754,11.239999771118164,10.850000381469727,10.9399995803833,1203100,10.9399995803833,0.0
SMTC,2003-01-02,11.1899995803833,11.760000228881836,10.90999984741211,11.649999618530273,789400,11.649999618530273,0.0
SMTC,2003-01-03,11.65999984741211,11.930000305175781,11.5,11.760000228881836,608900,11.760000228881836,0.0
SMTC,2003-01-06,11.800000190734863,12.65999984741211,11.699999809265137,12.520000457763672,1071500,12.520000457763672,0.0
SMTC,2003-01-07,12.539999961853027,12.930000305175781,12.170000076293945,12.210000038146973,1032800,12.210000038146973,0.0
SMTC,2003-01-08,12.100000381469727,12.4399995803833,12.100000381469727,12.199999809265137,977400,12.199999809265137,0.0
SMTC,2003-01-09,12.100000381469727,12.680000305175781,12.0600004196167,12.619999885559082,1453200,12.619999885559082,0.0
SMTC,2003-01-10,12.390000343322754,13.0,12.350000381469727,12.779999732971191,1045500,12.779999732971191,0.0
SMTC,2003-01-13,12.859999656677246,13.510000228881836,12.859999656677246,13.319999694824219,2040100,13.319999694824219,0.0
SMTC,2003-01-14,13.149999618530273,13.630000114440918,13.100000381469727,13.630000114440918,1754600,13.630000114440918,0.0
SMTC,2003-01-15,13.5,13.779999732971191,13.020000457763672,13.600000381469727,1374000,13.600000381469727,0.0
SMTC,2003-01-16,13.600000381469727,13.949999809265137,13.0,13.199999809265137,1250200,13.199999809265137,0.0
SMTC,2003-01-17,12.869999885559082,13.130000114440918,12.600000381469727,12.880000114440918,1482200,12.880000114440918,0.0
SMTC,2003-01-21,13.149999618530273,13.600000381469727,12.859999656677246,12.859999656677246,1753500,12.859999656677246,0.0
SMTC,2003-01-22,12.880000114440918,13.210000038146973,12.75,12.989999771118164,1750300,12.989999771118164,0.0
SMTC,2003-01-23,13.170000076293945,13.619999885559082,12.979999542236328,13.5,1206400,13.5,0.0
SMTC,2003-01-24,13.460000038146973,13.619999885559082,13.050000190734863,13.09000015258789,1031100,13.09000015258789,0.0
SMTC,2003-01-27,12.989999771118164,13.4399995803833,12.890000343322754,13.1899995803833,1141300,13.1899995803833,0.0
SMTC,2003-01-28,13.300000190734863,13.859999656677246,13.199999809265137,13.75,1511900,13.75,0.0
SMTC,2003-01-29,13.720000267028809,14.220000267028809,13.479999542236328,14.079999923706055,1132400,14.079999923706055,0.0
SMTC,2003-01-30,14.119999885559082,14.119999885559082,13.279999732971191,13.300000190734863,1393800,13.300000190734863,0.0
SMTC,2003-01-31,12.989999771118164,13.600000381469727,12.760000228881836,13.319999694824219,1095900,13.319999694824219,0.0
SMTC,2003-02-03,13.1899995803833,13.4399995803833,13.0,13.039999961853027,1294600,13.039999961853027,0.0
SMTC,2003-02-04,13.0,13.199999809265137,12.930000305175781,13.109999656677246,720700,13.109999656677246,0.0
SMTC,2003-02-05,13.140000343322754,13.579999923706055,12.949999809265137,13.079999923706055,848500,13.079999923706055,0.0
SMTC,2003-02-06,13.140000343322754,13.329999923706055,12.890000343322754,13.010000228881836,1492500,13.010000228881836,0.0
SMTC,2003-02-07,13.15999984741211,13.229999542236328,12.640000343322754,12.8100004196167,1278900,12.8100004196167,0.0
SMTC,2003-02-10,12.859999656677246,13.130000114440918,12.520000457763672,12.789999961853027,1332300,12.789999961853027,0.0
SMTC,2003-02-11,13.039999961853027,13.15999984741211,12.539999961853027,12.670000076293945,839800,12.670000076293945,0.0
SMTC,2003-02-12,12.520000457763672,12.550000190734863,11.449999809265137,11.899999618530273,3199500,11.899999618530273,0.0
SMTC,2003-02-13,11.970000267028809,12.09000015258789,11.710000038146973,11.920000076293945,1412200,11.920000076293945,0.0
SMTC,2003-02-14,12.0,12.449999809265137,11.899999618530273,12.369999885559082,902300,12.369999885559082,0.0
SMTC,2003-02-18,12.399999618530273,12.850000381469727,12.380000114440918,12.779999732971191,1199100,12.779999732971191,0.0
SMTC,2003-02-19,12.670000076293945,12.670000076293945,12.1899995803833,12.359999656677246,916400,12.359999656677246,0.0
SMTC,2003-02-20,12.84000015258789,13.619999885559082,12.699999809265137,13.34000015258789,2758100,13.34000015258789,0.0
SMTC,2003-02-21,13.229999542236328,13.4399995803833,13.020000457763672,13.369999885559082,736500,13.369999885559082,0.0
SMTC,2003-02-24,13.010000228881836,13.300000190734863,11.979999542236328,12.289999961853027,2197300,12.289999961853027,0.0
SMTC,2003-02-25,12.0,12.34000015258789,11.779999732971191,12.270000457763672,2203900,12.270000457763672,0.0
SMTC,2003-02-26,12.720000267028809,14.0,12.550000190734863,13.399999618530273,4288700,13.399999618530273,0.0
SMTC,2003-02-27,13.550000190734863,13.579999923706055,13.149999618530273,13.380000114440918,1319100,13.380000114440918,0.0
SMTC,2003-02-28,13.470000267028809,14.8100004196167,13.470000267028809,14.680000305175781,3069800,14.680000305175781,0.0
SMTC,2003-03-03,14.850000381469727,14.850000381469727,13.649999618530273,13.770000457763672,2271300,13.770000457763672,0.0
SMTC,2003-03-04,13.899999618530273,14.510000228881836,13.760000228881836,14.109999656677246,1722500,14.109999656677246,0.0
SMTC,2003-03-05,14.149999618530273,14.550000190734863,14.029999732971191,14.359999656677246,1682500,14.359999656677246,0.0
SMTC,2003-03-06,14.350000381469727,14.510000228881836,14.100000381469727,14.4399995803833,1339000,14.4399995803833,0.0
SMTC,2003-03-07,14.0,14.579999923706055,13.720000267028809,14.550000190734863,1589900,14.550000190734863,0.0
SMTC,2003-03-10,14.430000305175781,14.449999809265137,14.100000381469727,14.180000305175781,1066100,14.180000305175781,0.0
SMTC,2003-03-11,14.1899995803833,14.4399995803833,14.109999656677246,14.25,1129900,14.25,0.0
SMTC,2003-03-12,14.239999771118164,14.430000305175781,13.850000381469727,14.25,810100,14.25,0.0
SMTC,2003-03-13,14.4399995803833,15.739999771118164,14.399999618530273,15.6899995803833,1245400,15.6899995803833,0.0
SMTC,2003-03-14,15.739999771118164,15.75,15.1899995803833,15.319999694824219,1309000,15.319999694824219,0.0
SMTC,2003-03-17,15.199999809265137,16.299999237060547,15.010000228881836,16.0,1928300,16.0,0.0
SMTC,2003-03-18,15.949999809265137,16.75,15.949999809265137,16.649999618530273,1847200,16.649999618530273,0.0
SMTC,2003-03-19,16.6200008392334,16.6200008392334,15.84000015258789,16.350000381469727,1024400,16.350000381469727,0.0
SMTC,2003-03-20,16.280000686645508,16.5,15.930000305175781,16.190000534057617,1783000,16.190000534057617,0.0
SMTC,2003-03-21,16.31999969482422,16.65999984741211,16.100000381469727,16.610000610351562,1307800,16.610000610351562,0.0
SMTC,2003-03-24,16.18000030517578,16.389999389648438,15.789999961853027,16.1299991607666,1114300,16.1299991607666,0.0
SMTC,2003-03-25,16.0,16.43000030517578,15.930000305175781,16.280000686645508,897400,16.280000686645508,0.0
SMTC,2003-03-26,16.399999618530273,16.459999084472656,16.049999237060547,16.31999969482422,494600,16.31999969482422,0.0
SMTC,2003-03-27,15.850000381469727,16.170000076293945,15.710000038146973,15.930000305175781,792400,15.930000305175781,0.0
SMTC,2003-03-28,15.920000076293945,16.049999237060547,15.619999885559082,15.75,828100,15.75,0.0
SMTC,2003-03-31,15.489999771118164,15.489999771118164,14.90999984741211,15.149999618530273,1350700,15.149999618530273,0.0
SMTC,2003-04-01,15.199999809265137,15.220000267028809,14.899999618530273,15.050000190734863,933300,15.050000190734863,0.0
SMTC,2003-04-02,15.300000190734863,15.890000343322754,15.300000190734863,15.600000381469727,1125300,15.600000381469727,0.0
SMTC,2003-04-03,15.699999809265137,15.899999618530273,15.260000228881836,15.5600004196167,1086500,15.5600004196167,0.0
SMTC,2003-04-04,15.890000343322754,15.890000343322754,15.130000114440918,15.25,593800,15.25,0.0
SMTC,2003-04-07,15.880000114440918,16.149999618530273,15.40999984741211,15.420000076293945,644100,15.420000076293945,0.0
SMTC,2003-04-08,15.399999618530273,15.4399995803833,14.470000267028809,14.5600004196167,1238800,14.5600004196167,0.0
SMTC,2003-04-09,14.5,14.65999984741211,14.149999618530273,14.220000267028809,1012800,14.220000267028809,0.0
SMTC,2003-04-10,14.149999618530273,14.420000076293945,14.0,14.34000015258789,665300,14.34000015258789,0.0
SMTC,2003-04-11,14.449999809265137,14.520000457763672,13.880000114440918,13.970000267028809,724800,13.970000267028809,0.0
SMTC,2003-04-14,13.970000267028809,14.520000457763672,13.819999694824219,14.489999771118164,910500,14.489999771118164,0.0
SMTC,2003-04-15,14.59000015258789,14.979999542236328,14.279999732971191,14.649999618530273,968300,14.649999618530273,0.0
SMTC,2003-04-16,15.0,15.819999694824219,15.0,15.420000076293945,1605400,15.420000076293945,0.0
SMTC,2003-04-17,15.460000038146973,16.540000915527344,15.239999771118164,16.290000915527344,1443600,16.290000915527344,0.0
SMTC,2003-04-21,16.34000015258789,16.399999618530273,15.90999984741211,16.110000610351562,834400,16.110000610351562,0.0
SMTC,2003-04-22,16.010000228881836,16.149999618530273,15.649999618530273,16.010000228881836,736000,16.010000228881836,0.0
SMTC,2003-04-23,16.030000686645508,17.09000015258789,16.010000228881836,16.780000686645508,1091500,16.780000686645508,0.0
SMTC,2003-04-24,16.700000762939453,17.09000015258789,16.299999237060547,17.059999465942383,921900,17.059999465942383,0.0
SMTC,2003-04-25,16.8700008392334,16.969999313354492,15.680000305175781,15.960000038146973,1668400,15.960000038146973,0.0
SMTC,2003-04-28,15.869999885559082,15.989999771118164,15.600000381469727,15.920000076293945,1347000,15.920000076293945,0.0
SMTC,2003-04-29,15.470000267028809,16.450000762939453,15.470000267028809,16.309999465942383,926600,16.309999465942383,0.0
SMTC,2003-04-30,16.270000457763672,16.290000915527344,15.800000190734863,15.899999618530273,1037600,15.899999618530273,0.0
SMTC,2003-05-01,15.819999694824219,16.100000381469727,15.670000076293945,15.890000343322754,656900,15.890000343322754,0.0
SMTC,2003-05-02,15.960000038146973,16.920000076293945,15.890000343322754,16.899999618530273,1024200,16.899999618530273,0.0
SMTC,2003-05-05,16.940000534057617,17.239999771118164,16.649999618530273,16.959999084472656,1598000,16.959999084472656,0.0
SMTC,2003-05-06,16.979999542236328,17.3700008392334,16.729999542236328,17.09000015258789,870600,17.09000015258789,0.0
SMTC,2003-05-07,16.860000610351562,16.899999618530273,16.450000762939453,16.59000015258789,698300,16.59000015258789,0.0
SMTC,2003-05-08,16.399999618530273,16.610000610351562,16.260000228881836,16.489999771118164,498100,16.489999771118164,0.0
SMTC,2003-05-09,16.540000915527344,17.3700008392334,16.399999618530273,17.200000762939453,1307300,17.200000762939453,0.0
SMTC,2003-05-12,17.100000381469727,17.809999465942383,17.040000915527344,17.770000457763672,810400,17.770000457763672,0.0
SMTC,2003-05-13,17.329999923706055,17.719999313354492,17.100000381469727,17.520000457763672,1350600,17.520000457763672,0.0
SMTC,2003-05-14,17.520000457763672,17.690000534057617,17.030000686645508,17.579999923706055,684400,17.579999923706055,0.0
SMTC,2003-05-15,17.700000762939453,17.940000534057617,17.15999984741211,17.559999465942383,718200,17.559999465942383,0.0
SMTC,2003-05-16,17.43000030517578,17.59000015258789,16.729999542236328,16.760000228881836,1064900,16.760000228881836,0.0
SMTC,2003-05-19,16.6200008392334,16.719999313354492,16.200000762939453,16.25,800000,16.25,0.0
SMTC,2003-05-20,16.219999313354492,16.600000381469727,16.219999313354492,16.31999969482422,601300,16.31999969482422,0.0
SMTC,2003-05-21,16.329999923706055,16.389999389648438,15.699999809265137,15.949999809265137,827100,15.949999809265137,0.0
SMTC,2003-05-22,15.899999618530273,16.5,15.819999694824219,16.15999984741211,649200,16.15999984741211,0.0
SMTC,2003-05-23,16.18000030517578,16.389999389648438,16.1299991607666,16.260000228881836,623500,16.260000228881836,0.0
SMTC,2003-05-27,16.34000015258789,17.030000686645508,16.149999618530273,16.899999618530273,2582500,16.899999618530273,0.0
SMTC,2003-05-28,15.649999618530273,15.800000190734863,15.039999961853027,15.399999618530273,5421200,15.399999618530273,0.0
SMTC,2003-05-29,15.170000076293945,16.34000015258789,15.0600004196167,16.09000015258789,2821800,16.09000015258789,0.0
SMTC,2003-05-30,16.079999923706055,16.440000534057617,15.710000038146973,15.800000190734863,1235100,15.800000190734863,0.0
SMTC,2003-06-02,16.200000762939453,16.3700008392334,15.479999542236328,15.569999694824219,1433700,15.569999694824219,0.0
SMTC,2003-06-03,15.710000038146973,15.880000114440918,15.489999771118164,15.789999961853027,1474900,15.789999961853027,0.0
SMTC,2003-06-04,15.680000305175781,16.34000015258789,15.59000015258789,16.1200008392334,1218900,16.1200008392334,0.0
SMTC,2003-06-05,15.949999809265137,16.0,15.539999961853027,15.899999618530273,1283300,15.899999618530273,0.0
SMTC,2003-06-06,16.0,16.719999313354492,15.460000038146973,15.510000228881836,1281700,15.510000228881836,0.0
SMTC,2003-06-09,15.600000381469727,15.8100004196167,14.970000267028809,15.149999618530273,1199500,15.149999618530273,0.0
SMTC,2003-06-10,15.149999618530273,15.430000305175781,14.979999542236328,15.399999618530273,925500,15.399999618530273,0.0
SMTC,2003-06-11,15.359999656677246,15.359999656677246,14.699999809265137,15.329999923706055,1212600,15.329999923706055,0.0
SMTC,2003-06-12,15.25,15.430000305175781,14.960000038146973,15.229999542236328,940400,15.229999542236328,0.0
SMTC,2003-06-13,15.350000381469727,15.369999885559082,14.420000076293945,14.59000015258789,1810000,14.59000015258789,0.0
SMTC,2003-06-16,14.640000343322754,15.130000114440918,14.489999771118164,15.130000114440918,1407200,15.130000114440918,0.0
SMTC,2003-06-17,15.149999618530273,15.5,14.510000228881836,14.949999809265137,1103100,14.949999809265137,0.0
SMTC,2003-06-18,14.869999885559082,15.319999694824219,14.579999923706055,15.239999771118164,959500,15.239999771118164,0.0
SMTC,2003-06-19,15.319999694824219,15.710000038146973,15.199999809265137,15.359999656677246,1425800,15.359999656677246,0.0
SMTC,2003-06-20,15.09000015258789,15.359999656677246,14.899999618530273,15.010000228881836,1113100,15.010000228881836,0.0
SMTC,2003-06-23,15.050000190734863,15.100000381469727,14.470000267028809,14.600000381469727,996300,14.600000381469727,0.0
SMTC,2003-06-24,14.5,14.699999809265137,14.270000457763672,14.600000381469727,2732600,14.600000381469727,0.0
SMTC,2003-06-25,14.550000190734863,14.979999542236328,14.5,14.609999656677246,1275700,14.609999656677246,0.0
SMTC,2003-06-26,14.65999984741211,14.979999542236328,14.569999694824219,14.710000038146973,1025200,14.710000038146973,0.0
SMTC,2003-06-27,14.670000076293945,14.979999542236328,14.319999694824219,14.359999656677246,1553200,14.359999656677246,0.0
SMTC,2003-06-30,14.15999984741211,14.720000267028809,14.09000015258789,14.25,2665300,14.25,0.0
SMTC,2003-07-01,14.180000305175781,14.640000343322754,13.779999732971191,14.420000076293945,1733500,14.420000076293945,0.0
SMTC,2003-07-02,14.600000381469727,15.199999809265137,14.4399995803833,15.069999694824219,1615300,15.069999694824219,0.0
SMTC,2003-07-03,15.050000190734863,15.069999694824219,14.75,14.829999923706055,856200,14.829999923706055,0.0
SMTC,2003-07-07,15.140000343322754,15.670000076293945,15.0,15.670000076293945,1270600,15.670000076293945,0.0
SMTC,2003-07-08,15.699999809265137,16.399999618530273,15.119999885559082,16.1299991607666,2422400,16.1299991607666,0.0
SMTC,2003-07-09,16.110000610351562,17.860000610351562,16.049999237060547,17.579999923706055,2867500,17.579999923706055,0.0
SMTC,2003-07-10,17.299999237060547,17.350000381469727,16.700000762939453,16.8799991607666,1480700,16.8799991607666,0.0
SMTC,2003-07-11,16.950000762939453,17.190000534057617,16.450000762939453,16.600000381469727,809200,16.600000381469727,0.0
SMTC,2003-07-14,17.149999618530273,17.440000534057617,16.950000762939453,17.100000381469727,735200,17.100000381469727,0.0
SMTC,2003-07-15,17.149999618530273,17.389999389648438,16.719999313354492,16.84000015258789,849000,16.84000015258789,0.0
SMTC,2003-07-16,17.200000762939453,17.239999771118164,16.450000762939453,16.8700008392334,873400,16.8700008392334,0.0
SMTC,2003-07-17,16.729999542236328,16.889999389648438,15.579999923706055,15.710000038146973,1174800,15.710000038146973,0.0
SMTC,2003-07-18,15.6899995803833,15.850000381469727,15.170000076293945,15.670000076293945,819400,15.670000076293945,0.0
SMTC,2003-07-21,15.649999618530273,15.649999618530273,14.800000190734863,15.029999732971191,1282600,15.029999732971191,0.0
SMTC,2003-07-22,15.210000038146973,15.65999984741211,15.039999961853027,15.65999984741211,1075500,15.65999984741211,0.0
SMTC,2003-07-23,15.649999618530273,15.770000457763672,15.220000267028809,15.680000305175781,442000,15.680000305175781,0.0
SMTC,2003-07-24,15.899999618530273,15.899999618530273,15.569999694824219,15.760000228881836,1094800,15.760000228881836,0.0
SMTC,2003-07-25,15.640000343322754,16.170000076293945,15.369999885559082,16.100000381469727,1256200,16.100000381469727,0.0
SMTC,2003-07-28,16.540000915527344,16.670000076293945,16.06999969482422,16.510000228881836,1839400,16.510000228881836,0.0
SMTC,2003-07-29,16.850000381469727,17.0,16.020000457763672,16.420000076293945,780200,16.420000076293945,0.0
SMTC,2003-07-30,16.5,16.600000381469727,16.25,16.440000534057617,746400,16.440000534057617,0.0
SMTC,2003-07-31,17.850000381469727,18.0,16.40999984741211,16.5,3155400,16.5,0.0
SMTC,2003-08-01,16.600000381469727,16.889999389648438,16.530000686645508,16.75,1567100,16.75,0.0
SMTC,2003-08-04,16.81999969482422,16.81999969482422,16.450000762939453,16.649999618530273,771600,16.649999618530273,0.0
SMTC,2003-08-05,16.6200008392334,16.6200008392334,15.75,15.890000343322754,1501400,15.890000343322754,0.0
SMTC,2003-08-06,15.90999984741211,16.139999389648438,15.5600004196167,15.630000114440918,1201700,15.630000114440918,0.0
SMTC,2003-08-07,15.579999923706055,15.770000457763672,15.40999984741211,15.6899995803833,608700,15.6899995803833,0.0
SMTC,2003-08-08,15.430000305175781,15.760000228881836,14.989999771118164,15.100000381469727,928100,15.100000381469727,0.0
SMTC,2003-08-11,15.100000381469727,15.729999542236328,15.100000381469727,15.729999542236328,623700,15.729999542236328,0.0
SMTC,2003-08-12,15.739999771118164,16.200000762939453,15.600000381469727,16.170000076293945,491800,16.170000076293945,0.0
SMTC,2003-08-13,16.15999984741211,16.739999771118164,16.149999618530273,16.3799991607666,710400,16.3799991607666,0.0
SMTC,2003-08-14,16.450000762939453,16.700000762939453,16.299999237060547,16.489999771118164,376000,16.489999771118164,0.0
SMTC,2003-08-15,16.59000015258789,16.65999984741211,16.31999969482422,16.549999237060547,134500,16.549999237060547,0.0
SMTC,2003-08-18,16.5,17.489999771118164,16.5,17.489999771118164,1038600,17.489999771118164,0.0
SMTC,2003-08-19,17.489999771118164,17.5,17.020000457763672,17.290000915527344,1076400,17.290000915527344,0.0
SMTC,2003-08-20,17.219999313354492,17.450000762939453,16.899999618530273,17.350000381469727,1392400,17.350000381469727,0.0
SMTC,2003-08-21,17.450000762939453,19.059999465942383,17.40999984741211,18.579999923706055,2569900,18.579999923706055,0.0
SMTC,2003-08-22,19.110000610351562,21.18000030517578,18.610000610351562,18.700000762939453,4200300,18.700000762939453,0.0
SMTC,2003-08-25,19.059999465942383,19.100000381469727,18.200000762939453,18.40999984741211,1737400,18.40999984741211,0.0
SMTC,2003-08-26,18.200000762939453,18.579999923706055,18.0,18.440000534057617,1740100,18.440000534057617,0.0
SMTC,2003-08-27,19.809999465942383,21.829999923706055,19.700000762939453,21.649999618530273,8618000,21.649999618530273,0.0
SMTC,2003-08-28,21.649999618530273,22.280000686645508,20.989999771118164,21.450000762939453,1912800,21.450000762939453,0.0
SMTC,2003-08-29,21.020000457763672,21.5,20.979999542236328,21.100000381469727,2078400,21.100000381469727,0.0
SMTC,2003-09-02,21.440000534057617,21.579999923706055,20.829999923706055,21.139999389648438,1190100,21.139999389648438,0.0
SMTC,2003-09-03,21.1200008392334,21.299999237060547,20.40999984741211,20.489999771118164,1211300,20.489999771118164,0.0
SMTC,2003-09-04,20.450000762939453,20.959999084472656,20.350000381469727,20.530000686645508,1852200,20.530000686645508,0.0
SMTC,2003-09-05,20.489999771118164,22.030000686645508,20.40999984741211,21.479999542236328,1800600,21.479999542236328,0.0
SMTC,2003-09-08,21.5,22.149999618530273,21.440000534057617,21.670000076293945,964600,21.670000076293945,0.0
SMTC,2003-09-09,21.6200008392334,21.719999313354492,21.040000915527344,21.219999313354492,842100,21.219999313354492,0.0
SMTC,2003-09-10,20.979999542236328,21.049999237060547,19.770000457763672,19.850000381469727,1470500,19.850000381469727,0.0
SMTC,2003-09-11,19.860000610351562,20.469999313354492,19.260000228881836,20.049999237060547,737800,20.049999237060547,0.0
SMTC,2003-09-12,19.649999618530273,20.1200008392334,19.40999984741211,20.100000381469727,810100,20.100000381469727,0.0
SMTC,2003-09-15,20.049999237060547,20.350000381469727,19.579999923706055,19.700000762939453,991100,19.700000762939453,0.0
SMTC,2003-09-16,19.719999313354492,20.040000915527344,19.6200008392334,19.8799991607666,1224800,19.8799991607666,0.0
SMTC,2003-09-17,19.8799991607666,19.959999084472656,19.459999084472656,19.6200008392334,967800,19.6200008392334,0.0
SMTC,2003-09-18,19.270000457763672,19.510000228881836,19.09000015258789,19.399999618530273,1083300,19.399999618530273,0.0
SMTC,2003-09-19,19.290000915527344,19.649999618530273,19.260000228881836,19.479999542236328,917500,19.479999542236328,0.0
SMTC,2003-09-22,18.889999389648438,19.260000228881836,18.799999237060547,18.989999771118164,790300,18.989999771118164,0.0
SMTC,2003-09-23,18.979999542236328,20.020000457763672,18.979999542236328,19.979999542236328,1314000,19.979999542236328,0.0
SMTC,2003-09-24,19.969999313354492,20.149999618530273,18.729999542236328,18.760000228881836,1071600,18.760000228881836,0.0
SMTC,2003-09-25,19.0,19.399999618530273,18.559999465942383,18.559999465942383,1375900,18.559999465942383,0.0
SMTC,2003-09-26,18.639999389648438,19.239999771118164,18.600000381469727,18.829999923706055,1955200,18.829999923706055,0.0
SMTC,2003-09-29,19.020000457763672,19.469999313354492,18.790000915527344,19.170000076293945,1599000,19.170000076293945,0.0
SMTC,2003-09-30,18.899999618530273,19.049999237060547,18.3799991607666,18.510000228881836,1187000,18.510000228881836,0.0
SMTC,2003-10-01,18.729999542236328,19.520000457763672,18.729999542236328,19.260000228881836,1897900,19.260000228881836,0.0
SMTC,2003-10-02,19.25,19.889999389648438,19.18000030517578,19.6299991607666,701500,19.6299991607666,0.0
SMTC,2003-10-03,20.010000228881836,20.84000015258789,19.989999771118164,20.670000076293945,1044500,20.670000076293945,0.0
SMTC,2003-10-06,20.6299991607666,20.81999969482422,20.31999969482422,20.479999542236328,725000,20.479999542236328,0.0
SMTC,2003-10-07,20.280000686645508,20.81999969482422,20.100000381469727,20.81999969482422,889600,20.81999969482422,0.0
SMTC,2003-10-08,20.760000228881836,20.899999618530273,20.1200008392334,20.5,769700,20.5,0.0
SMTC,2003-10-09,20.940000534057617,21.100000381469727,20.31999969482422,20.649999618530273,721000,20.649999618530273,0.0
SMTC,2003-10-10,20.6200008392334,20.950000762939453,20.600000381469727,20.899999618530273,480600,20.899999618530273,0.0
SMTC,2003-10-13,20.940000534057617,21.690000534057617,20.920000076293945,21.440000534057617,1131700,21.440000534057617,0.0
SMTC,2003-10-14,21.450000762939453,21.729999542236328,21.06999969482422,21.729999542236328,743900,21.729999542236328,0.0
SMTC,2003-10-15,22.229999542236328,22.809999465942383,22.079999923706055,22.239999771118164,1775500,22.239999771118164,0.0
SMTC,2003-10-16,22.1200008392334,22.93000030517578,22.1200008392334,22.68000030517578,1130300,22.68000030517578,0.0
SMTC,2003-10-17,22.729999542236328,22.8700008392334,21.920000076293945,22.040000915527344,777300,22.040000915527344,0.0
SMTC,2003-10-20,22.059999465942383,22.489999771118164,21.780000686645508,22.360000610351562,563800,22.360000610351562,0.0
SMTC,2003-10-21,22.459999084472656,23.200000762939453,22.459999084472656,23.0,806100,23.0,0.0
SMTC,2003-10-22,22.989999771118164,22.989999771118164,22.06999969482422,22.170000076293945,716300,22.170000076293945,0.0
SMTC,2003-10-23,21.510000228881836,21.690000534057617,20.850000381469727,21.190000534057617,1253900,21.190000534057617,0.0
SMTC,2003-10-24,20.899999618530273,21.510000228881836,20.700000762939453,21.09000015258789,666800,21.09000015258789,0.0
SMTC,2003-10-27,21.139999389648438,21.770000457763672,21.110000610351562,21.15999984741211,1268800,21.15999984741211,0.0
SMTC,2003-10-28,21.579999923706055,22.520000457763672,21.420000076293945,22.450000762939453,1079500,22.450000762939453,0.0
SMTC,2003-10-29,22.360000610351562,22.799999237060547,22.270000457763672,22.559999465942383,797500,22.559999465942383,0.0
SMTC,2003-10-30,22.850000381469727,23.190000534057617,22.049999237060547,22.649999618530273,800600,22.649999618530273,0.0
SMTC,2003-10-31,22.68000030517578,22.850000381469727,22.079999923706055,22.200000762939453,429000,22.200000762939453,0.0
SMTC,2003-11-03,22.450000762939453,23.3799991607666,22.350000381469727,23.350000381469727,763000,23.350000381469727,0.0
SMTC,2003-11-04,23.299999237060547,23.700000762939453,22.950000762939453,23.200000762939453,504700,23.200000762939453,0.0
SMTC,2003-11-05,23.299999237060547,23.639999389648438,22.639999389648438,23.479999542236328,679400,23.479999542236328,0.0
SMTC,2003-11-06,23.709999084472656,23.889999389648438,22.65999984741211,23.8799991607666,928800,23.8799991607666,0.0
SMTC,2003-11-07,23.959999084472656,23.969999313354492,23.459999084472656,23.690000534057617,893200,23.690000534057617,0.0
SMTC,2003-11-10,23.739999771118164,23.790000915527344,22.3700008392334,22.3700008392334,759700,22.3700008392334,0.0
SMTC,2003-11-11,22.420000076293945,22.520000457763672,21.65999984741211,22.270000457763672,1124700,22.270000457763672,0.0
SMTC,2003-11-12,22.31999969482422,23.559999465942383,22.31999969482422,23.559999465942383,822900,23.559999465942383,0.0
SMTC,2003-11-13,23.3799991607666,23.889999389648438,23.010000228881836,23.25,1037100,23.25,0.0
SMTC,2003-11-14,23.219999313354492,23.770000457763672,22.549999237060547,22.739999771118164,661500,22.739999771118164,0.0
SMTC,2003-11-17,22.6200008392334,22.899999618530273,22.149999618530273,22.690000534057617,1297200,22.690000534057617,0.0
SMTC,2003-11-18,22.899999618530273,23.309999465942383,22.450000762939453,22.600000381469727,1212800,22.600000381469727,0.0
SMTC,2003-11-19,22.700000762939453,23.190000534057617,22.59000015258789,22.75,984200,22.75,0.0
SMTC,2003-11-20,23.399999618530273,24.459999084472656,23.040000915527344,23.360000610351562,2250200,23.360000610351562,0.0
SMTC,2003-11-21,23.75,24.40999984741211,23.1299991607666,24.3799991607666,2030900,24.3799991607666,0.0
SMTC,2003-11-24,24.75,25.030000686645508,23.950000762939453,24.459999084472656,2700700,24.459999084472656,0.0
SMTC,2003-11-25,25.299999237060547,25.540000915527344,24.1200008392334,24.239999771118164,4499900,24.239999771118164,0.0
SMTC,2003-11-26,24.700000762939453,24.700000762939453,23.8700008392334,24.299999237060547,1218600,24.299999237060547,0.0
SMTC,2003-11-28,24.290000915527344,24.530000686645508,24.15999984741211,24.260000228881836,478500,24.260000228881836,0.0
SMTC,2003-12-01,24.59000015258789,24.75,23.959999084472656,24.049999237060547,1402800,24.049999237060547,0.0
SMTC,2003-12-02,24.0,24.540000915527344,23.959999084472656,24.5,2070600,24.5,0.0
SMTC,2003-12-03,24.649999618530273,24.850000381469727,23.68000030517578,23.829999923706055,1220700,23.829999923706055,0.0
SMTC,2003-12-04,23.700000762939453,24.100000381469727,22.65999984741211,23.360000610351562,1204900,23.360000610351562,0.0
SMTC,2003-12-05,22.8700008392334,23.139999389648438,22.3799991607666,22.649999618530273,891800,22.649999618530273,0.0
SMTC,2003-12-08,22.549999237060547,23.049999237060547,21.8799991607666,22.510000228881836,1393600,22.510000228881836,0.0
SMTC,2003-12-09,22.8799991607666,22.979999542236328,21.229999542236328,21.34000015258789,1233500,21.34000015258789,0.0
SMTC,2003-12-10,21.209999084472656,21.5,20.190000534057617,20.81999969482422,2979400,20.81999969482422,0.0
SMTC,2003-12-11,21.020000457763672,21.700000762939453,20.770000457763672,21.5,2112500,21.5,0.0
SMTC,2003-12-12,21.59000015258789,22.0,21.469999313354492,21.850000381469727,1327800,21.850000381469727,0.0
SMTC,2003-12-15,22.690000534057617,22.719999313354492,20.8799991607666,20.889999389648438,1337900,20.889999389648438,0.0
SMTC,2003-12-16,21.049999237060547,21.139999389648438,20.329999923706055,20.809999465942383,1355800,20.809999465942383,0.0
SMTC,2003-12-17,20.8700008392334,20.899999618530273,20.059999465942383,20.260000228881836,1386000,20.260000228881836,0.0
SMTC,2003-12-18,20.290000915527344,21.739999771118164,20.15999984741211,21.6299991607666,1210500,21.6299991607666,0.0
SMTC,2003-12-19,21.65999984741211,21.90999984741211,21.25,21.65999984741211,1149800,21.65999984741211,0.0
SMTC,2003-12-22,21.6200008392334,21.899999618530273,21.469999313354492,21.809999465942383,921800,21.809999465942383,0.0
SMTC,2003-12-23,21.850000381469727,22.450000762939453,21.790000915527344,22.360000610351562,809500,22.360000610351562,0.0
SMTC,2003-12-24,22.350000381469727,22.5,22.100000381469727,22.299999237060547,344000,22.299999237060547,0.0
SMTC,2003-12-26,22.299999237060547,22.450000762939453,22.110000610351562,22.149999618530273,234600,22.149999618530273,0.0
SMTC,2003-12-29,22.239999771118164,22.8799991607666,22.1200008392334,22.8700008392334,494100,22.8700008392334,0.0
SMTC,2003-12-30,22.8700008392334,23.18000030517578,22.5,22.959999084472656,815800,22.959999084472656,0.0
SMTC,2003-12-31,23.309999465942383,23.34000015258789,22.450000762939453,22.760000228881836,747000,22.760000228881836,0.0
SMTC,2004-01-02,23.0,23.40999984741211,22.860000610351562,22.93000030517578,640100,22.93000030517578,0.0
SMTC,2004-01-05,23.209999084472656,23.860000610351562,23.209999084472656,23.75,1035200,23.75,0.0
SMTC,2004-01-06,23.75,24.25,23.59000015258789,24.190000534057617,676600,24.190000534057617,0.0
SMTC,2004-01-07,23.969999313354492,24.299999237060547,23.6200008392334,24.100000381469727,656200,24.100000381469727,0.0
SMTC,2004-01-08,24.739999771118164,25.610000610351562,24.200000762939453,25.579999923706055,1304800,25.579999923706055,0.0
SMTC,2004-01-09,25.350000381469727,25.989999771118164,24.799999237060547,25.389999389648438,1029700,25.389999389648438,0.0
SMTC,2004-01-12,25.450000762939453,26.270000457763672,25.209999084472656,26.079999923706055,899000,26.079999923706055,0.0
SMTC,2004-01-13,26.09000015258789,26.200000762939453,24.780000686645508,25.139999389648438,1148100,25.139999389648438,0.0
SMTC,2004-01-14,25.3700008392334,25.8700008392334,24.649999618530273,25.09000015258789,1194100,25.09000015258789,0.0
SMTC,2004-01-15,24.93000030517578,25.920000076293945,24.649999618530273,25.75,1017400,25.75,0.0
SMTC,2004-01-16,25.940000534057617,27.139999389648438,25.8700008392334,27.139999389648438,1464300,27.139999389648438,0.0
SMTC,2004-01-20,27.18000030517578,27.540000915527344,26.75,26.84000015258789,1524900,26.84000015258789,0.0
SMTC,2004-01-21,26.600000381469727,26.700000762939453,25.969999313354492,26.18000030517578,1210600,26.18000030517578,0.0
SMTC,2004-01-22,26.15999984741211,26.75,25.65999984741211,25.979999542236328,1502500,25.979999542236328,0.0
SMTC,2004-01-23,25.899999618530273,26.149999618530273,25.559999465942383,25.950000762939453,987000,25.950000762939453,0.0
SMTC,2004-01-26,25.950000762939453,26.329999923706055,25.31999969482422,26.25,1073100,26.25,0.0
SMTC,2004-01-27,26.170000076293945,26.170000076293945,24.690000534057617,24.940000534057617,1130200,24.940000534057617,0.0
SMTC,2004-01-28,25.110000610351562,25.780000686645508,24.6299991607666,24.809999465942383,1358100,24.809999465942383,0.0
SMTC,2004-01-29,24.6200008392334,25.18000030517578,23.75,24.530000686645508,1120900,24.530000686645508,0.0
SMTC,2004-01-30,24.510000228881836,25.200000762939453,24.219999313354492,24.93000030517578,845300,24.93000030517578,0.0
SMTC,2004-02-02,25.1200008392334,25.459999084472656,24.6200008392334,25.299999237060547,973000,25.299999237060547,0.0
SMTC,2004-02-03,25.010000228881836,25.110000610351562,24.200000762939453,24.420000076293945,953800,24.420000076293945,0.0
SMTC,2004-02-04,24.0,24.059999465942383,22.450000762939453,22.5,2064700,22.5,0.0
SMTC,2004-02-05,22.690000534057617,23.65999984741211,22.510000228881836,23.489999771118164,1204400,23.489999771118164,0.0
SMTC,2004-02-06,23.559999465942383,24.729999542236328,23.510000228881836,24.639999389648438,890300,24.639999389648438,0.0
SMTC,2004-02-09,24.559999465942383,24.799999237060547,24.079999923706055,24.18000030517578,1898500,24.18000030517578,0.0
SMTC,2004-02-10,24.139999389648438,24.209999084472656,23.290000915527344,23.899999618530273,1593800,23.899999618530273,0.0
SMTC,2004-02-11,23.989999771118164,24.969999313354492,23.989999771118164,24.600000381469727,1408700,24.600000381469727,0.0
SMTC,2004-02-12,24.6200008392334,25.100000381469727,24.100000381469727,24.200000762939453,1265500,24.200000762939453,0.0
SMTC,2004-02-13,24.520000457763672,24.75,23.709999084472656,23.729999542236328,1123900,23.729999542236328,0.0
SMTC,2004-02-17,24.0,24.1299991607666,23.649999618530273,24.079999923706055,992400,24.079999923706055,0.0
SMTC,2004-02-18,25.520000457763672,26.469999313354492,25.15999984741211,25.600000381469727,2867800,25.600000381469727,0.0
SMTC,2004-02-19,26.149999618530273,26.149999618530273,24.600000381469727,24.600000381469727,1109700,24.600000381469727,0.0
SMTC,2004-02-20,24.600000381469727,24.799999237060547,24.0,24.329999923706055,825100,24.329999923706055,0.0
SMTC,2004-02-23,24.399999618530273,24.6200008392334,23.219999313354492,23.459999084472656,1174000,23.459999084472656,0.0
SMTC,2004-02-24,23.43000030517578,24.450000762939453,23.3799991607666,24.450000762939453,1838700,24.450000762939453,0.0
SMTC,2004-02-25,25.149999618530273,25.239999771118164,23.950000762939453,24.950000762939453,3733100,24.950000762939453,0.0
SMTC,2004-02-26,24.899999618530273,25.209999084472656,24.530000686645508,24.709999084472656,1781700,24.709999084472656,0.0
SMTC,2004-02-27,24.799999237060547,24.969999313354492,23.649999618530273,24.1200008392334,1614500,24.1200008392334,0.0
SMTC,2004-03-01,24.139999389648438,24.709999084472656,23.709999084472656,24.65999984741211,1174100,24.65999984741211,0.0
SMTC,2004-03-02,24.479999542236328,24.75,23.989999771118164,24.079999923706055,1405600,24.079999923706055,0.0
SMTC,2004-03-03,23.989999771118164,23.989999771118164,22.25,23.5,1826700,23.5,0.0
SMTC,2004-03-04,23.540000915527344,23.989999771118164,23.280000686645508,23.93000030517578,974500,23.93000030517578,0.0
SMTC,2004-03-05,23.290000915527344,23.670000076293945,22.8799991607666,23.139999389648438,1555900,23.139999389648438,0.0
SMTC,2004-03-08,23.600000381469727,23.809999465942383,22.170000076293945,22.219999313354492,1504500,22.219999313354492,0.0
SMTC,2004-03-09,22.329999923706055,22.329999923706055,21.450000762939453,21.829999923706055,1591700,21.829999923706055,0.0
SMTC,2004-03-10,22.549999237060547,22.549999237060547,21.34000015258789,21.360000610351562,1634900,21.360000610351562,0.0
SMTC,2004-03-11,21.360000610351562,22.020000457763672,21.299999237060547,21.360000610351562,1442900,21.360000610351562,0.0
SMTC,2004-03-12,21.809999465942383,22.309999465942383,21.770000457763672,22.1299991607666,1477200,22.1299991607666,0.0
SMTC,2004-03-15,22.040000915527344,22.1299991607666,21.049999237060547,21.3799991607666,953600,21.3799991607666,0.0
SMTC,2004-03-16,21.520000457763672,21.809999465942383,20.93000030517578,21.389999389648438,1125300,21.389999389648438,0.0
SMTC,2004-03-17,21.559999465942383,22.100000381469727,21.43000030517578,22.0,1103300,22.0,0.0
SMTC,2004-03-18,21.84000015258789,22.020000457763672,21.389999389648438,21.709999084472656,845300,21.709999084472656,0.0
SMTC,2004-03-19,21.709999084472656,21.799999237060547,21.020000457763672,21.110000610351562,950900,21.110000610351562,0.0
SMTC,2004-03-22,21.020000457763672,21.149999618530273,20.600000381469727,20.780000686645508,1108500,20.780000686645508,0.0
SMTC,2004-03-23,21.100000381469727,21.25,20.579999923706055,20.790000915527344,746800,20.790000915527344,0.0
SMTC,2004-03-24,20.850000381469727,21.350000381469727,20.6299991607666,21.200000762939453,1175100,21.200000762939453,0.0
SMTC,2004-03-25,21.440000534057617,22.25,21.350000381469727,22.239999771118164,795400,22.239999771118164,0.0
SMTC,2004-03-26,22.059999465942383,22.520000457763672,21.790000915527344,22.100000381469727,1043400,22.100000381469727,0.0
SMTC,2004-03-29,22.3700008392334,22.81999969482422,22.219999313354492,22.56999969482422,1235800,22.56999969482422,0.0
SMTC,2004-03-30,22.479999542236328,22.799999237060547,22.110000610351562,22.690000534057617,982000,22.690000534057617,0.0
SMTC,2004-03-31,22.540000915527344,23.15999984741211,22.510000228881836,22.829999923706055,1623700,22.829999923706055,0.0
SMTC,2004-04-01,22.770000457763672,23.579999923706055,22.739999771118164,23.360000610351562,937700,23.360000610351562,0.0
SMTC,2004-04-02,24.0,24.270000457763672,23.559999465942383,23.920000076293945,730100,23.920000076293945,0.0
SMTC,2004-04-05,23.93000030517578,24.6200008392334,23.799999237060547,24.530000686645508,714000,24.530000686645508,0.0
SMTC,2004-04-06,24.040000915527344,24.280000686645508,23.649999618530273,24.049999237060547,1021600,24.049999237060547,0.0
SMTC,2004-04-07,24.049999237060547,24.3799991607666,23.440000534057617,24.209999084472656,950200,24.209999084472656,0.0
SMTC,2004-04-08,24.549999237060547,25.139999389648438,24.290000915527344,24.610000610351562,1097000,24.610000610351562,0.0
SMTC,2004-04-12,24.6299991607666,24.84000015258789,24.420000076293945,24.84000015258789,578600,24.84000015258789,0.0
SMTC,2004-04-13,24.90999984741211,24.940000534057617,24.219999313354492,24.329999923706055,634700,24.329999923706055,0.0
SMTC,2004-04-14,24.079999923706055,24.68000030517578,24.06999969482422,24.420000076293945,830300,24.420000076293945,0.0
SMTC,2004-04-15,24.43000030517578,24.540000915527344,23.170000076293945,23.309999465942383,1119200,23.309999465942383,0.0
SMTC,2004-04-16,23.34000015258789,23.34000015258789,22.34000015258789,22.8799991607666,607900,22.8799991607666,0.0
SMTC,2004-04-19,22.950000762939453,23.25,22.479999542236328,23.229999542236328,612100,23.229999542236328,0.0
SMTC,2004-04-20,23.06999969482422,23.3799991607666,22.09000015258789,22.170000076293945,911900,22.170000076293945,0.0
SMTC,2004-04-21,22.399999618530273,22.950000762939453,22.34000015258789,22.920000076293945,941700,22.920000076293945,0.0
SMTC,2004-04-22,22.770000457763672,23.229999542236328,22.1299991607666,22.889999389648438,610300,22.889999389648438,0.0
SMTC,2004-04-23,23.1299991607666,24.15999984741211,23.06999969482422,24.06999969482422,1235400,24.06999969482422,0.0
SMTC,2004-04-26,23.899999618530273,24.110000610351562,23.139999389648438,23.280000686645508,675000,23.280000686645508,0.0
SMTC,2004-04-27,23.350000381469727,23.700000762939453,22.670000076293945,22.850000381469727,638800,22.850000381469727,0.0
SMTC,2004-04-28,22.829999923706055,23.200000762939453,22.3700008392334,22.809999465942383,1333700,22.809999465942383,0.0
SMTC,2004-04-29,22.799999237060547,22.950000762939453,21.25,21.639999389648438,1337200,21.639999389648438,0.0
SMTC,2004-04-30,21.809999465942383,21.809999465942383,20.860000610351562,21.020000457763672,1692800,21.020000457763672,0.0
SMTC,2004-05-03,21.18000030517578,21.719999313354492,20.6299991607666,20.959999084472656,1498700,20.959999084472656,0.0
SMTC,2004-05-04,21.079999923706055,21.81999969482422,21.020000457763672,21.440000534057617,1936400,21.440000534057617,0.0
SMTC,2004-05-05,21.559999465942383,22.100000381469727,21.350000381469727,21.84000015258789,608100,21.84000015258789,0.0
SMTC,2004-05-06,21.940000534057617,22.030000686645508,21.459999084472656,21.770000457763672,700400,21.770000457763672,0.0
SMTC,2004-05-07,21.729999542236328,22.559999465942383,21.670000076293945,21.75,799900,21.75,0.0
SMTC,2004-05-10,21.559999465942383,22.479999542236328,21.479999542236328,22.110000610351562,1409900,22.110000610351562,0.0
SMTC,2004-05-11,22.510000228881836,23.309999465942383,22.209999084472656,23.209999084472656,1462100,23.209999084472656,0.0
SMTC,2004-05-12,23.149999618530273,23.239999771118164,21.790000915527344,22.690000534057617,1516000,22.690000534057617,0.0
SMTC,2004-05-13,22.649999618530273,23.170000076293945,22.360000610351562,22.610000610351562,953100,22.610000610351562,0.0
SMTC,2004-05-14,22.600000381469727,23.0,21.860000610351562,21.979999542236328,1212500,21.979999542236328,0.0
SMTC,2004-05-17,21.579999923706055,21.690000534057617,21.100000381469727,21.299999237060547,1189000,21.299999237060547,0.0
SMTC,2004-05-18,21.489999771118164,21.739999771118164,21.149999618530273,21.530000686645508,1530500,21.530000686645508,0.0
SMTC,2004-05-19,22.0,22.799999237060547,21.989999771118164,22.1299991607666,1000400,22.1299991607666,0.0
SMTC,2004-05-20,22.270000457763672,22.670000076293945,22.06999969482422,22.5,1093400,22.5,0.0
SMTC,2004-05-21,23.25,23.280000686645508,22.440000534057617,23.040000915527344,1112900,23.040000915527344,0.0
SMTC,2004-05-24,23.350000381469727,23.489999771118164,22.770000457763672,22.950000762939453,1327600,22.950000762939453,0.0
SMTC,2004-05-25,22.899999618530273,24.5,22.780000686645508,24.5,1640200,24.5,0.0
SMTC,2004-05-26,24.100000381469727,24.969999313354492,23.719999313354492,24.690000534057617,1943200,24.690000534057617,0.0
SMTC,2004-05-27,24.770000457763672,25.299999237060547,24.719999313354492,25.229999542236328,911200,25.229999542236328,0.0
SMTC,2004-05-28,25.309999465942383,25.420000076293945,24.950000762939453,25.1200008392334,1248700,25.1200008392334,0.0
SMTC,2004-06-01,25.1200008392334,25.280000686645508,24.790000915527344,25.170000076293945,623400,25.170000076293945,0.0
SMTC,2004-06-02,25.280000686645508,25.350000381469727,23.940000534057617,24.469999313354492,1348200,24.469999313354492,0.0
SMTC,2004-06-03,24.530000686645508,24.530000686645508,23.75,23.799999237060547,810800,23.799999237060547,0.0
SMTC,2004-06-04,24.399999618530273,24.700000762939453,24.239999771118164,24.329999923706055,551900,24.329999923706055,0.0
SMTC,2004-06-07,24.65999984741211,25.1299991607666,24.549999237060547,25.049999237060547,1060600,25.049999237060547,0.0
SMTC,2004-06-08,24.790000915527344,25.25,24.56999969482422,25.110000610351562,585600,25.110000610351562,0.0
SMTC,2004-06-09,25.010000228881836,25.079999923706055,23.8700008392334,23.920000076293945,902900,23.920000076293945,0.0
SMTC,2004-06-10,24.100000381469727,24.299999237060547,23.709999084472656,23.81999969482422,913700,23.81999969482422,0.0
SMTC,2004-06-14,23.81999969482422,23.81999969482422,22.639999389648438,22.8799991607666,1009200,22.8799991607666,0.0
SMTC,2004-06-15,23.200000762939453,23.559999465942383,23.110000610351562,23.520000457763672,733600,23.520000457763672,0.0
SMTC,2004-06-16,23.530000686645508,23.579999923706055,23.030000686645508,23.190000534057617,666000,23.190000534057617,0.0
SMTC,2004-06-17,23.100000381469727,23.100000381469727,21.940000534057617,22.059999465942383,1232200,22.059999465942383,0.0
SMTC,2004-06-18,21.8799991607666,22.579999923706055,21.81999969482422,22.469999313354492,1471300,22.469999313354492,0.0
SMTC,2004-06-21,22.549999237060547,22.860000610351562,22.360000610351562,22.450000762939453,1044700,22.450000762939453,0.0
SMTC,2004-06-22,22.360000610351562,22.969999313354492,22.190000534057617,22.93000030517578,1312500,22.93000030517578,0.0
SMTC,2004-06-23,23.010000228881836,23.56999969482422,22.760000228881836,23.219999313354492,1065400,23.219999313354492,0.0
SMTC,2004-06-24,23.239999771118164,23.40999984741211,22.479999542236328,22.559999465942383,938000,22.559999465942383,0.0
SMTC,2004-06-25,22.510000228881836,23.940000534057617,22.43000030517578,22.950000762939453,3343300,22.950000762939453,0.0
SMTC,2004-06-28,23.100000381469727,23.31999969482422,22.700000762939453,22.729999542236328,1298700,22.729999542236328,0.0
SMTC,2004-06-29,22.81999969482422,23.030000686645508,22.760000228881836,22.979999542236328,1080300,22.979999542236328,0.0
SMTC,2004-06-30,23.0,23.600000381469727,22.8799991607666,23.540000915527344,983800,23.540000915527344,0.0
SMTC,2004-07-01,23.559999465942383,23.579999923706055,21.760000228881836,21.799999237060547,1650800,21.799999237060547,0.0
SMTC,2004-07-02,21.969999313354492,21.979999542236328,21.399999618530273,21.5,544900,21.5,0.0
SMTC,2004-07-06,21.3700008392334,21.3700008392334,20.290000915527344,20.649999618530273,1436200,20.649999618530273,0.0
SMTC,2004-07-07,20.799999237060547,21.31999969482422,20.739999771118164,21.200000762939453,1327900,21.200000762939453,0.0
SMTC,2004-07-08,21.030000686645508,21.610000610351562,20.969999313354492,21.31999969482422,1331200,21.31999969482422,0.0
SMTC,2004-07-09,21.56999969482422,21.899999618530273,21.56999969482422,21.850000381469727,931800,21.850000381469727,0.0
SMTC,2004-07-12,21.360000610351562,21.40999984741211,20.510000228881836,20.739999771118164,1645000,20.739999771118164,0.0
SMTC,2004-07-13,20.649999618530273,21.139999389648438,20.459999084472656,20.6299991607666,1096100,20.6299991607666,0.0
SMTC,2004-07-14,19.860000610351562,20.0,19.290000915527344,19.68000030517578,1821000,19.68000030517578,0.0
SMTC,2004-07-15,19.739999771118164,19.989999771118164,19.479999542236328,19.559999465942383,1284700,19.559999465942383,0.0
SMTC,2004-07-16,20.200000762939453,20.209999084472656,19.18000030517578,19.239999771118164,776400,19.239999771118164,0.0
SMTC,2004-07-19,19.459999084472656,19.479999542236328,18.920000076293945,19.350000381469727,869200,19.350000381469727,0.0
SMTC,2004-07-20,19.280000686645508,19.729999542236328,19.15999984741211,19.729999542236328,953500,19.729999542236328,0.0
SMTC,2004-07-21,19.93000030517578,20.15999984741211,19.049999237060547,19.200000762939453,1714000,19.200000762939453,0.0
SMTC,2004-07-22,19.209999084472656,20.059999465942383,18.959999084472656,19.950000762939453,1861500,19.950000762939453,0.0
SMTC,2004-07-23,19.81999969482422,19.93000030517578,19.31999969482422,19.479999542236328,1508600,19.479999542236328,0.0
SMTC,2004-07-26,19.65999984741211,19.670000076293945,19.139999389648438,19.260000228881836,1204400,19.260000228881836,0.0
SMTC,2004-07-27,19.200000762939453,19.25,17.979999542236328,18.709999084472656,1987100,18.709999084472656,0.0
SMTC,2004-07-28,18.700000762939453,19.0,18.31999969482422,18.829999923706055,1151500,18.829999923706055,0.0
SMTC,2004-07-29,18.950000762939453,19.959999084472656,18.799999237060547,19.670000076293945,1268000,19.670000076293945,0.0
SMTC,2004-07-30,19.559999465942383,19.950000762939453,19.389999389648438,19.850000381469727,1122600,19.850000381469727,0.0
SMTC,2004-08-02,19.6299991607666,20.09000015258789,19.5,19.969999313354492,918700,19.969999313354492,0.0
SMTC,2004-08-03,19.860000610351562,19.93000030517578,18.700000762939453,18.75,1488900,18.75,0.0
SMTC,2004-08-04,18.700000762939453,19.010000228881836,18.420000076293945,18.829999923706055,1201400,18.829999923706055,0.0
SMTC,2004-08-05,18.809999465942383,19.15999984741211,18.65999984741211,18.75,714600,18.75,0.0
SMTC,2004-08-06,18.420000076293945,18.59000015258789,18.040000915527344,18.190000534057617,1233100,18.190000534057617,0.0
SMTC,2004-08-09,18.09000015258789,18.350000381469727,17.81999969482422,18.1200008392334,752900,18.1200008392334,0.0
SMTC,2004-08-10,18.260000228881836,18.270000457763672,17.90999984741211,18.229999542236328,884500,18.229999542236328,0.0
SMTC,2004-08-11,17.649999618530273,17.739999771118164,16.860000610351562,17.450000762939453,2184500,17.450000762939453,0.0
SMTC,2004-08-12,17.389999389648438,17.600000381469727,17.030000686645508,17.040000915527344,1168000,17.040000915527344,0.0
SMTC,2004-08-13,17.100000381469727,17.170000076293945,15.9399995803833,16.530000686645508,2770000,16.530000686645508,0.0
SMTC,2004-08-16,16.6299991607666,16.780000686645508,16.389999389648438,16.469999313354492,1369200,16.469999313354492,0.0
SMTC,2004-08-17,16.670000076293945,17.770000457763672,16.65999984741211,17.479999542236328,1821300,17.479999542236328,0.0
SMTC,2004-08-18,17.350000381469727,18.270000457763672,17.06999969482422,18.25,1143800,18.25,0.0
SMTC,2004-08-19,17.93000030517578,18.280000686645508,17.729999542236328,17.899999618530273,698700,17.899999618530273,0.0
SMTC,2004-08-20,17.75,18.1200008392334,17.3700008392334,17.969999313354492,1540800,17.969999313354492,0.0
SMTC,2004-08-23,17.969999313354492,18.469999313354492,17.8799991607666,18.260000228881836,934900,18.260000228881836,0.0
SMTC,2004-08-24,18.139999389648438,18.260000228881836,17.450000762939453,17.6299991607666,1979600,17.6299991607666,0.0
SMTC,2004-08-25,19.100000381469727,19.229999542236328,17.639999389648438,18.690000534057617,5488200,18.690000534057617,0.0
SMTC,2004-08-26,18.440000534057617,18.760000228881836,18.229999542236328,18.3700008392334,1219100,18.3700008392334,0.0
SMTC,2004-08-27,18.3799991607666,18.959999084472656,18.3799991607666,18.68000030517578,752600,18.68000030517578,0.0
SMTC,2004-08-30,18.600000381469727,18.700000762939453,18.219999313354492,18.299999237060547,477600,18.299999237060547,0.0
SMTC,2004-08-31,18.25,18.270000457763672,17.829999923706055,18.09000015258789,1330200,18.09000015258789,0.0
SMTC,2004-09-01,18.170000076293945,18.93000030517578,17.969999313354492,18.65999984741211,1072300,18.65999984741211,0.0
SMTC,2004-09-02,18.75,18.84000015258789,18.360000610351562,18.799999237060547,1437900,18.799999237060547,0.0
SMTC,2004-09-03,18.489999771118164,18.559999465942383,17.6200008392334,17.850000381469727,944100,17.850000381469727,0.0
SMTC,2004-09-07,17.989999771118164,18.18000030517578,17.700000762939453,17.829999923706055,496100,17.829999923706055,0.0
SMTC,2004-09-08,17.81999969482422,18.110000610351562,17.6200008392334,17.81999969482422,1352800,17.81999969482422,0.0
SMTC,2004-09-09,18.040000915527344,19.049999237060547,17.989999771118164,18.8700008392334,1882100,18.8700008392334,0.0
SMTC,2004-09-10,18.850000381469727,19.5,18.6299991607666,19.420000076293945,1741300,19.420000076293945,0.0
SMTC,2004-09-13,19.420000076293945,20.40999984741211,19.3700008392334,19.799999237060547,1766400,19.799999237060547,0.0
SMTC,2004-09-14,19.81999969482422,19.989999771118164,19.450000762939453,19.760000228881836,1248100,19.760000228881836,0.0
SMTC,2004-09-15,19.450000762939453,19.5,18.989999771118164,19.059999465942383,855400,19.059999465942383,0.0
SMTC,2004-09-16,19.219999313354492,19.5,18.989999771118164,19.1299991607666,488100,19.1299991607666,0.0
SMTC,2004-09-17,19.030000686645508,19.68000030517578,19.0,19.469999313354492,648200,19.469999313354492,0.0
SMTC,2004-09-20,19.219999313354492,20.540000915527344,19.1200008392334,20.200000762939453,1290700,20.200000762939453,0.0
SMTC,2004-09-21,20.18000030517578,20.43000030517578,19.8799991607666,20.299999237060547,1322900,20.299999237060547,0.0
SMTC,2004-09-22,20.139999389648438,20.25,19.68000030517578,19.719999313354492,781300,19.719999313354492,0.0
SMTC,2004-09-23,19.6200008392334,20.059999465942383,19.440000534057617,19.93000030517578,588600,19.93000030517578,0.0
SMTC,2004-09-24,19.959999084472656,20.010000228881836,18.979999542236328,19.25,1249300,19.25,0.0
SMTC,2004-09-27,18.899999618530273,19.239999771118164,18.639999389648438,18.979999542236328,817500,18.979999542236328,0.0
SMTC,2004-09-28,19.420000076293945,19.420000076293945,18.459999084472656,18.799999237060547,1142500,18.799999237060547,0.0
SMTC,2004-09-29,19.190000534057617,19.299999237060547,18.81999969482422,19.049999237060547,1572300,19.049999237060547,0.0
SMTC,2004-09-30,19.059999465942383,19.649999618530273,19.010000228881836,19.170000076293945,1086000,19.170000076293945,0.0
SMTC,2004-10-01,19.3700008392334,20.479999542236328,19.350000381469727,20.329999923706055,1228700,20.329999923706055,0.0
SMTC,2004-10-04,20.760000228881836,21.5,20.510000228881836,20.75,1670800,20.75,0.0
SMTC,2004-10-05,20.799999237060547,21.049999237060547,20.209999084472656,20.809999465942383,1535000,20.809999465942383,0.0
SMTC,2004-10-06,20.760000228881836,20.860000610351562,20.149999618530273,20.81999969482422,1039400,20.81999969482422,0.0
SMTC,2004-10-07,20.799999237060547,20.969999313354492,20.290000915527344,20.290000915527344,986900,20.290000915527344,0.0
SMTC,2004-10-08,20.139999389648438,20.200000762939453,19.530000686645508,19.729999542236328,827800,19.729999542236328,0.0
SMTC,2004-10-11,19.790000915527344,20.170000076293945,19.479999542236328,20.100000381469727,752800,20.100000381469727,0.0
SMTC,2004-10-12,19.639999389648438,19.950000762939453,19.270000457763672,19.829999923706055,886400,19.829999923706055,0.0
SMTC,2004-10-13,20.360000610351562,20.719999313354492,20.18000030517578,20.190000534057617,1687500,20.190000534057617,0.0
SMTC,2004-10-14,20.170000076293945,20.239999771118164,19.540000915527344,19.56999969482422,850600,19.56999969482422,0.0
SMTC,2004-10-15,19.389999389648438,19.700000762939453,19.110000610351562,19.469999313354492,2030300,19.469999313354492,0.0
SMTC,2004-10-18,19.3799991607666,19.579999923706055,19.040000915527344,19.559999465942383,1033000,19.559999465942383,0.0
SMTC,2004-10-19,19.899999618530273,20.3700008392334,19.75,19.780000686645508,1480700,19.780000686645508,0.0
SMTC,2004-10-20,19.68000030517578,20.459999084472656,19.469999313354492,20.239999771118164,1112200,20.239999771118164,0.0
SMTC,2004-10-21,20.350000381469727,21.3799991607666,20.239999771118164,21.280000686645508,1865600,21.280000686645508,0.0
SMTC,2004-10-22,21.31999969482422,21.389999389648438,20.149999618530273,20.260000228881836,1293900,20.260000228881836,0.0
SMTC,2004-10-25,20.270000457763672,20.579999923706055,20.139999389648438,20.200000762939453,1382200,20.200000762939453,0.0
SMTC,2004-10-26,19.040000915527344,20.219999313354492,18.979999542236328,19.56999969482422,2008700,19.56999969482422,0.0
SMTC,2004-10-27,19.5,20.25,19.43000030517578,20.25,907400,20.25,0.0
SMTC,2004-10-28,20.139999389648438,20.760000228881836,20.06999969482422,20.649999618530273,1219100,20.649999618530273,0.0
SMTC,2004-10-29,20.649999618530273,20.93000030517578,20.5,20.8799991607666,1471100,20.8799991607666,0.0
SMTC,2004-11-01,20.799999237060547,21.079999923706055,20.59000015258789,20.770000457763672,1242400,20.770000457763672,0.0
SMTC,2004-11-02,20.540000915527344,20.940000534057617,20.270000457763672,20.709999084472656,649600,20.709999084472656,0.0
SMTC,2004-11-03,21.329999923706055,21.399999618530273,20.3799991607666,20.649999618530273,1013300,20.649999618530273,0.0
SMTC,2004-11-04,20.549999237060547,20.940000534057617,20.34000015258789,20.770000457763672,569700,20.770000457763672,0.0
SMTC,2004-11-05,21.170000076293945,21.469999313354492,20.860000610351562,21.079999923706055,451300,21.079999923706055,0.0
SMTC,2004-11-08,21.139999389648438,21.299999237060547,20.81999969482422,21.010000228881836,413800,21.010000228881836,0.0
SMTC,2004-11-09,21.170000076293945,21.3799991607666,20.989999771118164,21.1200008392334,1170600,21.1200008392334,0.0
SMTC,2004-11-10,21.030000686645508,21.049999237060547,20.360000610351562,20.360000610351562,1218800,20.360000610351562,0.0
SMTC,2004-11-11,20.34000015258789,20.84000015258789,20.34000015258789,20.649999618530273,765700,20.649999618530273,0.0
SMTC,2004-11-12,20.68000030517578,21.110000610351562,20.450000762939453,21.079999923706055,1498000,21.079999923706055,0.0
SMTC,2004-11-15,20.549999237060547,21.3700008392334,20.239999771118164,20.90999984741211,903000,20.90999984741211,0.0
SMTC,2004-11-16,20.8700008392334,21.34000015258789,20.770000457763672,21.18000030517578,1296200,21.18000030517578,0.0
SMTC,2004-11-17,21.389999389648438,22.25,21.3700008392334,22.010000228881836,1679800,22.010000228881836,0.0
SMTC,2004-11-18,21.940000534057617,22.18000030517578,21.709999084472656,22.18000030517578,1166900,22.18000030517578,0.0
SMTC,2004-11-19,22.110000610351562,22.18000030517578,21.299999237060547,21.299999237060547,1485600,21.299999237060547,0.0
SMTC,2004-11-22,21.18000030517578,21.190000534057617,20.850000381469727,21.110000610351562,1012600,21.110000610351562,0.0
SMTC,2004-11-23,20.90999984741211,21.239999771118164,20.790000915527344,20.829999923706055,828000,20.829999923706055,0.0
SMTC,2004-11-24,20.979999542236328,21.309999465942383,20.829999923706055,20.899999618530273,1095200,20.899999618530273,0.0
SMTC,2004-11-26,20.700000762939453,21.010000228881836,20.549999237060547,20.850000381469727,312200,20.850000381469727,0.0
SMTC,2004-11-29,21.34000015258789,21.34000015258789,20.670000076293945,20.719999313354492,1522100,20.719999313354492,0.0
SMTC,2004-11-30,20.399999618530273,21.149999618530273,20.290000915527344,20.469999313354492,2787700,20.469999313354492,0.0
SMTC,2004-12-01,20.549999237060547,21.489999771118164,20.399999618530273,21.479999542236328,1628100,21.479999542236328,0.0
SMTC,2004-12-02,21.420000076293945,21.770000457763672,21.209999084472656,21.290000915527344,801900,21.290000915527344,0.0
SMTC,2004-12-03,21.700000762939453,22.43000030517578,21.700000762939453,21.81999969482422,1390300,21.81999969482422,0.0
SMTC,2004-12-06,21.850000381469727,22.270000457763672,21.5,22.09000015258789,975800,22.09000015258789,0.0
SMTC,2004-12-07,22.139999389648438,22.399999618530273,21.760000228881836,21.780000686645508,1181500,21.780000686645508,0.0
SMTC,2004-12-08,21.329999923706055,21.559999465942383,21.15999984741211,21.329999923706055,1787900,21.329999923706055,0.0
SMTC,2004-12-09,21.049999237060547,21.6299991607666,20.6200008392334,21.399999618530273,2076100,21.399999618530273,0.0
SMTC,2004-12-10,21.489999771118164,21.489999771118164,21.1299991607666,21.479999542236328,865500,21.479999542236328,0.0
SMTC,2004-12-13,21.600000381469727,21.790000915527344,21.139999389648438,21.299999237060547,557100,21.299999237060547,0.0
SMTC,2004-12-14,21.3700008392334,21.84000015258789,21.260000228881836,21.75,753900,21.75,0.0
SMTC,2004-12-15,21.809999465942383,21.950000762939453,21.549999237060547,21.90999984741211,920600,21.90999984741211,0.0
SMTC,2004-12-16,21.90999984741211,22.059999465942383,21.399999618530273,21.489999771118164,722100,21.489999771118164,0.0
SMTC,2004-12-17,21.34000015258789,21.56999969482422,21.290000915527344,21.3799991607666,821900,21.3799991607666,0.0
SMTC,2004-12-20,21.579999923706055,21.610000610351562,20.670000076293945,20.739999771118164,1488100,20.739999771118164,0.0
SMTC,2004-12-21,20.68000030517578,21.440000534057617,20.68000030517578,21.43000030517578,1296200,21.43000030517578,0.0
SMTC,2004-12-22,21.399999618530273,21.770000457763672,21.360000610351562,21.40999984741211,872000,21.40999984741211,0.0
SMTC,2004-12-23,21.34000015258789,21.780000686645508,21.309999465942383,21.700000762939453,442100,21.700000762939453,0.0
SMTC,2004-12-27,21.579999923706055,21.8700008392334,21.229999542236328,21.479999542236328,401800,21.479999542236328,0.0
SMTC,2004-12-28,21.31999969482422,21.729999542236328,21.309999465942383,21.719999313354492,424800,21.719999313354492,0.0
SMTC,2004-12-29,21.489999771118164,21.950000762939453,21.489999771118164,21.59000015258789,545400,21.59000015258789,0.0
SMTC,2004-12-30,21.559999465942383,21.959999084472656,21.559999465942383,21.860000610351562,530600,21.860000610351562,0.0
SMTC,2004-12-31,21.93000030517578,22.049999237060547,21.809999465942383,21.84000015258789,376700,21.84000015258789,0.0
SMTC,2005-01-03,21.8799991607666,22.0,21.209999084472656,21.399999618530273,937000,21.399999618530273,0.0
SMTC,2005-01-04,21.5,21.510000228881836,20.5,20.520000457763672,1617600,20.520000457763672,0.0
SMTC,2005-01-05,20.399999618530273,20.399999618530273,19.5,19.780000686645508,1638100,19.780000686645508,0.0
SMTC,2005-01-06,19.920000076293945,20.110000610351562,19.649999618530273,19.719999313354492,1086500,19.719999313354492,0.0
SMTC,2005-01-07,19.989999771118164,19.989999771118164,19.309999465942383,19.65999984741211,1133400,19.65999984741211,0.0
SMTC,2005-01-10,19.5,19.649999618530273,19.209999084472656,19.399999618530273,973900,19.399999618530273,0.0
SMTC,2005-01-11,19.299999237060547,19.299999237060547,18.809999465942383,19.1200008392334,986000,19.1200008392334,0.0
SMTC,2005-01-12,19.450000762939453,19.610000610351562,19.0,19.25,739800,19.25,0.0
SMTC,2005-01-13,19.299999237060547,19.299999237060547,18.729999542236328,18.8700008392334,637500,18.8700008392334,0.0
SMTC,2005-01-14,18.899999618530273,19.0,18.75,18.899999618530273,1373900,18.899999618530273,0.0
SMTC,2005-01-18,18.850000381469727,19.0,18.670000076293945,18.920000076293945,883200,18.920000076293945,0.0
SMTC,2005-01-19,18.889999389648438,18.969999313354492,18.3700008392334,18.469999313354492,480500,18.469999313354492,0.0
SMTC,2005-01-20,18.270000457763672,18.56999969482422,18.229999542236328,18.270000457763672,704100,18.270000457763672,0.0
SMTC,2005-01-21,18.440000534057617,18.450000762939453,17.920000076293945,18.0,1306900,18.0,0.0
SMTC,2005-01-24,18.100000381469727,18.110000610351562,17.540000915527344,17.610000610351562,757700,17.610000610351562,0.0
SMTC,2005-01-25,17.829999923706055,17.950000762939453,17.559999465942383,17.649999618530273,868600,17.649999618530273,0.0
SMTC,2005-01-26,17.75,18.209999084472656,17.690000534057617,18.200000762939453,812300,18.200000762939453,0.0
SMTC,2005-01-27,18.25,18.25,18.030000686645508,18.209999084472656,581800,18.209999084472656,0.0
SMTC,2005-01-28,18.260000228881836,18.329999923706055,17.799999237060547,17.989999771118164,665200,17.989999771118164,0.0
SMTC,2005-01-31,18.200000762939453,18.5,18.1299991607666,18.3799991607666,551200,18.3799991607666,0.0
SMTC,2005-02-01,18.260000228881836,18.610000610351562,18.260000228881836,18.600000381469727,514700,18.600000381469727,0.0
SMTC,2005-02-02,18.700000762939453,18.729999542236328,18.450000762939453,18.56999969482422,393900,18.56999969482422,0.0
SMTC,2005-02-03,18.510000228881836,18.6200008392334,18.030000686645508,18.299999237060547,579400,18.299999237060547,0.0
SMTC,2005-02-04,18.31999969482422,19.5,18.299999237060547,19.5,1185200,19.5,0.0
SMTC,2005-02-07,19.5,19.93000030517578,19.399999618530273,19.600000381469727,946100,19.600000381469727,0.0
SMTC,2005-02-08,19.6299991607666,20.239999771118164,19.510000228881836,20.079999923706055,1283300,20.079999923706055,0.0
SMTC,2005-02-09,20.1299991607666,20.1299991607666,19.559999465942383,19.56999969482422,840100,19.56999969482422,0.0
SMTC,2005-02-10,19.969999313354492,20.1299991607666,19.360000610351562,19.56999969482422,1261300,19.56999969482422,0.0
SMTC,2005-02-11,19.649999618530273,20.860000610351562,19.270000457763672,20.559999465942383,1373700,20.559999465942383,0.0
SMTC,2005-02-14,20.350000381469727,20.440000534057617,19.799999237060547,19.899999618530273,1539300,19.899999618530273,0.0
SMTC,2005-02-15,19.8799991607666,20.239999771118164,19.780000686645508,19.81999969482422,929700,19.81999969482422,0.0
SMTC,2005-02-16,19.770000457763672,19.809999465942383,19.25,19.459999084472656,1071900,19.459999084472656,0.0
SMTC,2005-02-17,19.329999923706055,19.579999923706055,18.920000076293945,18.93000030517578,879100,18.93000030517578,0.0
SMTC,2005-02-18,18.940000534057617,19.040000915527344,18.59000015258789,18.649999618530273,1273400,18.649999618530273,0.0
SMTC,2005-02-22,18.5,19.760000228881836,18.40999984741211,19.170000076293945,2365700,19.170000076293945,0.0
SMTC,2005-02-23,19.219999313354492,19.520000457763672,18.729999542236328,19.0,872100,19.0,0.0
SMTC,2005-02-24,18.690000534057617,19.450000762939453,18.690000534057617,19.450000762939453,903700,19.450000762939453,0.0
SMTC,2005-02-25,19.639999389648438,20.040000915527344,19.350000381469727,19.950000762939453,1181000,19.950000762939453,0.0
SMTC,2005-02-28,19.579999923706055,20.059999465942383,19.299999237060547,19.559999465942383,1114500,19.559999465942383,0.0
SMTC,2005-03-01,19.649999618530273,20.170000076293945,19.6299991607666,20.139999389648438,1420400,20.139999389648438,0.0
SMTC,2005-03-02,19.469999313354492,20.06999969482422,18.889999389648438,18.90999984741211,3489600,18.90999984741211,0.0
SMTC,2005-03-03,18.889999389648438,19.149999618530273,18.299999237060547,18.8799991607666,1868800,18.8799991607666,0.0
SMTC,2005-03-04,18.8799991607666,19.09000015258789,18.510000228881836,18.790000915527344,1008100,18.790000915527344,0.0
SMTC,2005-03-07,18.739999771118164,19.5,18.739999771118164,19.049999237060547,1168600,19.049999237060547,0.0
SMTC,2005-03-08,19.489999771118164,19.540000915527344,18.90999984741211,19.040000915527344,2457500,19.040000915527344,0.0
SMTC,2005-03-09,19.049999237060547,19.3799991607666,18.739999771118164,18.920000076293945,1232800,18.920000076293945,0.0
SMTC,2005-03-10,18.959999084472656,19.059999465942383,18.540000915527344,19.0,864100,19.0,0.0
SMTC,2005-03-11,19.0,19.030000686645508,18.200000762939453,18.440000534057617,1785700,18.440000534057617,0.0
SMTC,2005-03-14,18.3700008392334,18.649999618530273,18.209999084472656,18.450000762939453,796100,18.450000762939453,0.0
SMTC,2005-03-15,18.5,18.600000381469727,18.15999984741211,18.459999084472656,862800,18.459999084472656,0.0
SMTC,2005-03-16,18.280000686645508,18.649999618530273,18.100000381469727,18.110000610351562,734800,18.110000610351562,0.0
SMTC,2005-03-17,18.100000381469727,18.389999389648438,18.09000015258789,18.149999618530273,620600,18.149999618530273,0.0
SMTC,2005-03-18,18.260000228881836,18.260000228881836,17.469999313354492,17.59000015258789,1220900,17.59000015258789,0.0
SMTC,2005-03-21,17.6200008392334,18.06999969482422,17.440000534057617,17.950000762939453,966400,17.950000762939453,0.0
SMTC,2005-03-22,18.059999465942383,18.329999923706055,17.6299991607666,17.709999084472656,801800,17.709999084472656,0.0
SMTC,2005-03-23,17.760000228881836,18.31999969482422,17.719999313354492,18.1299991607666,1274500,18.1299991607666,0.0
SMTC,2005-03-24,18.270000457763672,18.280000686645508,17.969999313354492,18.079999923706055,588800,18.079999923706055,0.0
SMTC,2005-03-28,18.18000030517578,18.489999771118164,18.020000457763672,18.059999465942383,716800,18.059999465942383,0.0
SMTC,2005-03-29,18.1200008392334,18.18000030517578,17.510000228881836,17.579999923706055,645800,17.579999923706055,0.0
SMTC,2005-03-30,17.649999618530273,18.06999969482422,17.579999923706055,18.010000228881836,354400,18.010000228881836,0.0
SMTC,2005-03-31,18.06999969482422,18.06999969482422,17.739999771118164,17.8700008392334,667400,17.8700008392334,0.0
SMTC,2005-04-01,17.959999084472656,18.100000381469727,17.600000381469727,17.68000030517578,731200,17.68000030517578,0.0
SMTC,2005-04-04,17.709999084472656,17.809999465942383,17.360000610351562,17.809999465942383,793300,17.809999465942383,0.0
SMTC,2005-04-05,17.780000686645508,18.0,17.549999237060547,17.719999313354492,576700,17.719999313354492,0.0
SMTC,2005-04-06,17.75,18.0,17.56999969482422,17.649999618530273,566900,17.649999618530273,0.0
SMTC,2005-04-07,17.600000381469727,18.149999618530273,17.600000381469727,18.049999237060547,473100,18.049999237060547,0.0
SMTC,2005-04-08,18.100000381469727,18.309999465942383,17.8799991607666,17.899999618530273,434300,17.899999618530273,0.0
SMTC,2005-04-11,17.8799991607666,17.979999542236328,17.399999618530273,17.459999084472656,571600,17.459999084472656,0.0
SMTC,2005-04-12,17.399999618530273,17.639999389648438,17.06999969482422,17.530000686645508,424800,17.530000686645508,0.0
SMTC,2005-04-13,17.450000762939453,17.600000381469727,17.190000534057617,17.229999542236328,685500,17.229999542236328,0.0
SMTC,2005-04-14,17.200000762939453,17.219999313354492,16.559999465942383,16.639999389648438,1037600,16.639999389648438,0.0
SMTC,2005-04-15,16.559999465942383,16.56999969482422,16.149999618530273,16.40999984741211,1063300,16.40999984741211,0.0
SMTC,2005-04-18,16.25,16.709999084472656,16.25,16.5,801200,16.5,0.0
SMTC,2005-04-19,16.6200008392334,16.780000686645508,16.329999923706055,16.530000686645508,940100,16.530000686645508,0.0
SMTC,2005-04-20,16.75,16.8700008392334,16.399999618530273,16.450000762939453,870700,16.450000762939453,0.0
SMTC,2005-04-21,16.540000915527344,17.139999389648438,16.540000915527344,16.950000762939453,657800,16.950000762939453,0.0
SMTC,2005-04-22,17.030000686645508,17.030000686645508,16.600000381469727,16.760000228881836,798900,16.760000228881836,0.0
SMTC,2005-04-25,16.75,16.950000762939453,16.610000610351562,16.899999618530273,570200,16.899999618530273,0.0
SMTC,2005-04-26,16.770000457763672,17.100000381469727,16.530000686645508,16.530000686645508,543300,16.530000686645508,0.0
SMTC,2005-04-27,16.5,16.889999389648438,16.209999084472656,16.729999542236328,671500,16.729999542236328,0.0
SMTC,2005-04-28,16.670000076293945,17.309999465942383,16.329999923706055,16.399999618530273,580100,16.399999618530273,0.0
SMTC,2005-04-29,16.440000534057617,16.940000534057617,16.209999084472656,16.889999389648438,881700,16.889999389648438,0.0
SMTC,2005-05-02,16.93000030517578,16.979999542236328,16.639999389648438,16.809999465942383,470400,16.809999465942383,0.0
SMTC,2005-05-03,16.8700008392334,17.209999084472656,16.809999465942383,16.950000762939453,584700,16.950000762939453,0.0
SMTC,2005-05-04,17.030000686645508,17.34000015258789,16.8799991607666,17.260000228881836,451300,17.260000228881836,0.0
SMTC,2005-05-05,17.219999313354492,17.43000030517578,17.170000076293945,17.280000686645508,407500,17.280000686645508,0.0
SMTC,2005-05-06,17.43000030517578,17.5,17.239999771118164,17.469999313354492,348600,17.469999313354492,0.0
SMTC,2005-05-09,17.510000228881836,17.510000228881836,17.219999313354492,17.420000076293945,221500,17.420000076293945,0.0
SMTC,2005-05-10,17.260000228881836,17.399999618530273,17.09000015258789,17.170000076293945,323700,17.170000076293945,0.0
SMTC,2005-05-11,17.149999618530273,17.260000228881836,16.700000762939453,17.079999923706055,359500,17.079999923706055,0.0
SMTC,2005-05-12,17.079999923706055,17.59000015258789,17.040000915527344,17.440000534057617,747300,17.440000534057617,0.0
SMTC,2005-05-13,17.469999313354492,18.280000686645508,17.469999313354492,18.1299991607666,817400,18.1299991607666,0.0
SMTC,2005-05-16,18.100000381469727,18.309999465942383,17.90999984741211,18.299999237060547,573500,18.299999237060547,0.0
SMTC,2005-05-17,18.200000762939453,18.31999969482422,17.920000076293945,18.31999969482422,410900,18.31999969482422,0.0
SMTC,2005-05-18,18.25,18.700000762939453,18.219999313354492,18.649999618530273,595200,18.649999618530273,0.0
SMTC,2005-05-19,18.649999618530273,18.860000610351562,18.540000915527344,18.610000610351562,848300,18.610000610351562,0.0
SMTC,2005-05-20,18.610000610351562,18.690000534057617,18.1200008392334,18.65999984741211,1128600,18.65999984741211,0.0
SMTC,2005-05-23,18.65999984741211,18.799999237060547,18.389999389648438,18.649999618530273,517200,18.649999618530273,0.0
SMTC,2005-05-24,18.700000762939453,18.700000762939453,18.40999984741211,18.639999389648438,750500,18.639999389648438,0.0
SMTC,2005-05-25,18.559999465942383,18.579999923706055,18.09000015258789,18.239999771118164,771200,18.239999771118164,0.0
SMTC,2005-05-26,18.469999313354492,18.760000228881836,18.3700008392334,18.709999084472656,586700,18.709999084472656,0.0
SMTC,2005-05-27,18.700000762939453,18.700000762939453,18.329999923706055,18.329999923706055,409600,18.329999923706055,0.0
SMTC,2005-05-31,18.3799991607666,18.520000457763672,18.170000076293945,18.239999771118164,1269000,18.239999771118164,0.0
SMTC,2005-06-01,17.920000076293945,18.600000381469727,17.899999618530273,18.139999389648438,1986000,18.139999389648438,0.0
SMTC,2005-06-02,18.170000076293945,18.459999084472656,18.100000381469727,18.40999984741211,982500,18.40999984741211,0.0
SMTC,2005-06-03,18.34000015258789,18.459999084472656,18.06999969482422,18.1299991607666,734500,18.1299991607666,0.0
SMTC,2005-06-06,18.0,18.239999771118164,17.959999084472656,18.18000030517578,564400,18.18000030517578,0.0
SMTC,2005-06-07,18.139999389648438,18.280000686645508,17.799999237060547,17.829999923706055,706200,17.829999923706055,0.0
SMTC,2005-06-08,17.84000015258789,18.149999618530273,17.790000915527344,17.860000610351562,627500,17.860000610351562,0.0
SMTC,2005-06-09,17.799999237060547,17.989999771118164,17.649999618530273,17.989999771118164,1582500,17.989999771118164,0.0
SMTC,2005-06-10,18.110000610351562,18.260000228881836,17.829999923706055,17.889999389648438,1346700,17.889999389648438,0.0
SMTC,2005-06-13,17.81999969482422,17.979999542236328,17.670000076293945,17.860000610351562,777400,17.860000610351562,0.0
SMTC,2005-06-14,17.81999969482422,17.93000030517578,17.59000015258789,17.59000015258789,594200,17.59000015258789,0.0
SMTC,2005-06-15,17.709999084472656,17.75,17.350000381469727,17.600000381469727,506400,17.600000381469727,0.0
SMTC,2005-06-16,17.59000015258789,17.969999313354492,17.559999465942383,17.6200008392334,858700,17.6200008392334,0.0
SMTC,2005-06-17,17.65999984741211,17.860000610351562,17.389999389648438,17.829999923706055,1214300,17.829999923706055,0.0
SMTC,2005-06-20,17.8799991607666,17.969999313354492,17.6200008392334,17.90999984741211,508500,17.90999984741211,0.0
SMTC,2005-06-21,17.93000030517578,18.219999313354492,17.889999389648438,18.079999923706055,446500,18.079999923706055,0.0
SMTC,2005-06-22,18.059999465942383,18.309999465942383,17.950000762939453,18.209999084472656,428900,18.209999084472656,0.0
SMTC,2005-06-23,18.239999771118164,18.639999389648438,17.8799991607666,17.950000762939453,933100,17.950000762939453,0.0
SMTC,2005-06-24,17.760000228881836,17.979999542236328,17.459999084472656,17.469999313354492,2921700,17.469999313354492,0.0
SMTC,2005-06-27,17.459999084472656,17.520000457763672,17.200000762939453,17.25,842600,17.25,0.0
SMTC,2005-06-28,16.739999771118164,17.1299991607666,16.700000762939453,17.049999237060547,1484400,17.049999237060547,0.0
SMTC,2005-06-29,17.020000457763672,17.100000381469727,16.729999542236328,16.860000610351562,918900,16.860000610351562,0.0
SMTC,2005-06-30,16.899999618530273,17.030000686645508,16.639999389648438,16.649999618530273,712500,16.649999618530273,0.0
SMTC,2005-07-01,16.6200008392334,16.8700008392334,16.43000030517578,16.549999237060547,642000,16.549999237060547,0.0
SMTC,2005-07-05,16.510000228881836,16.729999542236328,16.360000610351562,16.709999084472656,631000,16.709999084472656,0.0
SMTC,2005-07-06,16.760000228881836,17.219999313354492,16.700000762939453,17.06999969482422,773400,17.06999969482422,0.0
SMTC,2005-07-07,16.850000381469727,17.100000381469727,16.81999969482422,16.989999771118164,754500,16.989999771118164,0.0
SMTC,2005-07-08,17.100000381469727,17.469999313354492,16.969999313354492,17.459999084472656,891900,17.459999084472656,0.0
SMTC,2005-07-11,17.510000228881836,17.860000610351562,17.450000762939453,17.850000381469727,711800,17.850000381469727,0.0
SMTC,2005-07-12,17.75,17.90999984741211,17.600000381469727,17.649999618530273,734700,17.649999618530273,0.0
SMTC,2005-07-13,17.59000015258789,17.780000686645508,17.5,17.59000015258789,540500,17.59000015258789,0.0
SMTC,2005-07-14,17.690000534057617,17.799999237060547,17.399999618530273,17.690000534057617,1127400,17.690000534057617,0.0
SMTC,2005-07-15,17.559999465942383,17.729999542236328,17.3700008392334,17.6200008392334,606900,17.6200008392334,0.0
SMTC,2005-07-18,17.579999923706055,17.6200008392334,17.200000762939453,17.459999084472656,541000,17.459999084472656,0.0
SMTC,2005-07-19,17.59000015258789,18.239999771118164,17.540000915527344,18.190000534057617,1034400,18.190000534057617,0.0
SMTC,2005-07-20,18.079999923706055,18.3799991607666,17.809999465942383,18.329999923706055,762600,18.329999923706055,0.0
SMTC,2005-07-21,18.3700008392334,18.3700008392334,17.899999618530273,18.030000686645508,823700,18.030000686645508,0.0
SMTC,2005-07-22,18.059999465942383,18.329999923706055,17.809999465942383,18.239999771118164,499300,18.239999771118164,0.0
SMTC,2005-07-25,18.200000762939453,18.5,18.100000381469727,18.299999237060547,732700,18.299999237060547,0.0
SMTC,2005-07-26,18.34000015258789,18.719999313354492,18.34000015258789,18.549999237060547,1114200,18.549999237060547,0.0
SMTC,2005-07-27,18.489999771118164,18.489999771118164,18.0,18.350000381469727,723100,18.350000381469727,0.0
SMTC,2005-07-28,18.450000762939453,18.56999969482422,18.219999313354492,18.510000228881836,555800,18.510000228881836,0.0
SMTC,2005-07-29,18.450000762939453,18.56999969482422,18.229999542236328,18.360000610351562,383600,18.360000610351562,0.0
SMTC,2005-08-01,18.3700008392334,18.520000457763672,18.049999237060547,18.299999237060547,546300,18.299999237060547,0.0
SMTC,2005-08-02,18.40999984741211,19.469999313354492,18.350000381469727,19.399999618530273,1779500,19.399999618530273,0.0
SMTC,2005-08-03,19.110000610351562,19.239999771118164,18.81999969482422,18.8700008392334,1375500,18.8700008392334,0.0
SMTC,2005-08-04,18.790000915527344,18.790000915527344,18.309999465942383,18.34000015258789,846500,18.34000015258789,0.0
SMTC,2005-08-05,18.299999237060547,18.3700008392334,18.09000015258789,18.149999618530273,499600,18.149999618530273,0.0
SMTC,2005-08-08,18.239999771118164,18.360000610351562,17.84000015258789,17.899999618530273,759000,17.899999618530273,0.0
SMTC,2005-08-09,18.06999969482422,18.100000381469727,17.780000686645508,17.8700008392334,462900,17.8700008392334,0.0
SMTC,2005-08-10,17.90999984741211,18.0,17.459999084472656,17.510000228881836,1467100,17.510000228881836,0.0
SMTC,2005-08-11,17.450000762939453,17.760000228881836,17.200000762939453,17.34000015258789,938600,17.34000015258789,0.0
SMTC,2005-08-12,17.360000610351562,17.360000610351562,16.940000534057617,17.18000030517578,606900,17.18000030517578,0.0
SMTC,2005-08-15,17.149999618530273,17.469999313354492,17.010000228881836,17.299999237060547,503800,17.299999237060547,0.0
SMTC,2005-08-16,17.260000228881836,17.260000228881836,16.940000534057617,17.06999969482422,583100,17.06999969482422,0.0
SMTC,2005-08-17,17.049999237060547,17.260000228881836,16.6299991607666,16.6299991607666,1819100,16.6299991607666,0.0
SMTC,2005-08-18,16.6200008392334,17.100000381469727,16.520000457763672,16.860000610351562,845700,16.860000610351562,0.0
SMTC,2005-08-19,16.829999923706055,17.049999237060547,16.799999237060547,16.889999389648438,2061600,16.889999389648438,0.0
SMTC,2005-08-22,17.59000015258789,17.700000762939453,17.469999313354492,17.6200008392334,1261600,17.6200008392334,0.0
SMTC,2005-08-23,17.6299991607666,17.649999618530273,17.190000534057617,17.239999771118164,1138800,17.239999771118164,0.0
SMTC,2005-08-24,16.780000686645508,16.950000762939453,16.549999237060547,16.649999618530273,1939000,16.649999618530273,0.0
SMTC,2005-08-25,16.719999313354492,16.889999389648438,16.6299991607666,16.760000228881836,627000,16.760000228881836,0.0
SMTC,2005-08-26,16.850000381469727,16.860000610351562,16.360000610351562,16.420000076293945,757500,16.420000076293945,0.0
SMTC,2005-08-29,16.360000610351562,17.389999389648438,16.350000381469727,17.270000457763672,1649100,17.270000457763672,0.0
SMTC,2005-08-30,17.290000915527344,17.290000915527344,16.479999542236328,17.0,1834700,17.0,0.0
SMTC,2005-08-31,16.530000686645508,16.899999618530273,16.18000030517578,16.350000381469727,2774900,16.350000381469727,0.0
SMTC,2005-09-01,16.34000015258789,16.510000228881836,16.100000381469727,16.34000015258789,1247200,16.34000015258789,0.0
SMTC,2005-09-02,16.350000381469727,16.559999465942383,16.299999237060547,16.5,990700,16.5,0.0
SMTC,2005-09-06,16.399999618530273,16.540000915527344,16.280000686645508,16.5,954400,16.5,0.0
SMTC,2005-09-07,16.450000762939453,16.520000457763672,16.139999389648438,16.399999618530273,533600,16.399999618530273,0.0
SMTC,2005-09-08,16.360000610351562,16.459999084472656,16.229999542236328,16.459999084472656,750200,16.459999084472656,0.0
SMTC,2005-09-09,16.3700008392334,16.510000228881836,16.280000686645508,16.350000381469727,1130300,16.350000381469727,0.0
SMTC,2005-09-12,16.270000457763672,16.350000381469727,16.059999465942383,16.200000762939453,1056700,16.200000762939453,0.0
SMTC,2005-09-13,16.1299991607666,16.299999237060547,15.779999732971191,16.059999465942383,861300,16.059999465942383,0.0
SMTC,2005-09-14,16.040000915527344,16.100000381469727,15.779999732971191,15.850000381469727,742500,15.850000381469727,0.0
SMTC,2005-09-15,15.949999809265137,15.949999809265137,15.579999923706055,15.710000038146973,526800,15.710000038146973,0.0
SMTC,2005-09-16,15.770000457763672,15.789999961853027,15.300000190734863,15.460000038146973,1234800,15.460000038146973,0.0
SMTC,2005-09-19,15.399999618530273,15.489999771118164,15.199999809265137,15.319999694824219,365900,15.319999694824219,0.0
SMTC,2005-09-20,15.779999732971191,16.0,15.550000190734863,15.710000038146973,1954900,15.710000038146973,0.0
SMTC,2005-09-21,15.680000305175781,15.75,15.399999618530273,15.430000305175781,889500,15.430000305175781,0.0
SMTC,2005-09-22,15.390000343322754,15.739999771118164,15.270000457763672,15.59000015258789,1908300,15.59000015258789,0.0
SMTC,2005-09-23,15.710000038146973,16.09000015258789,15.710000038146973,16.059999465942383,3126900,16.059999465942383,0.0
SMTC,2005-09-26,16.219999313354492,16.31999969482422,15.770000457763672,15.829999923706055,1029700,15.829999923706055,0.0
SMTC,2005-09-27,15.760000228881836,15.859999656677246,15.4399995803833,15.550000190734863,974000,15.550000190734863,0.0
SMTC,2005-09-28,15.5600004196167,16.049999237060547,15.4399995803833,15.539999961853027,1732800,15.539999961853027,0.0
SMTC,2005-09-29,15.550000190734863,16.270000457763672,15.510000228881836,16.06999969482422,2738500,16.06999969482422,0.0
SMTC,2005-09-30,15.90999984741211,16.559999465942383,15.90999984741211,16.469999313354492,1287000,16.469999313354492,0.0
SMTC,2005-10-03,16.559999465942383,16.799999237060547,16.450000762939453,16.59000015258789,1312600,16.59000015258789,0.0
SMTC,2005-10-04,16.510000228881836,16.950000762939453,16.3700008392334,16.40999984741211,1060400,16.40999984741211,0.0
SMTC,2005-10-05,16.3700008392334,16.450000762939453,15.9399995803833,16.0,997700,16.0,0.0
SMTC,2005-10-06,16.030000686645508,16.1200008392334,15.470000267028809,15.670000076293945,951900,15.670000076293945,0.0
SMTC,2005-10-07,15.8100004196167,15.899999618530273,15.470000267028809,15.649999618530273,779500,15.649999618530273,0.0
SMTC,2005-10-10,15.890000343322754,16.18000030517578,15.399999618530273,15.550000190734863,2574900,15.550000190734863,0.0
SMTC,2005-10-11,15.510000228881836,15.75,15.140000343322754,15.149999618530273,1433900,15.149999618530273,0.0
SMTC,2005-10-12,15.109999656677246,15.229999542236328,14.829999923706055,15.119999885559082,1548400,15.119999885559082,0.0
SMTC,2005-10-13,15.119999885559082,15.329999923706055,14.930000305175781,15.279999732971191,1171400,15.279999732971191,0.0
SMTC,2005-10-14,15.25,15.539999961853027,15.0600004196167,15.239999771118164,1230900,15.239999771118164,0.0
SMTC,2005-10-17,15.25,15.369999885559082,14.90999984741211,15.140000343322754,650900,15.140000343322754,0.0
SMTC,2005-10-18,15.199999809265137,15.199999809265137,14.850000381469727,14.90999984741211,879100,14.90999984741211,0.0
SMTC,2005-10-19,14.699999809265137,14.970000267028809,14.399999618530273,14.970000267028809,1240000,14.970000267028809,0.0
SMTC,2005-10-20,14.970000267028809,15.510000228881836,14.899999618530273,15.029999732971191,764400,15.029999732971191,0.0
SMTC,2005-10-21,15.029999732971191,15.3100004196167,15.0,15.029999732971191,888300,15.029999732971191,0.0
SMTC,2005-10-24,15.079999923706055,15.300000190734863,15.0,15.289999961853027,652600,15.289999961853027,0.0
SMTC,2005-10-25,15.170000076293945,15.199999809265137,14.65999984741211,14.84000015258789,842100,14.84000015258789,0.0
SMTC,2005-10-26,14.800000190734863,15.09000015258789,14.65999984741211,14.850000381469727,826100,14.850000381469727,0.0
SMTC,2005-10-27,14.800000190734863,14.84000015258789,14.430000305175781,14.569999694824219,631900,14.569999694824219,0.0
SMTC,2005-10-28,14.59000015258789,14.75,13.890000343322754,14.6899995803833,1644000,14.6899995803833,0.0
SMTC,2005-10-31,14.779999732971191,15.239999771118164,14.75,15.079999923706055,985500,15.079999923706055,0.0
SMTC,2005-11-01,14.930000305175781,15.119999885559082,14.420000076293945,14.930000305175781,1541700,14.930000305175781,0.0
SMTC,2005-11-02,14.880000114440918,15.59000015258789,14.880000114440918,15.5,1047900,15.5,0.0
SMTC,2005-11-03,15.630000114440918,16.239999771118164,15.630000114440918,16.209999084472656,2080000,16.209999084472656,0.0
SMTC,2005-11-04,16.200000762939453,16.3799991607666,16.06999969482422,16.290000915527344,1019300,16.290000915527344,0.0
SMTC,2005-11-07,16.3799991607666,16.530000686645508,16.170000076293945,16.3700008392334,845300,16.3700008392334,0.0
SMTC,2005-11-08,16.25,16.31999969482422,16.049999237060547,16.139999389648438,677100,16.139999389648438,0.0
SMTC,2005-11-09,16.15999984741211,16.489999771118164,16.0,16.290000915527344,785700,16.290000915527344,0.0
SMTC,2005-11-10,16.389999389648438,16.489999771118164,16.059999465942383,16.399999618530273,608100,16.399999618530273,0.0
SMTC,2005-11-11,16.350000381469727,16.600000381469727,16.030000686645508,16.280000686645508,1004700,16.280000686645508,0.0
SMTC,2005-11-14,16.350000381469727,16.459999084472656,16.18000030517578,16.3799991607666,454400,16.3799991607666,0.0
SMTC,2005-11-15,16.3799991607666,16.549999237060547,16.170000076293945,16.290000915527344,615200,16.290000915527344,0.0
SMTC,2005-11-16,16.290000915527344,16.3700008392334,15.899999618530273,16.020000457763672,427200,16.020000457763672,0.0
SMTC,2005-11-17,16.149999618530273,16.5,16.100000381469727,16.479999542236328,572700,16.479999542236328,0.0
SMTC,2005-11-18,16.56999969482422,16.899999618530273,16.530000686645508,16.889999389648438,531000,16.889999389648438,0.0
SMTC,2005-11-21,16.899999618530273,17.030000686645508,16.649999618530273,16.920000076293945,527400,16.920000076293945,0.0
SMTC,2005-11-22,16.780000686645508,17.260000228881836,16.719999313354492,17.079999923706055,668500,17.079999923706055,0.0
SMTC,2005-11-23,17.18000030517578,17.6200008392334,16.950000762939453,17.290000915527344,486700,17.290000915527344,0.0
SMTC,2005-11-25,17.229999542236328,17.350000381469727,16.969999313354492,17.299999237060547,225100,17.299999237060547,0.0
SMTC,2005-11-28,17.31999969482422,17.329999923706055,16.8700008392334,16.940000534057617,889500,16.940000534057617,0.0
SMTC,2005-11-29,17.110000610351562,17.110000610351562,16.559999465942383,16.700000762939453,1154100,16.700000762939453,0.0
SMTC,2005-11-30,17.559999465942383,20.170000076293945,17.520000457763672,19.90999984741211,7785000,19.90999984741211,0.0
SMTC,2005-12-01,20.010000228881836,21.059999465942383,19.889999389648438,21.0,2729000,21.0,0.0
SMTC,2005-12-02,20.81999969482422,20.950000762939453,20.399999618530273,20.8700008392334,2085700,20.8700008392334,0.0
SMTC,2005-12-05,20.760000228881836,20.899999618530273,19.989999771118164,20.34000015258789,1387000,20.34000015258789,0.0
SMTC,2005-12-06,20.399999618530273,20.790000915527344,20.25,20.270000457763672,957800,20.270000457763672,0.0
SMTC,2005-12-07,20.3700008392334,20.440000534057617,19.739999771118164,19.899999618530273,1265300,19.899999618530273,0.0
SMTC,2005-12-08,19.899999618530273,20.020000457763672,19.209999084472656,19.43000030517578,1338000,19.43000030517578,0.0
SMTC,2005-12-09,19.600000381469727,19.940000534057617,19.309999465942383,19.93000030517578,812800,19.93000030517578,0.0
SMTC,2005-12-12,19.8799991607666,20.0,19.780000686645508,19.850000381469727,711600,19.850000381469727,0.0
SMTC,2005-12-13,19.549999237060547,20.059999465942383,19.549999237060547,19.829999923706055,773400,19.829999923706055,0.0
SMTC,2005-12-14,19.809999465942383,19.959999084472656,19.290000915527344,19.329999923706055,890600,19.329999923706055,0.0
SMTC,2005-12-15,19.450000762939453,19.450000762939453,18.979999542236328,19.010000228881836,917300,19.010000228881836,0.0
SMTC,2005-12-16,19.110000610351562,19.280000686645508,18.829999923706055,18.84000015258789,1470800,18.84000015258789,0.0
SMTC,2005-12-19,18.979999542236328,19.0,18.389999389648438,18.450000762939453,731600,18.450000762939453,0.0
SMTC,2005-12-20,18.489999771118164,19.0,18.420000076293945,18.690000534057617,1451800,18.690000534057617,0.0
SMTC,2005-12-21,18.600000381469727,19.010000228881836,18.56999969482422,18.610000610351562,757000,18.610000610351562,0.0
SMTC,2005-12-22,18.68000030517578,19.0,18.469999313354492,18.920000076293945,719500,18.920000076293945,0.0
SMTC,2005-12-23,18.809999465942383,19.149999618530273,18.709999084472656,18.93000030517578,715200,18.93000030517578,0.0
SMTC,2005-12-27,18.81999969482422,19.049999237060547,18.5,18.5,439400,18.5,0.0
SMTC,2005-12-28,18.450000762939453,18.600000381469727,18.25,18.520000457763672,427300,18.520000457763672,0.0
SMTC,2005-12-29,18.5,18.65999984741211,18.420000076293945,18.450000762939453,629500,18.450000762939453,0.0
SMTC,2005-12-30,18.31999969482422,18.440000534057617,17.93000030517578,18.260000228881836,558400,18.260000228881836,0.0
SMTC,2006-01-03,18.40999984741211,18.790000915527344,18.030000686645508,18.739999771118164,905600,18.739999771118164,0.0
SMTC,2006-01-04,18.600000381469727,19.030000686645508,18.579999923706055,18.889999389648438,840000,18.889999389648438,0.0
SMTC,2006-01-05,18.889999389648438,19.149999618530273,18.8799991607666,19.049999237060547,649100,19.049999237060547,0.0
SMTC,2006-01-06,19.100000381469727,19.3700008392334,18.700000762939453,19.170000076293945,541100,19.170000076293945,0.0
SMTC,2006-01-09,19.100000381469727,19.31999969482422,18.860000610351562,19.079999923706055,864300,19.079999923706055,0.0
SMTC,2006-01-10,18.899999618530273,19.149999618530273,18.790000915527344,19.06999969482422,638400,19.06999969482422,0.0
SMTC,2006-01-11,19.06999969482422,19.1299991607666,18.65999984741211,18.90999984741211,881700,18.90999984741211,0.0
SMTC,2006-01-12,18.799999237060547,18.899999618530273,18.469999313354492,18.579999923706055,518600,18.579999923706055,0.0
SMTC,2006-01-13,18.5,18.6200008392334,18.239999771118164,18.510000228881836,509200,18.510000228881836,0.0
SMTC,2006-01-17,18.34000015258789,18.479999542236328,17.899999618530273,18.1200008392334,568500,18.1200008392334,0.0
SMTC,2006-01-18,17.760000228881836,17.93000030517578,17.520000457763672,17.850000381469727,733400,17.850000381469727,0.0
SMTC,2006-01-19,17.940000534057617,18.6299991607666,17.940000534057617,18.459999084472656,818800,18.459999084472656,0.0
SMTC,2006-01-20,18.489999771118164,18.489999771118164,17.420000076293945,17.799999237060547,1028400,17.799999237060547,0.0
SMTC,2006-01-23,17.920000076293945,17.989999771118164,17.649999618530273,17.90999984741211,592300,17.90999984741211,0.0
SMTC,2006-01-24,17.8700008392334,18.25,17.690000534057617,17.860000610351562,868300,17.860000610351562,0.0
SMTC,2006-01-25,17.989999771118164,17.989999771118164,17.639999389648438,17.8700008392334,749100,17.8700008392334,0.0
SMTC,2006-01-26,18.079999923706055,19.110000610351562,18.079999923706055,19.100000381469727,1529000,19.100000381469727,0.0
SMTC,2006-01-27,19.190000534057617,19.389999389648438,18.850000381469727,19.059999465942383,1053600,19.059999465942383,0.0
SMTC,2006-01-30,19.040000915527344,19.469999313354492,19.010000228881836,19.200000762939453,762300,19.200000762939453,0.0
SMTC,2006-01-31,19.25,19.5,19.100000381469727,19.280000686645508,1434200,19.280000686645508,0.0
SMTC,2006-02-01,19.219999313354492,19.850000381469727,19.1299991607666,19.760000228881836,1091200,19.760000228881836,0.0
SMTC,2006-02-02,19.84000015258789,19.889999389648438,19.399999618530273,19.549999237060547,781100,19.549999237060547,0.0
SMTC,2006-02-03,19.450000762939453,19.90999984741211,19.280000686645508,19.520000457763672,606500,19.520000457763672,0.0
SMTC,2006-02-06,19.530000686645508,19.799999237060547,19.260000228881836,19.540000915527344,587000,19.540000915527344,0.0
SMTC,2006-02-07,19.6299991607666,19.65999984741211,19.059999465942383,19.459999084472656,659300,19.459999084472656,0.0
SMTC,2006-02-08,19.389999389648438,19.950000762939453,19.389999389648438,19.940000534057617,609300,19.940000534057617,0.0
SMTC,2006-02-09,20.0,20.260000228881836,19.639999389648438,19.739999771118164,685400,19.739999771118164,0.0
SMTC,2006-02-10,19.6299991607666,19.649999618530273,18.860000610351562,19.25,1136500,19.25,0.0
SMTC,2006-02-13,19.290000915527344,19.469999313354492,18.950000762939453,19.059999465942383,438900,19.059999465942383,0.0
SMTC,2006-02-14,19.15999984741211,19.399999618530273,18.940000534057617,19.3700008392334,413600,19.3700008392334,0.0
SMTC,2006-02-15,19.479999542236328,19.600000381469727,19.0,19.520000457763672,458800,19.520000457763672,0.0
SMTC,2006-02-16,19.639999389648438,19.799999237060547,19.450000762939453,19.700000762939453,423700,19.700000762939453,0.0
SMTC,2006-02-17,19.6200008392334,19.770000457763672,19.139999389648438,19.350000381469727,357000,19.350000381469727,0.0
SMTC,2006-02-21,19.489999771118164,19.559999465942383,18.540000915527344,18.90999984741211,1157900,18.90999984741211,0.0
SMTC,2006-02-22,18.989999771118164,19.010000228881836,18.219999313354492,18.559999465942383,1747000,18.559999465942383,0.0
SMTC,2006-02-23,18.40999984741211,18.780000686645508,18.329999923706055,18.479999542236328,955400,18.479999542236328,0.0
SMTC,2006-02-24,18.440000534057617,18.510000228881836,18.200000762939453,18.469999313354492,789200,18.469999313354492,0.0
SMTC,2006-02-27,18.420000076293945,19.0,18.3799991607666,18.90999984741211,1114400,18.90999984741211,0.0
SMTC,2006-02-28,18.760000228881836,18.989999771118164,18.459999084472656,18.780000686645508,1131500,18.780000686645508,0.0
SMTC,2006-03-01,18.899999618530273,19.989999771118164,18.780000686645508,19.489999771118164,1307300,19.489999771118164,0.0
SMTC,2006-03-02,19.399999618530273,19.510000228881836,18.959999084472656,19.360000610351562,934400,19.360000610351562,0.0
SMTC,2006-03-03,19.219999313354492,19.75,19.09000015258789,19.420000076293945,833200,19.420000076293945,0.0
SMTC,2006-03-06,19.6200008392334,19.690000534057617,18.809999465942383,19.520000457763672,1829700,19.520000457763672,0.0
SMTC,2006-03-07,19.3799991607666,19.549999237060547,18.030000686645508,18.3700008392334,2689100,18.3700008392334,0.0
SMTC,2006-03-08,18.25,18.81999969482422,18.170000076293945,18.559999465942383,1179800,18.559999465942383,0.0
SMTC,2006-03-09,18.610000610351562,19.049999237060547,18.510000228881836,18.600000381469727,1041800,18.600000381469727,0.0
SMTC,2006-03-10,18.549999237060547,18.940000534057617,18.459999084472656,18.600000381469727,690200,18.600000381469727,0.0
SMTC,2006-03-13,18.75,18.899999618530273,18.3700008392334,18.440000534057617,1387600,18.440000534057617,0.0
SMTC,2006-03-14,18.3700008392334,18.600000381469727,18.329999923706055,18.440000534057617,1181700,18.440000534057617,0.0
SMTC,2006-03-15,18.56999969482422,18.770000457763672,18.420000076293945,18.600000381469727,972400,18.600000381469727,0.0
SMTC,2006-03-16,18.780000686645508,18.780000686645508,17.959999084472656,18.010000228881836,1172400,18.010000228881836,0.0
SMTC,2006-03-17,18.010000228881836,18.219999313354492,17.670000076293945,18.010000228881836,1614900,18.010000228881836,0.0
SMTC,2006-03-20,18.010000228881836,18.299999237060547,17.920000076293945,18.100000381469727,511700,18.100000381469727,0.0
SMTC,2006-03-21,18.010000228881836,18.600000381469727,17.989999771118164,18.010000228881836,640700,18.010000228881836,0.0
SMTC,2006-03-22,18.049999237060547,18.299999237060547,17.899999618530273,18.260000228881836,919800,18.260000228881836,0.0
SMTC,2006-03-23,18.280000686645508,18.450000762939453,18.100000381469727,18.309999465942383,390600,18.309999465942383,0.0
SMTC,2006-03-24,18.239999771118164,18.399999618530273,17.940000534057617,18.110000610351562,764600,18.110000610351562,0.0
SMTC,2006-03-27,18.149999618530273,18.229999542236328,18.049999237060547,18.149999618530273,485700,18.149999618530273,0.0
SMTC,2006-03-28,18.149999618530273,18.200000762939453,17.600000381469727,17.670000076293945,562200,17.670000076293945,0.0
SMTC,2006-03-29,17.760000228881836,17.979999542236328,17.690000534057617,17.969999313354492,712000,17.969999313354492,0.0
SMTC,2006-03-30,17.950000762939453,18.040000915527344,17.690000534057617,17.940000534057617,761700,17.940000534057617,0.0
SMTC,2006-03-31,17.979999542236328,18.1200008392334,17.760000228881836,17.889999389648438,428900,17.889999389648438,0.0
SMTC,2006-04-03,17.860000610351562,18.139999389648438,17.770000457763672,18.010000228881836,638500,18.010000228881836,0.0
SMTC,2006-04-04,18.010000228881836,18.1299991607666,17.8700008392334,18.020000457763672,746800,18.020000457763672,0.0
SMTC,2006-04-05,18.079999923706055,18.1299991607666,17.829999923706055,18.09000015258789,623800,18.09000015258789,0.0
SMTC,2006-04-06,18.110000610351562,18.309999465942383,17.989999771118164,18.260000228881836,480400,18.260000228881836,0.0
SMTC,2006-04-07,18.31999969482422,18.3799991607666,18.0,18.059999465942383,1118100,18.059999465942383,0.0
SMTC,2006-04-10,18.0,18.200000762939453,17.700000762939453,17.760000228881836,788200,17.760000228881836,0.0
SMTC,2006-04-11,17.850000381469727,18.079999923706055,17.25,17.350000381469727,928200,17.350000381469727,0.0
SMTC,2006-04-12,17.450000762939453,17.670000076293945,17.290000915527344,17.6200008392334,482600,17.6200008392334,0.0
SMTC,2006-04-13,17.549999237060547,17.979999542236328,17.510000228881836,17.799999237060547,1118000,17.799999237060547,0.0
SMTC,2006-04-17,17.850000381469727,17.899999618530273,17.170000076293945,17.40999984741211,603000,17.40999984741211,0.0
SMTC,2006-04-18,18.299999237060547,18.530000686645508,17.760000228881836,18.450000762939453,1574800,18.450000762939453,0.0
SMTC,2006-04-19,18.479999542236328,18.829999923706055,18.450000762939453,18.780000686645508,865400,18.780000686645508,0.0
SMTC,2006-04-20,18.760000228881836,19.200000762939453,18.6299991607666,18.90999984741211,658200,18.90999984741211,0.0
SMTC,2006-04-21,19.040000915527344,19.040000915527344,18.170000076293945,18.350000381469727,425300,18.350000381469727,0.0
SMTC,2006-04-24,18.350000381469727,18.43000030517578,18.200000762939453,18.309999465942383,386000,18.309999465942383,0.0
SMTC,2006-04-25,18.399999618530273,18.649999618530273,18.299999237060547,18.610000610351562,557800,18.610000610351562,0.0
SMTC,2006-04-26,18.65999984741211,18.65999984741211,18.229999542236328,18.280000686645508,926900,18.280000686645508,0.0
SMTC,2006-04-27,18.1299991607666,18.610000610351562,18.020000457763672,18.43000030517578,763300,18.43000030517578,0.0
SMTC,2006-04-28,18.510000228881836,18.899999618530273,18.239999771118164,18.75,786800,18.75,0.0
SMTC,2006-05-01,18.799999237060547,18.799999237060547,18.209999084472656,18.280000686645508,630300,18.280000686645508,0.0
SMTC,2006-05-02,18.280000686645508,18.649999618530273,18.239999771118164,18.579999923706055,398700,18.579999923706055,0.0
SMTC,2006-05-03,18.600000381469727,18.610000610351562,18.25,18.510000228881836,278500,18.510000228881836,0.0
SMTC,2006-05-04,18.440000534057617,18.719999313354492,18.209999084472656,18.270000457763672,447900,18.270000457763672,0.0
SMTC,2006-05-05,17.81999969482422,18.149999618530273,17.469999313354492,17.850000381469727,1176300,17.850000381469727,0.0
SMTC,2006-05-08,17.790000915527344,18.030000686645508,17.649999618530273,17.989999771118164,466300,17.989999771118164,0.0
SMTC,2006-05-09,17.899999618530273,17.979999542236328,17.68000030517578,17.8700008392334,554700,17.8700008392334,0.0
SMTC,2006-05-10,17.8700008392334,17.8700008392334,17.479999542236328,17.59000015258789,687900,17.59000015258789,0.0
SMTC,2006-05-11,17.5,17.59000015258789,17.049999237060547,17.200000762939453,787300,17.200000762939453,0.0
SMTC,2006-05-12,17.1299991607666,17.25,16.690000534057617,16.780000686645508,803500,16.780000686645508,0.0
SMTC,2006-05-15,16.670000076293945,16.799999237060547,16.139999389648438,16.270000457763672,822300,16.270000457763672,0.0
SMTC,2006-05-16,16.350000381469727,16.450000762939453,16.139999389648438,16.3799991607666,721900,16.3799991607666,0.0
SMTC,2006-05-17,16.190000534057617,16.5,16.100000381469727,16.239999771118164,735800,16.239999771118164,0.0
SMTC,2006-05-18,16.3799991607666,16.5,16.06999969482422,16.06999969482422,500300,16.06999969482422,0.0
SMTC,2006-05-19,16.079999923706055,16.25,15.720000267028809,16.049999237060547,1084500,16.049999237060547,0.0
SMTC,2006-05-22,15.850000381469727,16.030000686645508,15.199999809265137,15.359999656677246,1229100,15.359999656677246,0.0
SMTC,2006-05-23,15.0,15.850000381469727,14.920000076293945,15.270000457763672,1355500,15.270000457763672,0.0
SMTC,2006-05-24,15.079999923706055,15.489999771118164,14.84000015258789,15.279999732971191,1406700,15.279999732971191,0.0
SMTC,2006-05-25,15.5,15.680000305175781,15.1899995803833,15.609999656677246,704100,15.609999656677246,0.0
SMTC,2006-05-26,15.729999542236328,15.739999771118164,15.510000228881836,15.630000114440918,499000,15.630000114440918,0.0
SMTC,2006-05-30,15.699999809265137,15.930000305175781,15.369999885559082,15.699999809265137,1275200,15.699999809265137,0.0
SMTC,2006-05-31,16.489999771118164,17.149999618530273,16.020000457763672,16.739999771118164,3348400,16.739999771118164,0.0
SMTC,2006-06-01,16.700000762939453,17.25,16.559999465942383,17.219999313354492,1736000,17.219999313354492,0.0
SMTC,2006-06-02,17.260000228881836,17.299999237060547,16.719999313354492,17.079999923706055,1021100,17.079999923706055,0.0
SMTC,2006-06-05,17.079999923706055,17.1200008392334,16.299999237060547,16.350000381469727,1366600,16.350000381469727,0.0
SMTC,2006-06-06,16.350000381469727,16.530000686645508,15.9399995803833,16.15999984741211,1427800,16.15999984741211,0.0
SMTC,2006-06-07,16.25,16.5,15.890000343322754,15.989999771118164,811100,15.989999771118164,0.0
SMTC,2006-06-08,15.84000015258789,16.049999237060547,15.359999656677246,15.670000076293945,1267500,15.670000076293945,0.0
SMTC,2006-06-09,15.819999694824219,16.1299991607666,15.600000381469727,15.609999656677246,809500,15.609999656677246,0.0
SMTC,2006-06-12,15.600000381469727,15.770000457763672,15.0600004196167,15.119999885559082,935600,15.119999885559082,0.0
SMTC,2006-06-13,15.050000190734863,15.4399995803833,14.869999885559082,14.899999618530273,912100,14.899999618530273,0.0
SMTC,2006-06-14,15.050000190734863,15.279999732971191,14.6899995803833,14.890000343322754,851800,14.890000343322754,0.0
SMTC,2006-06-15,13.960000038146973,14.8100004196167,13.960000038146973,14.600000381469727,2354500,14.600000381469727,0.0
SMTC,2006-06-16,14.600000381469727,14.609999656677246,14.220000267028809,14.399999618530273,2101300,14.399999618530273,0.0
SMTC,2006-06-19,14.390000343322754,14.470000267028809,14.220000267028809,14.260000228881836,884500,14.260000228881836,0.0
SMTC,2006-06-20,14.220000267028809,14.350000381469727,13.970000267028809,14.010000228881836,701300,14.010000228881836,0.0
SMTC,2006-06-21,13.989999771118164,14.149999618530273,13.90999984741211,14.0,1016900,14.0,0.0
SMTC,2006-06-22,13.970000267028809,14.029999732971191,13.680000305175781,13.8100004196167,583500,13.8100004196167,0.0
SMTC,2006-06-23,13.75,14.0,13.579999923706055,13.880000114440918,936700,13.880000114440918,0.0
SMTC,2006-06-26,13.949999809265137,14.0600004196167,13.819999694824219,14.029999732971191,1065000,14.029999732971191,0.0
SMTC,2006-06-27,14.039999961853027,14.140000343322754,13.899999618530273,13.970000267028809,931400,13.970000267028809,0.0
SMTC,2006-06-28,14.0,14.020000457763672,13.600000381469727,13.869999885559082,469600,13.869999885559082,0.0
SMTC,2006-06-29,13.989999771118164,14.529999732971191,13.949999809265137,14.510000228881836,732600,14.510000228881836,0.0
SMTC,2006-06-30,14.5600004196167,14.65999984741211,14.199999809265137,14.449999809265137,753700,14.449999809265137,0.0
SMTC,2006-07-03,14.350000381469727,14.489999771118164,14.350000381469727,14.449999809265137,203900,14.449999809265137,0.0
SMTC,2006-07-05,14.329999923706055,14.430000305175781,13.8100004196167,13.850000381469727,536400,13.850000381469727,0.0
SMTC,2006-07-06,13.899999618530273,14.149999618530273,13.760000228881836,13.970000267028809,407400,13.970000267028809,0.0
SMTC,2006-07-07,13.890000343322754,13.899999618530273,13.5600004196167,13.630000114440918,539200,13.630000114440918,0.0
SMTC,2006-07-10,13.680000305175781,13.800000190734863,13.1899995803833,13.260000228881836,335100,13.260000228881836,0.0
SMTC,2006-07-11,13.210000038146973,13.630000114440918,13.0600004196167,13.619999885559082,420700,13.619999885559082,0.0
SMTC,2006-07-12,13.569999694824219,13.710000038146973,12.789999961853027,12.899999618530273,575500,12.899999618530273,0.0
SMTC,2006-07-13,12.84000015258789,13.199999809265137,12.579999923706055,12.739999771118164,545800,12.739999771118164,0.0
SMTC,2006-07-14,12.699999809265137,12.859999656677246,12.5,12.619999885559082,333600,12.619999885559082,0.0
SMTC,2006-07-17,12.600000381469727,12.819999694824219,12.529999732971191,12.609999656677246,417800,12.609999656677246,0.0
SMTC,2006-07-18,12.710000038146973,12.869999885559082,12.350000381469727,12.739999771118164,627400,12.739999771118164,0.0
SMTC,2006-07-19,12.699999809265137,13.25,12.65999984741211,13.1899995803833,562200,13.1899995803833,0.0
SMTC,2006-07-20,13.239999771118164,13.25,12.34000015258789,12.369999885559082,585300,12.369999885559082,0.0
SMTC,2006-07-21,12.329999923706055,12.399999618530273,11.510000228881836,11.600000381469727,715500,11.600000381469727,0.0
SMTC,2006-07-24,11.729999542236328,12.260000228881836,11.720000267028809,12.180000305175781,670700,12.180000305175781,0.0
SMTC,2006-07-25,12.140000343322754,12.470000267028809,11.920000076293945,12.130000114440918,478600,12.130000114440918,0.0
SMTC,2006-07-26,12.079999923706055,12.359999656677246,11.789999961853027,12.180000305175781,674900,12.180000305175781,0.0
SMTC,2006-07-27,12.239999771118164,12.59000015258789,11.989999771118164,12.09000015258789,585500,12.09000015258789,0.0
SMTC,2006-07-28,12.25,12.550000190734863,12.180000305175781,12.319999694824219,787000,12.319999694824219,0.0
SMTC,2006-07-31,12.270000457763672,13.0,12.229999542236328,12.899999618530273,1191500,12.899999618530273,0.0
SMTC,2006-08-01,12.779999732971191,12.869999885559082,12.529999732971191,12.600000381469727,780500,12.600000381469727,0.0
SMTC,2006-08-02,12.6899995803833,12.789999961853027,12.359999656677246,12.5,553600,12.5,0.0
SMTC,2006-08-03,12.369999885559082,12.510000228881836,12.289999961853027,12.380000114440918,819600,12.380000114440918,0.0
SMTC,2006-08-04,12.520000457763672,12.779999732971191,12.1899995803833,12.359999656677246,790400,12.359999656677246,0.0
SMTC,2006-08-07,12.289999961853027,12.380000114440918,11.949999809265137,12.029999732971191,471200,12.029999732971191,0.0
SMTC,2006-08-08,12.100000381469727,12.15999984741211,11.800000190734863,11.850000381469727,721100,11.850000381469727,0.0
SMTC,2006-08-09,11.9399995803833,11.979999542236328,11.34000015258789,11.4399995803833,964800,11.4399995803833,0.0
SMTC,2006-08-10,11.380000114440918,11.75,11.300000190734863,11.5600004196167,662800,11.5600004196167,0.0
SMTC,2006-08-11,11.5,11.550000190734863,11.0,11.09000015258789,567200,11.09000015258789,0.0
SMTC,2006-08-14,11.25,11.520000457763672,11.149999618530273,11.210000038146973,1137500,11.210000038146973,0.0
SMTC,2006-08-15,11.470000267028809,11.779999732971191,11.34000015258789,11.75,1002500,11.75,0.0
SMTC,2006-08-16,11.819999694824219,12.289999961853027,11.619999885559082,12.239999771118164,1410500,12.239999771118164,0.0
SMTC,2006-08-17,12.260000228881836,12.710000038146973,12.15999984741211,12.399999618530273,1726800,12.399999618530273,0.0
SMTC,2006-08-18,12.430000305175781,12.59000015258789,12.149999618530273,12.529999732971191,951000,12.529999732971191,0.0
SMTC,2006-08-21,12.449999809265137,12.449999809265137,12.079999923706055,12.1899995803833,832300,12.1899995803833,0.0
SMTC,2006-08-22,12.15999984741211,12.359999656677246,12.039999961853027,12.100000381469727,608500,12.100000381469727,0.0
SMTC,2006-08-23,12.199999809265137,12.390000343322754,11.979999542236328,12.1899995803833,567300,12.1899995803833,0.0
SMTC,2006-08-24,12.350000381469727,12.479999542236328,12.119999885559082,12.390000343322754,734000,12.390000343322754,0.0
SMTC,2006-08-25,12.449999809265137,12.640000343322754,12.34000015258789,12.470000267028809,502400,12.470000267028809,0.0
SMTC,2006-08-28,12.489999771118164,12.739999771118164,12.300000190734863,12.739999771118164,1037500,12.739999771118164,0.0
SMTC,2006-08-29,12.630000114440918,12.789999961853027,12.529999732971191,12.670000076293945,1578500,12.670000076293945,0.0
SMTC,2006-08-30,12.59000015258789,13.600000381469727,12.539999961853027,13.569999694824219,3179900,13.569999694824219,0.0
SMTC,2006-08-31,13.449999809265137,13.5,13.069999694824219,13.069999694824219,1153800,13.069999694824219,0.0
SMTC,2006-09-01,13.170000076293945,13.199999809265137,12.619999885559082,12.649999618530273,1139000,12.649999618530273,0.0
SMTC,2006-09-05,12.630000114440918,12.90999984741211,12.550000190734863,12.859999656677246,565000,12.859999656677246,0.0
SMTC,2006-09-06,12.729999542236328,12.850000381469727,12.65999984741211,12.680000305175781,913500,12.680000305175781,0.0
SMTC,2006-09-07,12.579999923706055,12.739999771118164,12.390000343322754,12.40999984741211,583800,12.40999984741211,0.0
SMTC,2006-09-08,12.479999542236328,12.479999542236328,12.270000457763672,12.329999923706055,480900,12.329999923706055,0.0
SMTC,2006-09-11,12.25,12.829999923706055,12.220000267028809,12.710000038146973,800900,12.710000038146973,0.0
SMTC,2006-09-12,12.739999771118164,13.420000076293945,12.739999771118164,13.329999923706055,1032300,13.329999923706055,0.0
SMTC,2006-09-13,13.34000015258789,13.380000114440918,13.119999885559082,13.3100004196167,956100,13.3100004196167,0.0
SMTC,2006-09-14,13.220000267028809,13.470000267028809,13.130000114440918,13.430000305175781,908500,13.430000305175781,0.0
SMTC,2006-09-15,13.529999732971191,13.680000305175781,13.239999771118164,13.319999694824219,967600,13.319999694824219,0.0
SMTC,2006-09-18,13.270000457763672,13.699999809265137,13.220000267028809,13.5600004196167,641700,13.5600004196167,0.0
SMTC,2006-09-19,13.600000381469727,13.600000381469727,13.199999809265137,13.420000076293945,853100,13.420000076293945,0.0
SMTC,2006-09-20,13.569999694824219,13.59000015258789,13.300000190734863,13.4399995803833,432700,13.4399995803833,0.0
SMTC,2006-09-21,13.529999732971191,13.579999923706055,13.0,13.0600004196167,536800,13.0600004196167,0.0
SMTC,2006-09-22,13.0,13.0600004196167,12.609999656677246,12.710000038146973,878900,12.710000038146973,0.0
SMTC,2006-09-25,12.680000305175781,13.109999656677246,12.569999694824219,13.069999694824219,942400,13.069999694824219,0.0
SMTC,2006-09-26,13.020000457763672,13.0600004196167,12.640000343322754,12.899999618530273,773000,12.899999618530273,0.0
SMTC,2006-09-27,12.819999694824219,13.109999656677246,12.699999809265137,12.779999732971191,500500,12.779999732971191,0.0
SMTC,2006-09-28,12.859999656677246,12.930000305175781,12.680000305175781,12.800000190734863,403000,12.800000190734863,0.0
SMTC,2006-09-29,12.760000228881836,12.930000305175781,12.680000305175781,12.760000228881836,645500,12.760000228881836,0.0
SMTC,2006-10-02,12.699999809265137,12.84000015258789,12.489999771118164,12.489999771118164,593200,12.489999771118164,0.0
SMTC,2006-10-03,12.420000076293945,12.4399995803833,11.989999771118164,12.100000381469727,1378300,12.100000381469727,0.0
SMTC,2006-10-04,12.010000228881836,12.5600004196167,12.010000228881836,12.5600004196167,969000,12.5600004196167,0.0
SMTC,2006-10-05,12.520000457763672,12.630000114440918,12.350000381469727,12.489999771118164,478600,12.489999771118164,0.0
SMTC,2006-10-06,12.40999984741211,12.670000076293945,12.319999694824219,12.529999732971191,736800,12.529999732971191,0.0
SMTC,2006-10-09,12.489999771118164,12.90999984741211,12.449999809265137,12.819999694824219,982700,12.819999694824219,0.0
SMTC,2006-10-10,12.880000114440918,12.930000305175781,12.75,12.829999923706055,574800,12.829999923706055,0.0
SMTC,2006-10-11,12.770000457763672,13.170000076293945,12.739999771118164,13.109999656677246,558200,13.109999656677246,0.0
SMTC,2006-10-12,13.149999618530273,13.350000381469727,13.039999961853027,13.329999923706055,457700,13.329999923706055,0.0
SMTC,2006-10-13,13.359999656677246,13.630000114440918,13.210000038146973,13.600000381469727,868500,13.600000381469727,0.0
SMTC,2006-10-16,13.630000114440918,13.84000015258789,13.569999694824219,13.779999732971191,427400,13.779999732971191,0.0
SMTC,2006-10-17,13.670000076293945,13.699999809265137,13.229999542236328,13.270000457763672,634400,13.270000457763672,0.0
SMTC,2006-10-18,13.270000457763672,13.34000015258789,12.699999809265137,12.800000190734863,1208400,12.800000190734863,0.0
SMTC,2006-10-19,12.800000190734863,12.989999771118164,12.260000228881836,12.65999984741211,1132100,12.65999984741211,0.0
SMTC,2006-10-20,12.720000267028809,12.75,12.40999984741211,12.449999809265137,956600,12.449999809265137,0.0
SMTC,2006-10-23,12.390000343322754,12.59000015258789,12.34000015258789,12.470000267028809,974400,12.470000267028809,0.0
SMTC,2006-10-24,12.430000305175781,12.65999984741211,12.399999618530273,12.460000038146973,1457200,12.460000038146973,0.0
SMTC,2006-10-25,12.5,13.0,12.399999618530273,12.75,982700,12.75,0.0
SMTC,2006-10-26,12.869999885559082,12.930000305175781,12.5600004196167,12.729999542236328,736500,12.729999542236328,0.0
SMTC,2006-10-27,12.75,12.760000228881836,12.399999618530273,12.5,648200,12.5,0.0
SMTC,2006-10-30,12.420000076293945,12.779999732971191,12.359999656677246,12.720000267028809,805900,12.720000267028809,0.0
SMTC,2006-10-31,12.779999732971191,13.039999961853027,12.729999542236328,13.029999732971191,1971200,13.029999732971191,0.0
SMTC,2006-11-01,13.079999923706055,13.170000076293945,12.8100004196167,12.869999885559082,1043500,12.869999885559082,0.0
SMTC,2006-11-02,12.930000305175781,12.9399995803833,12.65999984741211,12.6899995803833,530800,12.6899995803833,0.0
SMTC,2006-11-03,12.75,12.890000343322754,12.539999961853027,12.710000038146973,457400,12.710000038146973,0.0
SMTC,2006-11-06,12.800000190734863,13.039999961853027,12.649999618530273,12.9399995803833,629300,12.9399995803833,0.0
SMTC,2006-11-07,12.9399995803833,13.34000015258789,12.9399995803833,13.039999961853027,780400,13.039999961853027,0.0
SMTC,2006-11-08,13.0,13.15999984741211,12.850000381469727,12.989999771118164,973300,12.989999771118164,0.0
SMTC,2006-11-09,13.069999694824219,13.15999984741211,12.670000076293945,12.720000267028809,768600,12.720000267028809,0.0
SMTC,2006-11-10,12.729999542236328,13.039999961853027,12.630000114440918,13.020000457763672,523200,13.020000457763672,0.0
SMTC,2006-11-13,12.979999542236328,13.300000190734863,12.9399995803833,13.210000038146973,787300,13.210000038146973,0.0
SMTC,2006-11-14,13.199999809265137,13.520000457763672,12.979999542236328,13.5,709600,13.5,0.0
SMTC,2006-11-15,13.479999542236328,13.770000457763672,13.34000015258789,13.40999984741211,798900,13.40999984741211,0.0
SMTC,2006-11-16,13.529999732971191,13.569999694824219,13.25,13.470000267028809,383000,13.470000267028809,0.0
SMTC,2006-11-17,13.460000038146973,13.460000038146973,13.109999656677246,13.25,372600,13.25,0.0
SMTC,2006-11-20,13.210000038146973,13.350000381469727,13.119999885559082,13.34000015258789,492500,13.34000015258789,0.0
SMTC,2006-11-21,13.25,13.390000343322754,13.010000228881836,13.180000305175781,778100,13.180000305175781,0.0
SMTC,2006-11-22,13.239999771118164,13.300000190734863,13.079999923706055,13.199999809265137,721900,13.199999809265137,0.0
SMTC,2006-11-24,13.050000190734863,13.180000305175781,12.9399995803833,13.119999885559082,153600,13.119999885559082,0.0
SMTC,2006-11-27,13.050000190734863,13.069999694824219,12.510000228881836,12.5600004196167,782600,12.5600004196167,0.0
SMTC,2006-11-28,12.5,12.6899995803833,12.420000076293945,12.640000343322754,675100,12.640000343322754,0.0
SMTC,2006-11-29,12.649999618530273,12.819999694824219,12.479999542236328,12.579999923706055,612800,12.579999923706055,0.0
SMTC,2006-11-30,12.5600004196167,13.15999984741211,12.510000228881836,13.119999885559082,1428600,13.119999885559082,0.0
SMTC,2006-12-01,12.75,13.149999618530273,12.729999542236328,12.989999771118164,4645600,12.989999771118164,0.0
SMTC,2006-12-04,13.069999694824219,13.279999732971191,12.869999885559082,13.069999694824219,1640900,13.069999694824219,0.0
SMTC,2006-12-05,13.09000015258789,13.119999885559082,12.819999694824219,12.989999771118164,923200,12.989999771118164,0.0
SMTC,2006-12-06,12.970000267028809,12.979999542236328,12.770000457763672,12.880000114440918,889400,12.880000114440918,0.0
SMTC,2006-12-07,12.899999618530273,12.970000267028809,12.75,12.899999618530273,807900,12.899999618530273,0.0
SMTC,2006-12-08,12.9399995803833,13.100000381469727,12.699999809265137,12.899999618530273,1175100,12.899999618530273,0.0
SMTC,2006-12-11,12.800000190734863,13.0,12.779999732971191,12.850000381469727,859700,12.850000381469727,0.0
SMTC,2006-12-12,12.8100004196167,12.960000038146973,12.729999542236328,12.850000381469727,1252200,12.850000381469727,0.0
SMTC,2006-12-13,12.949999809265137,13.079999923706055,12.699999809265137,12.779999732971191,1373900,12.779999732971191,0.0
SMTC,2006-12-14,12.829999923706055,13.220000267028809,12.800000190734863,13.029999732971191,899200,13.029999732971191,0.0
SMTC,2006-12-15,13.100000381469727,13.15999984741211,12.970000267028809,13.0600004196167,1155500,13.0600004196167,0.0
SMTC,2006-12-18,13.100000381469727,13.149999618530273,12.75,12.819999694824219,837800,12.819999694824219,0.0
SMTC,2006-12-19,12.760000228881836,12.880000114440918,12.680000305175781,12.779999732971191,858500,12.779999732971191,0.0
SMTC,2006-12-20,12.850000381469727,13.140000343322754,12.739999771118164,12.979999542236328,771500,12.979999542236328,0.0
SMTC,2006-12-21,13.029999732971191,13.079999923706055,12.699999809265137,12.779999732971191,872100,12.779999732971191,0.0
SMTC,2006-12-22,12.829999923706055,12.930000305175781,12.75,12.760000228881836,950900,12.760000228881836,0.0
SMTC,2006-12-26,12.760000228881836,13.039999961853027,12.739999771118164,13.010000228881836,697300,13.010000228881836,0.0
SMTC,2006-12-27,13.069999694824219,13.300000190734863,13.050000190734863,13.270000457763672,649200,13.270000457763672,0.0
SMTC,2006-12-28,13.25,13.350000381469727,13.09000015258789,13.130000114440918,366200,13.130000114440918,0.0
SMTC,2006-12-29,13.170000076293945,13.319999694824219,13.039999961853027,13.069999694824219,415300,13.069999694824219,0.0
SMTC,2007-01-03,13.1899995803833,13.5600004196167,13.050000190734863,13.229999542236328,1001200,13.229999542236328,0.0
SMTC,2007-01-04,13.270000457763672,13.619999885559082,13.079999923706055,13.529999732971191,839000,13.529999732971191,0.0
SMTC,2007-01-05,13.5,13.5,13.199999809265137,13.270000457763672,932000,13.270000457763672,0.0
SMTC,2007-01-08,13.289999961853027,13.430000305175781,13.210000038146973,13.369999885559082,1179900,13.369999885559082,0.0
SMTC,2007-01-09,13.369999885559082,13.40999984741211,13.199999809265137,13.350000381469727,848300,13.350000381469727,0.0
SMTC,2007-01-10,13.25,13.680000305175781,13.25,13.5,2938700,13.5,0.0
SMTC,2007-01-11,13.5,13.5,13.350000381469727,13.449999809265137,1192900,13.449999809265137,0.0
SMTC,2007-01-12,13.40999984741211,13.670000076293945,13.369999885559082,13.649999618530273,528800,13.649999618530273,0.0
SMTC,2007-01-16,13.699999809265137,13.739999771118164,13.399999618530273,13.479999542236328,704600,13.479999542236328,0.0
SMTC,2007-01-17,13.380000114440918,13.539999961853027,13.260000228881836,13.319999694824219,721200,13.319999694824219,0.0
SMTC,2007-01-18,13.220000267028809,13.260000228881836,13.0,13.09000015258789,832900,13.09000015258789,0.0
SMTC,2007-01-19,13.029999732971191,13.270000457763672,12.949999809265137,13.229999542236328,661000,13.229999542236328,0.0
SMTC,2007-01-22,12.920000076293945,13.100000381469727,12.670000076293945,12.819999694824219,1774400,12.819999694824219,0.0
SMTC,2007-01-23,12.770000457763672,12.989999771118164,12.739999771118164,12.75,661000,12.75,0.0
SMTC,2007-01-24,12.789999961853027,13.109999656677246,12.729999542236328,13.09000015258789,477100,13.09000015258789,0.0
SMTC,2007-01-25,13.119999885559082,13.270000457763672,12.979999542236328,13.079999923706055,962500,13.079999923706055,0.0
SMTC,2007-01-26,13.09000015258789,13.369999885559082,13.0,13.239999771118164,617800,13.239999771118164,0.0
SMTC,2007-01-29,13.229999542236328,13.600000381469727,13.119999885559082,13.470000267028809,1198700,13.470000267028809,0.0
SMTC,2007-01-30,13.520000457763672,13.6899995803833,13.380000114440918,13.65999984741211,1406200,13.65999984741211,0.0
SMTC,2007-01-31,13.59000015258789,13.770000457763672,13.449999809265137,13.699999809265137,1378100,13.699999809265137,0.0
SMTC,2007-02-01,13.710000038146973,13.989999771118164,13.630000114440918,13.989999771118164,855500,13.989999771118164,0.0
SMTC,2007-02-02,14.0,14.420000076293945,13.920000076293945,14.279999732971191,1237400,14.279999732971191,0.0
SMTC,2007-02-05,14.239999771118164,14.449999809265137,14.069999694824219,14.180000305175781,939600,14.180000305175781,0.0
SMTC,2007-02-06,14.1899995803833,14.220000267028809,13.930000305175781,14.149999618530273,365400,14.149999618530273,0.0
SMTC,2007-02-07,14.1899995803833,14.539999961853027,14.140000343322754,14.479999542236328,613000,14.479999542236328,0.0
SMTC,2007-02-08,14.399999618530273,14.75,14.369999885559082,14.539999961853027,815400,14.539999961853027,0.0
SMTC,2007-02-09,14.5600004196167,14.84000015258789,14.470000267028809,14.5600004196167,1464900,14.5600004196167,0.0
SMTC,2007-02-12,14.470000267028809,14.630000114440918,14.34000015258789,14.380000114440918,781900,14.380000114440918,0.0
SMTC,2007-02-13,14.380000114440918,14.449999809265137,14.239999771118164,14.399999618530273,637100,14.399999618530273,0.0
SMTC,2007-02-14,14.399999618530273,14.680000305175781,14.359999656677246,14.640000343322754,635500,14.640000343322754,0.0
SMTC,2007-02-15,14.670000076293945,14.680000305175781,14.489999771118164,14.600000381469727,452800,14.600000381469727,0.0
SMTC,2007-02-16,14.59000015258789,14.59000015258789,14.399999618530273,14.5600004196167,528800,14.5600004196167,0.0
SMTC,2007-02-20,14.399999618530273,14.510000228881836,14.260000228881836,14.399999618530273,1206600,14.399999618530273,0.0
SMTC,2007-02-21,14.399999618530273,14.399999618530273,14.279999732971191,14.289999961853027,1236100,14.289999961853027,0.0
SMTC,2007-02-22,14.970000267028809,15.3100004196167,14.619999885559082,15.279999732971191,2830700,15.279999732971191,0.0
SMTC,2007-02-23,15.239999771118164,15.470000267028809,15.170000076293945,15.300000190734863,1370100,15.300000190734863,0.0
SMTC,2007-02-26,15.350000381469727,15.399999618530273,15.069999694824219,15.1899995803833,787500,15.1899995803833,0.0
SMTC,2007-02-27,15.039999961853027,15.039999961853027,14.399999618530273,14.420000076293945,1228300,14.420000076293945,0.0
SMTC,2007-02-28,14.5,14.609999656677246,14.289999961853027,14.329999923706055,1313800,14.329999923706055,0.0
SMTC,2007-03-01,14.199999809265137,14.34000015258789,13.949999809265137,14.220000267028809,1064600,14.220000267028809,0.0
SMTC,2007-03-02,14.109999656677246,14.199999809265137,13.90999984741211,13.90999984741211,967700,13.90999984741211,0.0
SMTC,2007-03-05,13.850000381469727,14.210000038146973,13.75,13.789999961853027,624900,13.789999961853027,0.0
SMTC,2007-03-06,14.010000228881836,14.109999656677246,13.84000015258789,13.960000038146973,795200,13.960000038146973,0.0
SMTC,2007-03-07,13.90999984741211,13.979999542236328,13.75,13.850000381469727,601200,13.850000381469727,0.0
SMTC,2007-03-08,13.979999542236328,14.460000038146973,13.9399995803833,14.039999961853027,1005300,14.039999961853027,0.0
SMTC,2007-03-09,14.609999656677246,14.609999656677246,14.029999732971191,14.300000190734863,2405300,14.300000190734863,0.0
SMTC,2007-03-12,14.1899995803833,14.220000267028809,13.960000038146973,13.979999542236328,1297000,13.979999542236328,0.0
SMTC,2007-03-13,13.880000114440918,13.949999809265137,13.609999656677246,13.65999984741211,1199000,13.65999984741211,0.0
SMTC,2007-03-14,13.609999656677246,13.670000076293945,13.319999694824219,13.600000381469727,1425700,13.600000381469727,0.0
SMTC,2007-03-15,13.600000381469727,13.65999984741211,13.520000457763672,13.59000015258789,1033900,13.59000015258789,0.0
SMTC,2007-03-16,13.569999694824219,13.630000114440918,13.350000381469727,13.460000038146973,1564200,13.460000038146973,0.0
SMTC,2007-03-19,13.569999694824219,13.6899995803833,13.510000228881836,13.550000190734863,859600,13.550000190734863,0.0
SMTC,2007-03-20,13.520000457763672,13.59000015258789,13.430000305175781,13.5,581800,13.5,0.0
SMTC,2007-03-21,13.550000190734863,13.960000038146973,13.460000038146973,13.930000305175781,1030700,13.930000305175781,0.0
SMTC,2007-03-22,13.979999542236328,14.0,13.779999732971191,13.869999885559082,623100,13.869999885559082,0.0
SMTC,2007-03-23,13.899999618530273,13.90999984741211,13.779999732971191,13.829999923706055,630600,13.829999923706055,0.0
SMTC,2007-03-26,13.8100004196167,13.90999984741211,13.649999618530273,13.770000457763672,495100,13.770000457763672,0.0
SMTC,2007-03-27,13.710000038146973,13.84000015258789,13.6899995803833,13.770000457763672,479200,13.770000457763672,0.0
SMTC,2007-03-28,13.720000267028809,13.850000381469727,13.5,13.819999694824219,1079900,13.819999694824219,0.0
SMTC,2007-03-29,13.880000114440918,14.010000228881836,13.460000038146973,13.489999771118164,1410800,13.489999771118164,0.0
SMTC,2007-03-30,13.5600004196167,13.609999656677246,13.390000343322754,13.479999542236328,1191300,13.479999542236328,0.0
SMTC,2007-04-02,13.539999961853027,13.579999923706055,13.1899995803833,13.289999961853027,1193400,13.289999961853027,0.0
SMTC,2007-04-03,13.3100004196167,13.479999542236328,13.300000190734863,13.380000114440918,635000,13.380000114440918,0.0
SMTC,2007-04-04,13.380000114440918,13.550000190734863,13.289999961853027,13.520000457763672,568300,13.520000457763672,0.0
SMTC,2007-04-05,13.489999771118164,13.739999771118164,13.479999542236328,13.710000038146973,447800,13.710000038146973,0.0
SMTC,2007-04-09,13.729999542236328,13.789999961853027,13.489999771118164,13.539999961853027,672500,13.539999961853027,0.0
SMTC,2007-04-10,13.5,13.609999656677246,13.479999542236328,13.579999923706055,729300,13.579999923706055,0.0
SMTC,2007-04-11,13.630000114440918,13.640000343322754,13.449999809265137,13.510000228881836,905300,13.510000228881836,0.0
SMTC,2007-04-12,13.5,13.670000076293945,13.449999809265137,13.609999656677246,525400,13.609999656677246,0.0
SMTC,2007-04-13,13.569999694824219,13.670000076293945,13.430000305175781,13.619999885559082,526000,13.619999885559082,0.0
SMTC,2007-04-16,13.710000038146973,13.760000228881836,13.5600004196167,13.6899995803833,1048100,13.6899995803833,0.0
SMTC,2007-04-17,13.680000305175781,13.859999656677246,13.640000343322754,13.800000190734863,654300,13.800000190734863,0.0
SMTC,2007-04-18,13.789999961853027,14.420000076293945,13.670000076293945,14.279999732971191,1769600,14.279999732971191,0.0
SMTC,2007-04-19,14.279999732971191,14.489999771118164,14.09000015258789,14.329999923706055,1144600,14.329999923706055,0.0
SMTC,2007-04-20,14.329999923706055,14.520000457763672,14.149999618530273,14.329999923706055,1241500,14.329999923706055,0.0
SMTC,2007-04-23,14.270000457763672,14.289999961853027,14.140000343322754,14.25,547300,14.25,0.0
SMTC,2007-04-24,14.300000190734863,14.789999961853027,14.300000190734863,14.710000038146973,1134300,14.710000038146973,0.0
SMTC,2007-04-25,14.800000190734863,14.819999694824219,14.630000114440918,14.770000457763672,1114200,14.770000457763672,0.0
SMTC,2007-04-26,14.770000457763672,15.069999694824219,14.649999618530273,15.039999961853027,1110400,15.039999961853027,0.0
SMTC,2007-04-27,14.960000038146973,15.050000190734863,14.720000267028809,14.75,578800,14.75,0.0
SMTC,2007-04-30,14.800000190734863,14.859999656677246,14.380000114440918,14.420000076293945,930600,14.420000076293945,0.0
SMTC,2007-05-01,14.489999771118164,14.510000228881836,14.229999542236328,14.5,910100,14.5,0.0
SMTC,2007-05-02,14.449999809265137,14.789999961853027,14.4399995803833,14.770000457763672,1246900,14.770000457763672,0.0
SMTC,2007-05-03,14.770000457763672,14.8100004196167,14.59000015258789,14.609999656677246,675200,14.609999656677246,0.0
SMTC,2007-05-04,14.640000343322754,14.930000305175781,14.600000381469727,14.920000076293945,1390500,14.920000076293945,0.0
SMTC,2007-05-07,14.920000076293945,15.020000457763672,14.739999771118164,14.770000457763672,944600,14.770000457763672,0.0
SMTC,2007-05-08,14.699999809265137,14.770000457763672,14.460000038146973,14.539999961853027,702000,14.539999961853027,0.0
SMTC,2007-05-09,14.430000305175781,15.0,14.390000343322754,14.949999809265137,997700,14.949999809265137,0.0
SMTC,2007-05-10,14.850000381469727,15.180000305175781,14.770000457763672,15.0,2336900,15.0,0.0
SMTC,2007-05-11,15.199999809265137,15.40999984741211,15.069999694824219,15.279999732971191,994800,15.279999732971191,0.0
SMTC,2007-05-14,15.350000381469727,15.619999885559082,15.260000228881836,15.460000038146973,1564000,15.460000038146973,0.0
SMTC,2007-05-15,15.430000305175781,15.550000190734863,15.109999656677246,15.149999618530273,858900,15.149999618530273,0.0
SMTC,2007-05-16,15.229999542236328,15.40999984741211,15.069999694824219,15.399999618530273,1136700,15.399999618530273,0.0
SMTC,2007-05-17,15.34000015258789,15.4399995803833,15.199999809265137,15.399999618530273,794700,15.399999618530273,0.0
SMTC,2007-05-18,15.420000076293945,15.470000267028809,15.15999984741211,15.369999885559082,827900,15.369999885559082,0.0
SMTC,2007-05-21,15.34000015258789,15.760000228881836,15.289999961853027,15.59000015258789,783300,15.59000015258789,0.0
SMTC,2007-05-22,15.539999961853027,15.75,15.489999771118164,15.6899995803833,962000,15.6899995803833,0.0
SMTC,2007-05-23,15.619999885559082,15.619999885559082,15.010000228881836,15.069999694824219,1938200,15.069999694824219,0.0
SMTC,2007-05-24,15.039999961853027,15.210000038146973,14.6899995803833,14.760000228881836,1346600,14.760000228881836,0.0
SMTC,2007-05-25,14.779999732971191,15.100000381469727,14.739999771118164,15.09000015258789,1109100,15.09000015258789,0.0
SMTC,2007-05-29,15.100000381469727,15.180000305175781,14.970000267028809,15.140000343322754,1080000,15.140000343322754,0.0
SMTC,2007-05-30,14.970000267028809,15.270000457763672,14.789999961853027,15.25,2244600,15.25,0.0
SMTC,2007-05-31,16.700000762939453,17.0,16.350000381469727,16.649999618530273,6519300,16.649999618530273,0.0
SMTC,2007-06-01,16.649999618530273,16.760000228881836,16.540000915527344,16.649999618530273,2221400,16.649999618530273,0.0
SMTC,2007-06-04,16.6299991607666,16.809999465942383,16.520000457763672,16.639999389648438,1675200,16.639999389648438,0.0
SMTC,2007-06-05,16.540000915527344,16.65999984741211,16.280000686645508,16.399999618530273,2140500,16.399999618530273,0.0
SMTC,2007-06-06,16.270000457763672,16.479999542236328,16.09000015258789,16.139999389648438,2367500,16.139999389648438,0.0
SMTC,2007-06-07,16.1200008392334,16.260000228881836,15.84000015258789,15.84000015258789,1697600,15.84000015258789,0.0
SMTC,2007-06-08,15.899999618530273,16.479999542236328,15.899999618530273,16.440000534057617,1971500,16.440000534057617,0.0
SMTC,2007-06-11,16.389999389648438,16.530000686645508,16.229999542236328,16.31999969482422,1329900,16.31999969482422,0.0
SMTC,2007-06-12,16.290000915527344,16.469999313354492,16.149999618530273,16.25,1363600,16.25,0.0
SMTC,2007-06-13,16.290000915527344,16.6200008392334,16.280000686645508,16.510000228881836,1722100,16.510000228881836,0.0
SMTC,2007-06-14,16.549999237060547,17.020000457763672,16.489999771118164,16.829999923706055,1667100,16.829999923706055,0.0
SMTC,2007-06-15,17.030000686645508,17.09000015258789,16.8799991607666,16.979999542236328,2720300,16.979999542236328,0.0
SMTC,2007-06-18,16.989999771118164,17.15999984741211,16.899999618530273,17.110000610351562,1464500,17.110000610351562,0.0
SMTC,2007-06-19,17.040000915527344,17.479999542236328,16.8799991607666,17.43000030517578,2006400,17.43000030517578,0.0
SMTC,2007-06-20,17.399999618530273,17.530000686645508,17.139999389648438,17.15999984741211,1584700,17.15999984741211,0.0
SMTC,2007-06-21,17.09000015258789,17.649999618530273,17.020000457763672,17.610000610351562,1826100,17.610000610351562,0.0
SMTC,2007-06-22,17.59000015258789,17.68000030517578,17.25,17.3700008392334,2213700,17.3700008392334,0.0
SMTC,2007-06-25,17.420000076293945,17.5,17.079999923706055,17.18000030517578,1331000,17.18000030517578,0.0
SMTC,2007-06-26,17.25,17.309999465942383,16.950000762939453,17.170000076293945,876700,17.170000076293945,0.0
SMTC,2007-06-27,17.030000686645508,17.3700008392334,17.010000228881836,17.34000015258789,1193100,17.34000015258789,0.0
SMTC,2007-06-28,17.34000015258789,17.670000076293945,17.209999084472656,17.510000228881836,2302500,17.510000228881836,0.0
SMTC,2007-06-29,17.649999618530273,17.649999618530273,17.260000228881836,17.329999923706055,1336900,17.329999923706055,0.0
SMTC,2007-07-02,17.489999771118164,17.75,17.450000762939453,17.610000610351562,1074100,17.610000610351562,0.0
SMTC,2007-07-03,17.6200008392334,17.809999465942383,17.600000381469727,17.790000915527344,902500,17.790000915527344,0.0
SMTC,2007-07-05,17.84000015258789,17.8700008392334,17.649999618530273,17.790000915527344,1058400,17.790000915527344,0.0
SMTC,2007-07-06,17.75,17.899999618530273,17.670000076293945,17.889999389648438,1139600,17.889999389648438,0.0
SMTC,2007-07-09,17.850000381469727,18.0,17.790000915527344,17.93000030517578,1066100,17.93000030517578,0.0
SMTC,2007-07-10,17.809999465942383,17.8799991607666,17.649999618530273,17.68000030517578,699100,17.68000030517578,0.0
SMTC,2007-07-11,17.700000762939453,17.8700008392334,17.530000686645508,17.799999237060547,1457400,17.799999237060547,0.0
SMTC,2007-07-12,17.93000030517578,18.3700008392334,17.739999771118164,18.329999923706055,1996500,18.329999923706055,0.0
SMTC,2007-07-13,18.219999313354492,18.299999237060547,17.969999313354492,18.049999237060547,1021100,18.049999237060547,0.0
SMTC,2007-07-16,17.940000534057617,18.020000457763672,17.719999313354492,17.950000762939453,1100900,17.950000762939453,0.0
SMTC,2007-07-17,17.899999618530273,18.25,17.899999618530273,18.190000534057617,1532000,18.190000534057617,0.0
SMTC,2007-07-18,18.1200008392334,18.280000686645508,17.520000457763672,18.0,1333800,18.0,0.0
SMTC,2007-07-19,18.139999389648438,18.200000762939453,17.709999084472656,17.940000534057617,1354700,17.940000534057617,0.0
SMTC,2007-07-20,17.899999618530273,17.90999984741211,17.520000457763672,17.75,1148200,17.75,0.0
SMTC,2007-07-23,17.760000228881836,17.850000381469727,17.469999313354492,17.479999542236328,719300,17.479999542236328,0.0
SMTC,2007-07-24,17.34000015258789,17.389999389648438,17.0,17.09000015258789,1509300,17.09000015258789,0.0
SMTC,2007-07-25,17.200000762939453,17.350000381469727,16.93000030517578,17.1200008392334,2188000,17.1200008392334,0.0
SMTC,2007-07-26,16.889999389648438,17.06999969482422,16.360000610351562,16.489999771118164,2503900,16.489999771118164,0.0
SMTC,2007-07-27,16.56999969482422,16.799999237060547,16.209999084472656,16.280000686645508,1572600,16.280000686645508,0.0
SMTC,2007-07-30,16.31999969482422,16.649999618530273,16.229999542236328,16.489999771118164,1143700,16.489999771118164,0.0
SMTC,2007-07-31,16.530000686645508,16.700000762939453,16.200000762939453,16.25,2037700,16.25,0.0
SMTC,2007-08-01,16.200000762939453,16.530000686645508,16.079999923706055,16.3799991607666,1552600,16.3799991607666,0.0
SMTC,2007-08-02,16.43000030517578,16.809999465942383,16.239999771118164,16.809999465942383,2122300,16.809999465942383,0.0
SMTC,2007-08-03,16.809999465942383,16.809999465942383,15.989999771118164,15.989999771118164,1354500,15.989999771118164,0.0
SMTC,2007-08-06,16.06999969482422,16.239999771118164,15.609999656677246,16.1200008392334,2003000,16.1200008392334,0.0
SMTC,2007-08-07,16.040000915527344,16.1200008392334,15.5,16.020000457763672,1533900,16.020000457763672,0.0
SMTC,2007-08-08,16.139999389648438,16.84000015258789,16.139999389648438,16.719999313354492,1753900,16.719999313354492,0.0
SMTC,2007-08-09,16.360000610351562,16.8700008392334,15.039999961853027,15.489999771118164,2130200,15.489999771118164,0.0
SMTC,2007-08-10,15.220000267028809,15.979999542236328,15.09000015258789,15.6899995803833,1553500,15.6899995803833,0.0
SMTC,2007-08-13,16.959999084472656,16.959999084472656,16.020000457763672,16.389999389648438,1540900,16.389999389648438,0.0
SMTC,2007-08-14,16.5,16.690000534057617,16.31999969482422,16.5,967200,16.5,0.0
SMTC,2007-08-15,16.5,16.59000015258789,15.739999771118164,15.760000228881836,999300,15.760000228881836,0.0
SMTC,2007-08-16,15.699999809265137,16.0,15.100000381469727,15.899999618530273,1507100,15.899999618530273,0.0
SMTC,2007-08-17,16.399999618530273,16.510000228881836,16.100000381469727,16.360000610351562,962500,16.360000610351562,0.0
SMTC,2007-08-20,16.329999923706055,16.520000457763672,16.06999969482422,16.06999969482422,1072300,16.06999969482422,0.0
SMTC,2007-08-21,16.049999237060547,16.200000762939453,16.020000457763672,16.079999923706055,903500,16.079999923706055,0.0
SMTC,2007-08-22,16.200000762939453,16.3700008392334,16.110000610351562,16.190000534057617,1139000,16.190000534057617,0.0
SMTC,2007-08-23,16.270000457763672,16.360000610351562,15.890000343322754,16.059999465942383,935900,16.059999465942383,0.0
SMTC,2007-08-24,15.989999771118164,16.170000076293945,15.989999771118164,16.149999618530273,778500,16.149999618530273,0.0
SMTC,2007-08-27,16.149999618530273,16.270000457763672,16.0,16.06999969482422,1046400,16.06999969482422,0.0
SMTC,2007-08-28,16.0,16.190000534057617,15.75,15.850000381469727,2568500,15.850000381469727,0.0
SMTC,2007-08-29,18.09000015258789,18.34000015258789,17.049999237060547,17.520000457763672,6089100,17.520000457763672,0.0
SMTC,2007-08-30,17.260000228881836,18.18000030517578,17.1200008392334,17.860000610351562,2097700,17.860000610351562,0.0
SMTC,2007-08-31,18.049999237060547,18.3799991607666,17.610000610351562,17.84000015258789,996200,17.84000015258789,0.0
SMTC,2007-09-04,17.709999084472656,17.969999313354492,17.549999237060547,17.610000610351562,1805200,17.610000610351562,0.0
SMTC,2007-09-05,17.479999542236328,17.850000381469727,17.34000015258789,17.709999084472656,1373700,17.709999084472656,0.0
SMTC,2007-09-06,17.90999984741211,18.34000015258789,17.6200008392334,18.100000381469727,1899900,18.100000381469727,0.0
SMTC,2007-09-07,17.649999618530273,17.90999984741211,17.6299991607666,17.729999542236328,1571300,17.729999542236328,0.0
SMTC,2007-09-10,17.899999618530273,18.020000457763672,17.43000030517578,17.90999984741211,1599000,17.90999984741211,0.0
SMTC,2007-09-11,18.06999969482422,18.520000457763672,17.979999542236328,18.5,1819800,18.5,0.0
SMTC,2007-09-12,18.3700008392334,19.290000915527344,18.3700008392334,19.020000457763672,2731400,19.020000457763672,0.0
SMTC,2007-09-13,19.25,19.399999618530273,18.860000610351562,19.15999984741211,1843600,19.15999984741211,0.0
SMTC,2007-09-14,19.0,19.170000076293945,18.829999923706055,19.020000457763672,981000,19.020000457763672,0.0
SMTC,2007-09-17,18.93000030517578,19.0,18.389999389648438,18.540000915527344,1787400,18.540000915527344,0.0
SMTC,2007-09-18,18.719999313354492,19.649999618530273,18.40999984741211,19.399999618530273,2104600,19.399999618530273,0.0
SMTC,2007-09-19,19.59000015258789,19.889999389648438,19.520000457763672,19.639999389648438,933300,19.639999389648438,0.0
SMTC,2007-09-20,19.530000686645508,19.860000610351562,19.40999984741211,19.610000610351562,1021300,19.610000610351562,0.0
SMTC,2007-09-21,19.799999237060547,19.8799991607666,19.670000076293945,19.670000076293945,906000,19.670000076293945,0.0
SMTC,2007-09-24,19.75,19.75,19.229999542236328,19.299999237060547,633600,19.299999237060547,0.0
SMTC,2007-09-25,19.139999389648438,19.600000381469727,19.1200008392334,19.520000457763672,1093000,19.520000457763672,0.0
SMTC,2007-09-26,19.989999771118164,20.420000076293945,19.90999984741211,19.979999542236328,2440500,19.979999542236328,0.0
SMTC,2007-09-27,20.010000228881836,20.549999237060547,19.93000030517578,20.510000228881836,1645400,20.510000228881836,0.0
SMTC,2007-09-28,20.479999542236328,20.600000381469727,20.309999465942383,20.479999542236328,955200,20.479999542236328,0.0
SMTC,2007-10-01,20.40999984741211,21.110000610351562,20.40999984741211,21.030000686645508,1227700,21.030000686645508,0.0
SMTC,2007-10-02,20.979999542236328,21.079999923706055,20.709999084472656,20.979999542236328,1871600,20.979999542236328,0.0
SMTC,2007-10-03,20.8700008392334,20.90999984741211,20.420000076293945,20.549999237060547,949300,20.549999237060547,0.0
SMTC,2007-10-04,20.68000030517578,20.690000534057617,20.389999389648438,20.510000228881836,746700,20.510000228881836,0.0
SMTC,2007-10-05,20.690000534057617,20.780000686645508,20.43000030517578,20.719999313354492,699500,20.719999313354492,0.0
SMTC,2007-10-08,20.829999923706055,20.829999923706055,20.1299991607666,20.170000076293945,1017900,20.170000076293945,0.0
SMTC,2007-10-09,20.170000076293945,20.170000076293945,19.579999923706055,19.940000534057617,1185500,19.940000534057617,0.0
SMTC,2007-10-10,19.950000762939453,20.0,19.3700008392334,19.65999984741211,1707600,19.65999984741211,0.0
SMTC,2007-10-11,19.75,19.75,19.030000686645508,19.149999618530273,1289100,19.149999618530273,0.0
SMTC,2007-10-12,19.219999313354492,19.610000610351562,19.0,19.420000076293945,784300,19.420000076293945,0.0
SMTC,2007-10-15,19.34000015258789,19.670000076293945,19.34000015258789,19.56999969482422,929800,19.56999969482422,0.0
SMTC,2007-10-16,19.459999084472656,19.700000762939453,19.399999618530273,19.399999618530273,743200,19.399999618530273,0.0
SMTC,2007-10-17,19.75,20.040000915527344,19.389999389648438,19.639999389648438,1163400,19.639999389648438,0.0
SMTC,2007-10-18,19.520000457763672,19.8799991607666,19.420000076293945,19.860000610351562,2357800,19.860000610351562,0.0
SMTC,2007-10-19,19.860000610351562,19.889999389648438,19.1200008392334,19.139999389648438,1215200,19.139999389648438,0.0
SMTC,2007-10-22,19.020000457763672,19.510000228881836,18.809999465942383,19.420000076293945,887100,19.420000076293945,0.0
SMTC,2007-10-23,19.56999969482422,19.59000015258789,18.950000762939453,19.299999237060547,638400,19.299999237060547,0.0
SMTC,2007-10-24,19.139999389648438,19.139999389648438,18.010000228881836,18.579999923706055,1537600,18.579999923706055,0.0
SMTC,2007-10-25,18.579999923706055,18.690000534057617,17.040000915527344,17.299999237060547,2461700,17.299999237060547,0.0
SMTC,2007-10-26,17.520000457763672,17.530000686645508,16.709999084472656,17.229999542236328,2024400,17.229999542236328,0.0
SMTC,2007-10-29,17.31999969482422,17.6200008392334,17.260000228881836,17.450000762939453,1160100,17.450000762939453,0.0
SMTC,2007-10-30,17.329999923706055,17.530000686645508,17.06999969482422,17.290000915527344,1147700,17.290000915527344,0.0
SMTC,2007-10-31,17.329999923706055,17.360000610351562,16.790000915527344,17.110000610351562,2044000,17.110000610351562,0.0
SMTC,2007-11-01,16.8799991607666,16.989999771118164,16.5,16.540000915527344,1573000,16.540000915527344,0.0
SMTC,2007-11-02,16.700000762939453,16.81999969482422,16.510000228881836,16.700000762939453,1064500,16.700000762939453,0.0
SMTC,2007-11-05,16.459999084472656,16.770000457763672,16.270000457763672,16.389999389648438,1300200,16.389999389648438,0.0
SMTC,2007-11-06,16.5,16.520000457763672,16.049999237060547,16.510000228881836,1169400,16.510000228881836,0.0
SMTC,2007-11-07,16.420000076293945,16.8799991607666,16.3700008392334,16.489999771118164,1614800,16.489999771118164,0.0
SMTC,2007-11-08,16.510000228881836,16.770000457763672,16.25,16.68000030517578,1712400,16.68000030517578,0.0
SMTC,2007-11-09,16.450000762939453,16.610000610351562,16.110000610351562,16.290000915527344,1283400,16.290000915527344,0.0
SMTC,2007-11-12,16.219999313354492,16.270000457763672,15.6899995803833,15.770000457763672,1959600,15.770000457763672,0.0
SMTC,2007-11-13,15.859999656677246,16.049999237060547,15.710000038146973,15.920000076293945,1716500,15.920000076293945,0.0
SMTC,2007-11-14,15.9399995803833,16.170000076293945,15.880000114440918,15.949999809265137,1905600,15.949999809265137,0.0
SMTC,2007-11-15,15.789999961853027,16.1200008392334,15.75,15.989999771118164,1142300,15.989999771118164,0.0
SMTC,2007-11-16,16.100000381469727,16.170000076293945,15.890000343322754,16.110000610351562,914800,16.110000610351562,0.0
SMTC,2007-11-19,16.010000228881836,16.25,15.800000190734863,15.880000114440918,1037100,15.880000114440918,0.0
SMTC,2007-11-20,15.850000381469727,15.899999618530273,15.0600004196167,15.3100004196167,2217100,15.3100004196167,0.0
SMTC,2007-11-21,15.180000305175781,15.350000381469727,14.9399995803833,15.0600004196167,2079100,15.0600004196167,0.0
SMTC,2007-11-23,15.220000267028809,15.399999618530273,15.029999732971191,15.279999732971191,528500,15.279999732971191,0.0
SMTC,2007-11-26,15.300000190734863,15.4399995803833,14.949999809265137,14.970000267028809,1523700,14.970000267028809,0.0
SMTC,2007-11-27,15.149999618530273,15.970000267028809,15.130000114440918,15.899999618530273,4028100,15.899999618530273,0.0
SMTC,2007-11-28,15.0,15.359999656677246,14.319999694824219,14.899999618530273,8786900,14.899999618530273,0.0
SMTC,2007-11-29,14.710000038146973,15.5,14.710000038146973,15.430000305175781,2406000,15.430000305175781,0.0
SMTC,2007-11-30,15.59000015258789,15.729999542236328,15.1899995803833,15.260000228881836,2259300,15.260000228881836,0.0
SMTC,2007-12-03,15.229999542236328,15.630000114440918,15.100000381469727,15.130000114440918,885000,15.130000114440918,0.0
SMTC,2007-12-04,15.020000457763672,15.460000038146973,15.020000457763672,15.4399995803833,1420600,15.4399995803833,0.0
SMTC,2007-12-05,15.680000305175781,16.790000915527344,15.640000343322754,16.700000762939453,2382000,16.700000762939453,0.0
SMTC,2007-12-06,16.709999084472656,16.989999771118164,16.68000030517578,16.920000076293945,1767800,16.920000076293945,0.0
SMTC,2007-12-07,16.989999771118164,17.09000015258789,16.139999389648438,16.40999984741211,2498500,16.40999984741211,0.0
SMTC,2007-12-10,16.489999771118164,16.68000030517578,16.459999084472656,16.639999389648438,1534500,16.639999389648438,0.0
SMTC,2007-12-11,16.739999771118164,16.850000381469727,16.290000915527344,16.329999923706055,1339500,16.329999923706055,0.0
SMTC,2007-12-12,16.739999771118164,17.0,16.209999084472656,16.389999389648438,1015900,16.389999389648438,0.0
SMTC,2007-12-13,16.25,16.510000228881836,16.149999618530273,16.43000030517578,1350100,16.43000030517578,0.0
SMTC,2007-12-14,16.270000457763672,16.670000076293945,16.270000457763672,16.610000610351562,1409400,16.610000610351562,0.0
SMTC,2007-12-17,16.450000762939453,16.5,15.550000190734863,15.550000190734863,1271700,15.550000190734863,0.0
SMTC,2007-12-18,15.640000343322754,15.680000305175781,15.069999694824219,15.579999923706055,1255600,15.579999923706055,0.0
SMTC,2007-12-19,15.579999923706055,15.829999923706055,15.449999809265137,15.739999771118164,502000,15.739999771118164,0.0
SMTC,2007-12-20,15.890000343322754,16.010000228881836,15.710000038146973,16.0,718400,16.0,0.0
SMTC,2007-12-21,16.149999618530273,16.200000762939453,15.779999732971191,15.989999771118164,2103900,15.989999771118164,0.0
SMTC,2007-12-24,16.0,16.0,15.890000343322754,15.979999542236328,361500,15.979999542236328,0.0
SMTC,2007-12-26,15.869999885559082,16.06999969482422,15.729999542236328,15.890000343322754,670700,15.890000343322754,0.0
SMTC,2007-12-27,15.930000305175781,16.059999465942383,15.34000015258789,15.369999885559082,649500,15.369999885559082,0.0
SMTC,2007-12-28,15.5,15.720000267028809,15.319999694824219,15.40999984741211,685000,15.40999984741211,0.0
SMTC,2007-12-31,15.359999656677246,15.710000038146973,15.319999694824219,15.520000457763672,785400,15.520000457763672,0.0
SMTC,2008-01-02,15.0600004196167,15.300000190734863,14.3100004196167,14.75,1876200,14.75,0.0
SMTC,2008-01-03,14.770000457763672,14.770000457763672,14.4399995803833,14.569999694824219,1554300,14.569999694824219,0.0
SMTC,2008-01-04,14.40999984741211,14.489999771118164,13.850000381469727,14.029999732971191,1488300,14.029999732971191,0.0
SMTC,2008-01-07,14.029999732971191,14.359999656677246,13.880000114440918,14.15999984741211,1177200,14.15999984741211,0.0
SMTC,2008-01-08,14.029999732971191,14.15999984741211,13.210000038146973,13.270000457763672,1793200,13.270000457763672,0.0
SMTC,2008-01-09,13.25,13.25,12.800000190734863,13.149999618530273,1612400,13.149999618530273,0.0
SMTC,2008-01-10,13.029999732971191,13.479999542236328,12.869999885559082,13.399999618530273,1404300,13.399999618530273,0.0
SMTC,2008-01-11,13.239999771118164,13.329999923706055,12.779999732971191,12.850000381469727,975600,12.850000381469727,0.0
SMTC,2008-01-14,12.930000305175781,13.25,12.8100004196167,13.140000343322754,1242200,13.140000343322754,0.0
SMTC,2008-01-15,13.020000457763672,13.260000228881836,12.699999809265137,12.829999923706055,1869800,12.829999923706055,0.0
SMTC,2008-01-16,12.800000190734863,12.90999984741211,12.260000228881836,12.489999771118164,3061800,12.489999771118164,0.0
SMTC,2008-01-17,12.460000038146973,12.800000190734863,12.170000076293945,12.170000076293945,2161500,12.170000076293945,0.0
SMTC,2008-01-18,12.170000076293945,12.579999923706055,12.100000381469727,12.359999656677246,3173900,12.359999656677246,0.0
SMTC,2008-01-22,12.010000228881836,12.3100004196167,11.949999809265137,11.979999542236328,1909400,11.979999542236328,0.0
SMTC,2008-01-23,11.920000076293945,12.579999923706055,11.65999984741211,12.520000457763672,2406900,12.520000457763672,0.0
SMTC,2008-01-24,12.619999885559082,13.09000015258789,12.520000457763672,12.760000228881836,1738600,12.760000228881836,0.0
SMTC,2008-01-25,12.84000015258789,12.979999542236328,12.399999618530273,12.4399995803833,1343500,12.4399995803833,0.0
SMTC,2008-01-28,12.399999618530273,12.600000381469727,12.130000114440918,12.569999694824219,1370600,12.569999694824219,0.0
SMTC,2008-01-29,12.600000381469727,12.65999984741211,12.420000076293945,12.460000038146973,1320800,12.460000038146973,0.0
SMTC,2008-01-30,12.380000114440918,12.960000038146973,12.380000114440918,12.680000305175781,1883900,12.680000305175781,0.0
SMTC,2008-01-31,12.5600004196167,12.829999923706055,12.4399995803833,12.770000457763672,1882600,12.770000457763672,0.0
SMTC,2008-02-01,12.819999694824219,12.850000381469727,12.3100004196167,12.489999771118164,2515400,12.489999771118164,0.0
SMTC,2008-02-04,12.449999809265137,12.720000267028809,12.449999809265137,12.619999885559082,1745400,12.619999885559082,0.0
SMTC,2008-02-05,12.369999885559082,12.4399995803833,11.680000305175781,11.779999732971191,2495900,11.779999732971191,0.0
SMTC,2008-02-06,11.770000457763672,12.010000228881836,11.5,11.520000457763672,1336400,11.520000457763672,0.0
SMTC,2008-02-07,11.520000457763672,11.75,11.270000457763672,11.699999809265137,1707100,11.699999809265137,0.0
SMTC,2008-02-08,11.770000457763672,11.960000038146973,11.579999923706055,11.850000381469727,1047100,11.850000381469727,0.0
SMTC,2008-02-11,11.869999885559082,12.239999771118164,11.829999923706055,11.989999771118164,1337200,11.989999771118164,0.0
SMTC,2008-02-12,12.029999732971191,12.170000076293945,11.829999923706055,11.899999618530273,1130700,11.899999618530273,0.0
SMTC,2008-02-13,11.989999771118164,12.380000114440918,11.899999618530273,12.359999656677246,1586800,12.359999656677246,0.0
SMTC,2008-02-14,12.350000381469727,12.4399995803833,12.039999961853027,12.25,1328200,12.25,0.0
SMTC,2008-02-15,12.15999984741211,12.350000381469727,12.119999885559082,12.25,1269500,12.25,0.0
SMTC,2008-02-19,12.380000114440918,12.760000228881836,12.279999732971191,12.5,1690800,12.5,0.0
SMTC,2008-02-20,12.430000305175781,12.770000457763672,12.390000343322754,12.710000038146973,1544300,12.710000038146973,0.0
SMTC,2008-02-21,12.760000228881836,13.079999923706055,12.5,12.539999961853027,919700,12.539999961853027,0.0
SMTC,2008-02-22,12.539999961853027,12.619999885559082,12.319999694824219,12.579999923706055,1138000,12.579999923706055,0.0
SMTC,2008-02-25,12.600000381469727,12.6899995803833,12.210000038146973,12.630000114440918,1392900,12.630000114440918,0.0
SMTC,2008-02-26,12.609999656677246,13.359999656677246,12.609999656677246,13.199999809265137,1489600,13.199999809265137,0.0
SMTC,2008-02-27,13.069999694824219,13.449999809265137,12.989999771118164,13.15999984741211,1107700,13.15999984741211,0.0
SMTC,2008-02-28,13.149999618530273,13.260000228881836,12.979999542236328,13.149999618530273,966900,13.149999618530273,0.0
SMTC,2008-02-29,12.989999771118164,13.029999732971191,12.670000076293945,12.739999771118164,1147500,12.739999771118164,0.0
SMTC,2008-03-03,12.550000190734863,12.859999656677246,12.350000381469727,12.59000015258789,2000800,12.59000015258789,0.0
SMTC,2008-03-04,12.579999923706055,12.979999542236328,12.279999732971191,12.920000076293945,2437300,12.920000076293945,0.0
SMTC,2008-03-05,13.5,13.859999656677246,13.380000114440918,13.65999984741211,2799900,13.65999984741211,0.0
SMTC,2008-03-06,13.529999732971191,13.670000076293945,13.15999984741211,13.210000038146973,2675100,13.210000038146973,0.0
SMTC,2008-03-07,13.050000190734863,13.649999618530273,13.050000190734863,13.5,1565300,13.5,0.0
SMTC,2008-03-10,13.489999771118164,13.850000381469727,13.430000305175781,13.4399995803833,1627900,13.4399995803833,0.0
SMTC,2008-03-11,13.75,14.039999961853027,13.399999618530273,14.010000228881836,3309700,14.010000228881836,0.0
SMTC,2008-03-12,14.09000015258789,14.1899995803833,13.640000343322754,13.640000343322754,1720400,13.640000343322754,0.0
SMTC,2008-03-13,13.470000267028809,13.869999885559082,13.279999732971191,13.770000457763672,1663300,13.770000457763672,0.0
SMTC,2008-03-14,13.770000457763672,13.789999961853027,13.0,13.399999618530273,3017700,13.399999618530273,0.0
SMTC,2008-03-17,13.260000228881836,13.609999656677246,13.100000381469727,13.390000343322754,1177900,13.390000343322754,0.0
SMTC,2008-03-18,13.640000343322754,14.130000114440918,13.510000228881836,14.09000015258789,1156900,14.09000015258789,0.0
SMTC,2008-03-19,14.010000228881836,14.229999542236328,13.619999885559082,13.619999885559082,1176800,13.619999885559082,0.0
SMTC,2008-03-20,13.75,14.579999923706055,13.65999984741211,14.479999542236328,2654700,14.479999542236328,0.0
SMTC,2008-03-24,14.600000381469727,15.59000015258789,14.529999732971191,14.930000305175781,1603700,14.930000305175781,0.0
SMTC,2008-03-25,14.90999984741211,15.09000015258789,14.779999732971191,14.899999618530273,823800,14.899999618530273,0.0
SMTC,2008-03-26,14.8100004196167,14.880000114440918,14.609999656677246,14.670000076293945,748700,14.670000076293945,0.0
SMTC,2008-03-27,14.630000114440918,14.770000457763672,14.40999984741211,14.4399995803833,685800,14.4399995803833,0.0
SMTC,2008-03-28,14.489999771118164,14.779999732971191,14.329999923706055,14.369999885559082,796600,14.369999885559082,0.0
SMTC,2008-03-31,14.369999885559082,14.460000038146973,14.130000114440918,14.329999923706055,846000,14.329999923706055,0.0
SMTC,2008-04-01,14.300000190734863,14.770000457763672,14.300000190734863,14.760000228881836,1173000,14.760000228881836,0.0
SMTC,2008-04-02,14.819999694824219,15.100000381469727,14.649999618530273,14.720000267028809,788200,14.720000267028809,0.0
SMTC,2008-04-03,14.640000343322754,15.260000228881836,14.619999885559082,15.260000228881836,1081900,15.260000228881836,0.0
SMTC,2008-04-04,15.270000457763672,15.289999961853027,14.90999984741211,15.079999923706055,805000,15.079999923706055,0.0
SMTC,2008-04-07,15.170000076293945,15.289999961853027,15.0600004196167,15.1899995803833,869000,15.1899995803833,0.0
SMTC,2008-04-08,15.050000190734863,15.130000114440918,14.779999732971191,14.960000038146973,905800,14.960000038146973,0.0
SMTC,2008-04-09,14.970000267028809,15.359999656677246,14.970000267028809,15.25,1451500,15.25,0.0
SMTC,2008-04-10,15.529999732971191,16.270000457763672,15.529999732971191,16.059999465942383,2217400,16.059999465942383,0.0
SMTC,2008-04-11,15.859999656677246,15.949999809265137,15.579999923706055,15.609999656677246,1207100,15.609999656677246,0.0
SMTC,2008-04-14,15.649999618530273,15.680000305175781,15.25,15.279999732971191,1105500,15.279999732971191,0.0
SMTC,2008-04-15,15.25,15.4399995803833,14.960000038146973,15.239999771118164,1140900,15.239999771118164,0.0
SMTC,2008-04-16,15.380000114440918,16.079999923706055,15.380000114440918,16.020000457763672,1000200,16.020000457763672,0.0
SMTC,2008-04-17,16.0,16.030000686645508,15.680000305175781,15.760000228881836,723500,15.760000228881836,0.0
SMTC,2008-04-18,16.110000610351562,16.399999618530273,15.800000190734863,16.25,1022700,16.25,0.0
SMTC,2008-04-21,16.1299991607666,16.489999771118164,15.869999885559082,16.469999313354492,771500,16.469999313354492,0.0
SMTC,2008-04-22,16.3700008392334,16.3700008392334,15.5600004196167,15.800000190734863,1344600,15.800000190734863,0.0
SMTC,2008-04-23,15.869999885559082,16.360000610351562,15.550000190734863,16.309999465942383,995500,16.309999465942383,0.0
SMTC,2008-04-24,16.3799991607666,16.559999465942383,15.930000305175781,16.329999923706055,1093000,16.329999923706055,0.0
SMTC,2008-04-25,16.3799991607666,16.510000228881836,15.930000305175781,16.479999542236328,711000,16.479999542236328,0.0
SMTC,2008-04-28,16.399999618530273,16.459999084472656,16.0,16.170000076293945,822300,16.170000076293945,0.0
SMTC,2008-04-29,16.170000076293945,16.579999923706055,16.1200008392334,16.239999771118164,540400,16.239999771118164,0.0
SMTC,2008-04-30,16.309999465942383,16.579999923706055,16.149999618530273,16.239999771118164,957000,16.239999771118164,0.0
SMTC,2008-05-01,16.18000030517578,17.309999465942383,16.15999984741211,17.25,1948200,17.25,0.0
SMTC,2008-05-02,17.3799991607666,17.59000015258789,17.209999084472656,17.479999542236328,1559000,17.479999542236328,0.0
SMTC,2008-05-05,17.479999542236328,17.5,17.0,17.149999618530273,836200,17.149999618530273,0.0
SMTC,2008-05-06,17.15999984741211,17.719999313354492,17.040000915527344,17.65999984741211,961900,17.65999984741211,0.0
SMTC,2008-05-07,17.690000534057617,17.809999465942383,17.229999542236328,17.299999237060547,583500,17.299999237060547,0.0
SMTC,2008-05-08,17.3799991607666,17.530000686645508,17.010000228881836,17.440000534057617,466200,17.440000534057617,0.0
SMTC,2008-05-09,17.25,17.780000686645508,17.229999542236328,17.729999542236328,774100,17.729999542236328,0.0
SMTC,2008-05-12,17.729999542236328,17.809999465942383,17.43000030517578,17.700000762939453,1091600,17.700000762939453,0.0
SMTC,2008-05-13,17.739999771118164,17.809999465942383,17.530000686645508,17.780000686645508,792900,17.780000686645508,0.0
SMTC,2008-05-14,17.81999969482422,18.0,17.579999923706055,17.610000610351562,1041800,17.610000610351562,0.0
SMTC,2008-05-15,17.56999969482422,17.809999465942383,17.440000534057617,17.6299991607666,1367700,17.6299991607666,0.0
SMTC,2008-05-16,17.719999313354492,17.780000686645508,17.229999542236328,17.6200008392334,1151600,17.6200008392334,0.0
SMTC,2008-05-19,17.729999542236328,18.559999465942383,17.719999313354492,18.030000686645508,1855600,18.030000686645508,0.0
SMTC,2008-05-20,17.93000030517578,18.040000915527344,17.3700008392334,17.559999465942383,1309900,17.559999465942383,0.0
SMTC,2008-05-21,17.5,17.84000015258789,17.290000915527344,17.43000030517578,1397700,17.43000030517578,0.0
SMTC,2008-05-22,17.56999969482422,17.600000381469727,16.389999389648438,17.290000915527344,2716900,17.290000915527344,0.0
SMTC,2008-05-23,17.450000762939453,17.600000381469727,17.239999771118164,17.489999771118164,1647200,17.489999771118164,0.0
SMTC,2008-05-27,17.510000228881836,17.729999542236328,17.329999923706055,17.56999969482422,1003000,17.56999969482422,0.0
SMTC,2008-05-28,17.90999984741211,17.93000030517578,17.520000457763672,17.75,920600,17.75,0.0
SMTC,2008-05-29,17.770000457763672,17.889999389648438,17.479999542236328,17.510000228881836,1292400,17.510000228881836,0.0
SMTC,2008-05-30,17.56999969482422,17.670000076293945,17.43000030517578,17.520000457763672,1166700,17.520000457763672,0.0
SMTC,2008-06-02,17.450000762939453,17.579999923706055,16.950000762939453,17.329999923706055,1178100,17.329999923706055,0.0
SMTC,2008-06-03,17.350000381469727,17.600000381469727,17.110000610351562,17.280000686645508,1170400,17.280000686645508,0.0
SMTC,2008-06-04,17.209999084472656,17.75,17.139999389648438,17.700000762939453,781100,17.700000762939453,0.0
SMTC,2008-06-05,17.600000381469727,18.260000228881836,17.579999923706055,18.260000228881836,1260400,18.260000228881836,0.0
SMTC,2008-06-06,18.100000381469727,18.290000915527344,17.489999771118164,17.489999771118164,1117500,17.489999771118164,0.0
SMTC,2008-06-09,17.520000457763672,17.670000076293945,16.899999618530273,17.280000686645508,846900,17.280000686645508,0.0
SMTC,2008-06-10,17.1299991607666,17.15999984741211,16.709999084472656,16.8799991607666,818500,16.8799991607666,0.0
SMTC,2008-06-11,16.84000015258789,16.84000015258789,16.34000015258789,16.350000381469727,850600,16.350000381469727,0.0
SMTC,2008-06-12,16.450000762939453,16.649999618530273,16.110000610351562,16.18000030517578,1276900,16.18000030517578,0.0
SMTC,2008-06-13,16.200000762939453,16.6299991607666,16.1200008392334,16.190000534057617,1682800,16.190000534057617,0.0
SMTC,2008-06-16,16.100000381469727,16.40999984741211,16.059999465942383,16.1200008392334,2133400,16.1200008392334,0.0
SMTC,2008-06-17,15.680000305175781,15.84000015258789,14.979999542236328,15.029999732971191,3302700,15.029999732971191,0.0
SMTC,2008-06-18,15.0600004196167,15.399999618530273,14.890000343322754,15.140000343322754,1620500,15.140000343322754,0.0
SMTC,2008-06-19,15.029999732971191,15.579999923706055,14.869999885559082,15.380000114440918,1581400,15.380000114440918,0.0
SMTC,2008-06-20,15.260000228881836,15.350000381469727,14.819999694824219,15.15999984741211,2342100,15.15999984741211,0.0
SMTC,2008-06-23,15.199999809265137,15.5,14.729999542236328,14.760000228881836,1277900,14.760000228881836,0.0
SMTC,2008-06-24,14.649999618530273,14.859999656677246,14.4399995803833,14.5,1338200,14.5,0.0
SMTC,2008-06-25,14.630000114440918,15.069999694824219,14.59000015258789,14.819999694824219,879800,14.819999694824219,0.0
SMTC,2008-06-26,14.649999618530273,14.729999542236328,14.180000305175781,14.289999961853027,771900,14.289999961853027,0.0
SMTC,2008-06-27,14.289999961853027,14.40999984741211,13.979999542236328,14.300000190734863,1551800,14.300000190734863,0.0
SMTC,2008-06-30,14.260000228881836,14.4399995803833,14.069999694824219,14.069999694824219,957100,14.069999694824219,0.0
SMTC,2008-07-01,13.899999618530273,13.989999771118164,13.479999542236328,13.8100004196167,2029600,13.8100004196167,0.0
SMTC,2008-07-02,13.789999961853027,14.069999694824219,13.680000305175781,13.6899995803833,1314300,13.6899995803833,0.0
SMTC,2008-07-03,13.600000381469727,13.670000076293945,12.949999809265137,13.510000228881836,690400,13.510000228881836,0.0
SMTC,2008-07-07,13.640000343322754,14.270000457763672,13.520000457763672,14.09000015258789,1714800,14.09000015258789,0.0
SMTC,2008-07-08,14.109999656677246,14.3100004196167,13.770000457763672,13.989999771118164,1268700,13.989999771118164,0.0
SMTC,2008-07-09,13.930000305175781,14.119999885559082,13.479999542236328,13.550000190734863,862200,13.550000190734863,0.0
SMTC,2008-07-10,13.510000228881836,13.960000038146973,13.449999809265137,13.84000015258789,779000,13.84000015258789,0.0
SMTC,2008-07-11,13.699999809265137,13.960000038146973,13.40999984741211,13.75,1377800,13.75,0.0
SMTC,2008-07-14,13.890000343322754,13.970000267028809,13.489999771118164,13.5600004196167,993400,13.5600004196167,0.0
SMTC,2008-07-15,13.350000381469727,14.180000305175781,13.350000381469727,13.899999618530273,1139700,13.899999618530273,0.0
SMTC,2008-07-16,13.829999923706055,14.109999656677246,13.569999694824219,14.039999961853027,1172700,14.039999961853027,0.0
SMTC,2008-07-17,14.220000267028809,14.770000457763672,14.109999656677246,14.770000457763672,1175500,14.770000457763672,0.0
SMTC,2008-07-18,14.699999809265137,14.960000038146973,14.430000305175781,14.800000190734863,1084100,14.800000190734863,0.0
SMTC,2008-07-21,14.819999694824219,14.90999984741211,14.479999542236328,14.649999618530273,872800,14.649999618530273,0.0
SMTC,2008-07-22,14.40999984741211,14.520000457763672,14.010000228881836,14.359999656677246,1171500,14.359999656677246,0.0
SMTC,2008-07-23,14.390000343322754,14.880000114440918,14.140000343322754,14.6899995803833,845100,14.6899995803833,0.0
SMTC,2008-07-24,14.739999771118164,14.829999923706055,14.399999618530273,14.5600004196167,1156700,14.5600004196167,0.0
SMTC,2008-07-25,14.930000305175781,14.970000267028809,14.470000267028809,14.949999809265137,760600,14.949999809265137,0.0
SMTC,2008-07-28,14.850000381469727,14.989999771118164,14.350000381469727,14.529999732971191,673500,14.529999732971191,0.0
SMTC,2008-07-29,14.550000190734863,15.039999961853027,14.510000228881836,14.84000015258789,545900,14.84000015258789,0.0
SMTC,2008-07-30,14.9399995803833,15.149999618530273,14.510000228881836,14.640000343322754,978700,14.640000343322754,0.0
SMTC,2008-07-31,14.5,14.9399995803833,14.4399995803833,14.569999694824219,642800,14.569999694824219,0.0
SMTC,2008-08-01,14.510000228881836,14.649999618530273,14.0600004196167,14.4399995803833,917300,14.4399995803833,0.0
SMTC,2008-08-04,14.470000267028809,14.680000305175781,14.359999656677246,14.550000190734863,718500,14.550000190734863,0.0
SMTC,2008-08-05,14.600000381469727,14.989999771118164,14.5600004196167,14.9399995803833,691800,14.9399995803833,0.0
SMTC,2008-08-06,14.739999771118164,15.239999771118164,14.5,15.130000114440918,755500,15.130000114440918,0.0
SMTC,2008-08-07,15.010000228881836,15.59000015258789,14.920000076293945,15.270000457763672,675200,15.270000457763672,0.0
SMTC,2008-08-08,15.3100004196167,15.829999923706055,15.140000343322754,15.760000228881836,597000,15.760000228881836,0.0
SMTC,2008-08-11,15.65999984741211,16.520000457763672,15.65999984741211,16.239999771118164,816400,16.239999771118164,0.0
SMTC,2008-08-12,16.100000381469727,16.260000228881836,15.789999961853027,15.960000038146973,1317000,15.960000038146973,0.0
SMTC,2008-08-13,16.0,16.09000015258789,15.640000343322754,15.920000076293945,881700,15.920000076293945,0.0
SMTC,2008-08-14,15.869999885559082,16.059999465942383,15.529999732971191,15.960000038146973,774600,15.960000038146973,0.0
SMTC,2008-08-15,15.619999885559082,16.0,15.359999656677246,15.949999809265137,2292700,15.949999809265137,0.0
SMTC,2008-08-18,15.9399995803833,16.1200008392334,15.319999694824219,15.449999809265137,1326700,15.449999809265137,0.0
SMTC,2008-08-19,15.449999809265137,15.449999809265137,14.970000267028809,15.010000228881836,1299400,15.010000228881836,0.0
SMTC,2008-08-20,15.1899995803833,15.399999618530273,14.8100004196167,15.050000190734863,1900300,15.050000190734863,0.0
SMTC,2008-08-21,14.609999656677246,15.739999771118164,14.420000076293945,15.460000038146973,2455700,15.460000038146973,0.0
SMTC,2008-08-22,15.399999618530273,15.5,15.279999732971191,15.430000305175781,797400,15.430000305175781,0.0
SMTC,2008-08-25,15.369999885559082,15.449999809265137,15.100000381469727,15.180000305175781,1003800,15.180000305175781,0.0
SMTC,2008-08-26,15.170000076293945,15.180000305175781,14.729999542236328,14.8100004196167,1045700,14.8100004196167,0.0
SMTC,2008-08-27,14.829999923706055,15.010000228881836,14.75,14.8100004196167,969400,14.8100004196167,0.0
SMTC,2008-08-28,14.90999984741211,15.109999656677246,14.760000228881836,15.0,1048900,15.0,0.0
SMTC,2008-08-29,14.949999809265137,15.0,14.59000015258789,14.789999961853027,721300,14.789999961853027,0.0
SMTC,2008-09-02,15.020000457763672,15.069999694824219,14.359999656677246,14.4399995803833,1163500,14.4399995803833,0.0
SMTC,2008-09-03,14.300000190734863,14.489999771118164,14.0,14.170000076293945,2190300,14.170000076293945,0.0
SMTC,2008-09-04,14.100000381469727,14.15999984741211,13.640000343322754,13.869999885559082,1899900,13.869999885559082,0.0
SMTC,2008-09-05,13.699999809265137,14.529999732971191,13.609999656677246,14.359999656677246,1850100,14.359999656677246,0.0
SMTC,2008-09-08,14.65999984741211,14.869999885559082,14.350000381469727,14.529999732971191,1636800,14.529999732971191,0.0
SMTC,2008-09-09,14.550000190734863,14.670000076293945,14.130000114440918,14.149999618530273,1509200,14.149999618530273,0.0
SMTC,2008-09-10,14.369999885559082,14.619999885559082,14.229999542236328,14.40999984741211,775000,14.40999984741211,0.0
SMTC,2008-09-11,14.140000343322754,14.34000015258789,13.960000038146973,14.1899995803833,1060500,14.1899995803833,0.0
SMTC,2008-09-12,14.010000228881836,14.15999984741211,13.520000457763672,14.140000343322754,1596700,14.140000343322754,0.0
SMTC,2008-09-15,13.65999984741211,14.220000267028809,13.65999984741211,13.680000305175781,1263100,13.680000305175781,0.0
SMTC,2008-09-16,13.449999809265137,14.34000015258789,13.34000015258789,14.210000038146973,1494100,14.210000038146973,0.0
SMTC,2008-09-17,13.930000305175781,14.279999732971191,13.640000343322754,13.869999885559082,1314600,13.869999885559082,0.0
SMTC,2008-09-18,14.149999618530273,15.369999885559082,13.859999656677246,15.0,2071900,15.0,0.0
SMTC,2008-09-19,15.40999984741211,16.149999618530273,15.020000457763672,15.270000457763672,1803800,15.270000457763672,0.0
SMTC,2008-09-22,15.25,15.359999656677246,14.5600004196167,14.5600004196167,772000,14.5600004196167,0.0
SMTC,2008-09-23,14.59000015258789,14.760000228881836,14.199999809265137,14.4399995803833,772000,14.4399995803833,0.0
SMTC,2008-09-24,14.3100004196167,14.479999542236328,14.020000457763672,14.239999771118164,1144000,14.239999771118164,0.0
SMTC,2008-09-25,14.239999771118164,14.579999923706055,14.109999656677246,14.359999656677246,864700,14.359999656677246,0.0
SMTC,2008-09-26,14.229999542236328,14.3100004196167,13.960000038146973,14.289999961853027,686600,14.289999961853027,0.0
SMTC,2008-09-29,14.210000038146973,14.260000228881836,13.4399995803833,13.600000381469727,848100,13.600000381469727,0.0
SMTC,2008-09-30,13.789999961853027,14.069999694824219,13.619999885559082,13.960000038146973,787000,13.960000038146973,0.0
SMTC,2008-10-01,13.859999656677246,13.960000038146973,13.460000038146973,13.510000228881836,624700,13.510000228881836,0.0
SMTC,2008-10-02,13.4399995803833,13.479999542236328,12.550000190734863,12.579999923706055,563100,12.579999923706055,0.0
SMTC,2008-10-03,12.770000457763672,13.0,12.1899995803833,12.25,817400,12.25,0.0
SMTC,2008-10-06,12.0,12.0,11.180000305175781,11.59000015258789,2043400,11.59000015258789,0.0
SMTC,2008-10-07,11.649999618530273,11.84000015258789,11.180000305175781,11.180000305175781,1348600,11.180000305175781,0.0
SMTC,2008-10-08,11.149999618530273,11.829999923706055,10.970000267028809,11.260000228881836,1700300,11.260000228881836,0.0
SMTC,2008-10-09,11.300000190734863,11.760000228881836,10.789999961853027,10.829999923706055,1078300,10.829999923706055,0.0
SMTC,2008-10-10,10.569999694824219,11.34000015258789,10.069999694824219,10.920000076293945,1609500,10.920000076293945,0.0
SMTC,2008-10-13,11.470000267028809,11.800000190734863,11.079999923706055,11.510000228881836,823400,11.510000228881836,0.0
SMTC,2008-10-14,11.890000343322754,11.890000343322754,10.930000305175781,11.119999885559082,752000,11.119999885559082,0.0
SMTC,2008-10-15,10.920000076293945,10.920000076293945,9.930000305175781,9.949999809265137,1056600,9.949999809265137,0.0
SMTC,2008-10-16,9.960000038146973,10.5,9.550000190734863,10.460000038146973,1416500,10.460000038146973,0.0
SMTC,2008-10-17,10.260000228881836,10.729999542236328,10.09000015258789,10.300000190734863,1038100,10.300000190734863,0.0
SMTC,2008-10-20,10.390000343322754,10.829999923706055,10.279999732971191,10.829999923706055,681300,10.829999923706055,0.0
SMTC,2008-10-21,10.569999694824219,10.819999694824219,10.390000343322754,10.569999694824219,772100,10.569999694824219,0.0
SMTC,2008-10-22,10.460000038146973,10.850000381469727,10.220000267028809,10.420000076293945,933800,10.420000076293945,0.0
SMTC,2008-10-23,10.430000305175781,10.630000114440918,9.770000457763672,10.119999885559082,848800,10.119999885559082,0.0
SMTC,2008-10-24,9.4399995803833,10.5,9.34000015258789,10.149999618530273,1591300,10.149999618530273,0.0
SMTC,2008-10-27,9.970000267028809,10.899999618530273,9.850000381469727,10.399999618530273,941200,10.399999618530273,0.0
SMTC,2008-10-28,10.630000114440918,11.449999809265137,10.359999656677246,11.4399995803833,844600,11.4399995803833,0.0
SMTC,2008-10-29,11.479999542236328,11.890000343322754,11.260000228881836,11.579999923706055,755400,11.579999923706055,0.0
SMTC,2008-10-30,11.800000190734863,12.15999984741211,11.550000190734863,12.050000190734863,656700,12.050000190734863,0.0
SMTC,2008-10-31,11.84000015258789,12.34000015258789,11.84000015258789,12.119999885559082,698200,12.119999885559082,0.0
SMTC,2008-11-03,12.119999885559082,12.270000457763672,11.979999542236328,12.130000114440918,455200,12.130000114440918,0.0
SMTC,2008-11-04,12.40999984741211,12.40999984741211,11.789999961853027,12.0,695000,12.0,0.0
SMTC,2008-11-05,11.84000015258789,11.899999618530273,11.289999961853027,11.390000343322754,616200,11.390000343322754,0.0
SMTC,2008-11-06,11.350000381469727,11.350000381469727,10.510000228881836,10.520000457763672,852200,10.520000457763672,0.0
SMTC,2008-11-07,10.670000076293945,10.710000038146973,10.319999694824219,10.5600004196167,650800,10.5600004196167,0.0
SMTC,2008-11-10,10.819999694824219,10.920000076293945,10.180000305175781,10.239999771118164,357200,10.239999771118164,0.0
SMTC,2008-11-11,10.109999656677246,10.609999656677246,10.109999656677246,10.260000228881836,387400,10.260000228881836,0.0
SMTC,2008-11-12,10.020000457763672,10.75,9.680000305175781,9.6899995803833,515100,9.6899995803833,0.0
SMTC,2008-11-13,9.6899995803833,9.970000267028809,8.90999984741211,9.850000381469727,1371500,9.850000381469727,0.0
SMTC,2008-11-14,9.779999732971191,9.979999542236328,9.40999984741211,9.449999809265137,1057800,9.449999809265137,0.0
SMTC,2008-11-17,9.359999656677246,9.789999961853027,9.359999656677246,9.5,567300,9.5,0.0
SMTC,2008-11-18,9.489999771118164,9.489999771118164,8.869999885559082,9.180000305175781,934700,9.180000305175781,0.0
SMTC,2008-11-19,9.289999961853027,9.5,8.800000190734863,8.819999694824219,976700,8.819999694824219,0.0
SMTC,2008-11-20,9.420000076293945,9.899999618530273,8.970000267028809,9.5,1804800,9.5,0.0
SMTC,2008-11-21,9.59000015258789,9.979999542236328,9.109999656677246,9.949999809265137,1702100,9.949999809265137,0.0
SMTC,2008-11-24,10.130000114440918,10.829999923706055,9.529999732971191,10.729999542236328,1419500,10.729999542236328,0.0
SMTC,2008-11-25,10.800000190734863,10.979999542236328,10.539999961853027,10.699999809265137,1344300,10.699999809265137,0.0
SMTC,2008-11-26,10.539999961853027,11.25,10.539999961853027,11.239999771118164,1240300,11.239999771118164,0.0
SMTC,2008-11-28,11.119999885559082,11.34000015258789,10.75,11.319999694824219,301400,11.319999694824219,0.0
SMTC,2008-12-01,10.960000038146973,10.970000267028809,10.220000267028809,10.239999771118164,809700,10.239999771118164,0.0
SMTC,2008-12-02,10.430000305175781,10.859999656677246,9.899999618530273,10.329999923706055,747900,10.329999923706055,0.0
SMTC,2008-12-03,10.079999923706055,10.770000457763672,10.029999732971191,10.6899995803833,1290000,10.6899995803833,0.0
SMTC,2008-12-04,10.489999771118164,10.729999542236328,9.789999961853027,9.970000267028809,803900,9.970000267028809,0.0
SMTC,2008-12-05,9.850000381469727,10.1899995803833,9.4399995803833,10.15999984741211,1003700,10.15999984741211,0.0
SMTC,2008-12-08,10.34000015258789,10.670000076293945,10.15999984741211,10.470000267028809,757600,10.470000267028809,0.0
SMTC,2008-12-09,10.350000381469727,11.890000343322754,10.199999809265137,11.289999961853027,1815100,11.289999961853027,0.0
SMTC,2008-12-10,11.359999656677246,11.710000038146973,11.039999961853027,11.149999618530273,764700,11.149999618530273,0.0
SMTC,2008-12-11,11.039999961853027,11.300000190734863,10.619999885559082,10.649999618530273,1379400,10.649999618530273,0.0
SMTC,2008-12-12,10.460000038146973,11.8100004196167,10.3100004196167,11.630000114440918,1498100,11.630000114440918,0.0
SMTC,2008-12-15,11.75,11.75,11.270000457763672,11.489999771118164,977300,11.489999771118164,0.0
SMTC,2008-12-16,11.510000228881836,12.050000190734863,11.390000343322754,11.890000343322754,1595800,11.890000343322754,0.0
SMTC,2008-12-17,11.75,12.220000267028809,11.5600004196167,12.039999961853027,1223600,12.039999961853027,0.0
SMTC,2008-12-18,11.8100004196167,11.829999923706055,11.180000305175781,11.300000190734863,1295100,11.300000190734863,0.0
SMTC,2008-12-19,11.300000190734863,11.630000114440918,11.289999961853027,11.430000305175781,1299500,11.430000305175781,0.0
SMTC,2008-12-22,11.369999885559082,11.369999885559082,10.760000228881836,11.149999618530273,971400,11.149999618530273,0.0
SMTC,2008-12-23,11.100000381469727,11.300000190734863,10.829999923706055,10.949999809265137,624100,10.949999809265137,0.0
SMTC,2008-12-24,11.0,11.079999923706055,10.899999618530273,10.979999542236328,208100,10.979999542236328,0.0
SMTC,2008-12-26,10.989999771118164,10.989999771118164,10.539999961853027,10.800000190734863,309400,10.800000190734863,0.0
SMTC,2008-12-29,10.84000015258789,10.890000343322754,10.550000190734863,10.859999656677246,499000,10.859999656677246,0.0
SMTC,2008-12-30,10.890000343322754,11.300000190734863,10.760000228881836,11.279999732971191,635900,11.279999732971191,0.0
SMTC,2008-12-31,11.319999694824219,11.40999984741211,11.09000015258789,11.270000457763672,731800,11.270000457763672,0.0
SMTC,2009-01-02,11.319999694824219,11.550000190734863,10.90999984741211,11.520000457763672,647700,11.520000457763672,0.0
SMTC,2009-01-05,11.109999656677246,11.350000381469727,10.930000305175781,11.050000190734863,775300,11.050000190734863,0.0
SMTC,2009-01-06,10.960000038146973,11.470000267028809,10.960000038146973,11.270000457763672,650500,11.270000457763672,0.0
SMTC,2009-01-07,11.069999694824219,11.170000076293945,10.649999618530273,10.920000076293945,403600,10.920000076293945,0.0
SMTC,2009-01-08,10.850000381469727,11.100000381469727,10.819999694824219,11.100000381469727,390700,11.100000381469727,0.0
SMTC,2009-01-09,11.149999618530273,11.199999809265137,10.739999771118164,10.859999656677246,698200,10.859999656677246,0.0
SMTC,2009-01-12,10.880000114440918,11.020000457763672,10.75,10.789999961853027,452300,10.789999961853027,0.0
SMTC,2009-01-13,10.779999732971191,11.15999984741211,10.779999732971191,11.0600004196167,711100,11.0600004196167,0.0
SMTC,2009-01-14,10.960000038146973,11.0600004196167,10.510000228881836,10.529999732971191,789500,10.529999732971191,0.0
SMTC,2009-01-15,10.5600004196167,10.710000038146973,10.180000305175781,10.609999656677246,789400,10.609999656677246,0.0
SMTC,2009-01-16,10.739999771118164,11.100000381469727,10.630000114440918,11.050000190734863,637800,11.050000190734863,0.0
SMTC,2009-01-20,10.930000305175781,11.100000381469727,10.25,10.270000457763672,870600,10.270000457763672,0.0
SMTC,2009-01-21,10.470000267028809,10.75,10.229999542236328,10.6899995803833,641600,10.6899995803833,0.0
SMTC,2009-01-22,10.470000267028809,10.65999984741211,10.220000267028809,10.5,662300,10.5,0.0
SMTC,2009-01-23,10.779999732971191,11.84000015258789,10.65999984741211,11.510000228881836,1450400,11.510000228881836,0.0
SMTC,2009-01-26,11.569999694824219,12.069999694824219,11.5,11.890000343322754,1343000,11.890000343322754,0.0
SMTC,2009-01-27,11.850000381469727,12.289999961853027,11.850000381469727,12.100000381469727,794000,12.100000381469727,0.0
SMTC,2009-01-28,12.600000381469727,12.9399995803833,12.319999694824219,12.729999542236328,875100,12.729999542236328,0.0
SMTC,2009-01-29,12.539999961853027,12.710000038146973,12.079999923706055,12.229999542236328,600900,12.229999542236328,0.0
SMTC,2009-01-30,12.3100004196167,12.350000381469727,11.640000343322754,11.75,940800,11.75,0.0
SMTC,2009-02-02,11.640000343322754,12.1899995803833,11.5600004196167,12.09000015258789,652900,12.09000015258789,0.0
SMTC,2009-02-03,12.079999923706055,12.279999732971191,11.850000381469727,12.220000267028809,557400,12.220000267028809,0.0
SMTC,2009-02-04,12.199999809265137,13.199999809265137,12.199999809265137,12.770000457763672,1380000,12.770000457763672,0.0
SMTC,2009-02-05,12.600000381469727,13.180000305175781,12.550000190734863,13.069999694824219,1127200,13.069999694824219,0.0
SMTC,2009-02-06,13.130000114440918,13.710000038146973,12.949999809265137,13.449999809265137,912700,13.449999809265137,0.0
SMTC,2009-02-09,13.390000343322754,13.520000457763672,12.979999542236328,13.130000114440918,1365000,13.130000114440918,0.0
SMTC,2009-02-10,13.079999923706055,13.079999923706055,12.210000038146973,12.270000457763672,1098400,12.270000457763672,0.0
SMTC,2009-02-11,12.350000381469727,12.430000305175781,11.970000267028809,12.239999771118164,577000,12.239999771118164,0.0
SMTC,2009-02-12,12.09000015258789,12.680000305175781,11.880000114440918,12.40999984741211,779400,12.40999984741211,0.0
SMTC,2009-02-13,12.460000038146973,13.0,12.369999885559082,12.75,492900,12.75,0.0
SMTC,2009-02-17,12.470000267028809,12.470000267028809,11.930000305175781,11.930000305175781,596000,11.930000305175781,0.0
SMTC,2009-02-18,11.949999809265137,12.15999984741211,11.729999542236328,11.800000190734863,417900,11.800000190734863,0.0
SMTC,2009-02-19,11.9399995803833,11.979999542236328,11.220000267028809,11.279999732971191,432500,11.279999732971191,0.0
SMTC,2009-02-20,11.140000343322754,11.600000381469727,11.050000190734863,11.239999771118164,488000,11.239999771118164,0.0
SMTC,2009-02-23,11.279999732971191,11.350000381469727,10.829999923706055,10.84000015258789,481100,10.84000015258789,0.0
SMTC,2009-02-24,10.9399995803833,11.329999923706055,10.920000076293945,11.229999542236328,675900,11.229999542236328,0.0
SMTC,2009-02-25,11.210000038146973,11.489999771118164,10.960000038146973,11.260000228881836,564200,11.260000228881836,0.0
SMTC,2009-02-26,11.329999923706055,12.109999656677246,11.329999923706055,11.489999771118164,920700,11.489999771118164,0.0
SMTC,2009-02-27,11.449999809265137,12.140000343322754,11.369999885559082,11.75,945100,11.75,0.0
SMTC,2009-03-02,11.520000457763672,12.0,11.390000343322754,11.430000305175781,766600,11.430000305175781,0.0
SMTC,2009-03-03,11.520000457763672,11.859999656677246,11.34000015258789,11.5,762700,11.5,0.0
SMTC,2009-03-04,11.630000114440918,11.729999542236328,10.989999771118164,11.260000228881836,1204700,11.260000228881836,0.0
SMTC,2009-03-05,11.0600004196167,12.229999542236328,10.819999694824219,11.84000015258789,1115800,11.84000015258789,0.0
SMTC,2009-03-06,11.949999809265137,11.989999771118164,11.40999984741211,11.84000015258789,959400,11.84000015258789,0.0
SMTC,2009-03-09,11.789999961853027,12.319999694824219,11.6899995803833,11.699999809265137,738900,11.699999809265137,0.0
SMTC,2009-03-10,11.930000305175781,12.609999656677246,11.930000305175781,12.569999694824219,978600,12.569999694824219,0.0
SMTC,2009-03-11,12.65999984741211,13.329999923706055,12.5,13.220000267028809,1113900,13.220000267028809,0.0
SMTC,2009-03-12,13.15999984741211,13.729999542236328,12.989999771118164,13.640000343322754,947300,13.640000343322754,0.0
SMTC,2009-03-13,13.670000076293945,13.6899995803833,13.479999542236328,13.520000457763672,635000,13.520000457763672,0.0
SMTC,2009-03-16,13.5600004196167,13.5600004196167,12.65999984741211,12.770000457763672,901300,12.770000457763672,0.0
SMTC,2009-03-17,12.720000267028809,13.210000038146973,12.6899995803833,13.170000076293945,907700,13.170000076293945,0.0
SMTC,2009-03-18,13.15999984741211,13.859999656677246,13.020000457763672,13.770000457763672,771000,13.770000457763672,0.0
SMTC,2009-03-19,13.890000343322754,13.899999618530273,13.460000038146973,13.539999961853027,1188300,13.539999961853027,0.0
SMTC,2009-03-20,13.720000267028809,13.739999771118164,12.970000267028809,13.020000457763672,1384900,13.020000457763672,0.0
SMTC,2009-03-23,13.029999732971191,13.460000038146973,13.029999732971191,13.460000038146973,767800,13.460000038146973,0.0
SMTC,2009-03-24,13.34000015258789,13.449999809265137,13.020000457763672,13.170000076293945,587100,13.170000076293945,0.0
SMTC,2009-03-25,12.859999656677246,13.1899995803833,12.149999618530273,12.279999732971191,1895000,12.279999732971191,0.0
SMTC,2009-03-26,12.470000267028809,13.220000267028809,12.420000076293945,13.210000038146973,1007100,13.210000038146973,0.0
SMTC,2009-03-27,13.029999732971191,13.380000114440918,13.0,13.010000228881836,445200,13.010000228881836,0.0
SMTC,2009-03-30,12.800000190734863,13.0600004196167,12.460000038146973,13.039999961853027,830600,13.039999961853027,0.0
SMTC,2009-03-31,13.09000015258789,13.680000305175781,12.989999771118164,13.350000381469727,1170800,13.350000381469727,0.0
SMTC,2009-04-01,13.1899995803833,13.449999809265137,13.0,13.380000114440918,812500,13.380000114440918,0.0
SMTC,2009-04-02,13.579999923706055,14.229999542236328,13.529999732971191,14.09000015258789,1027700,14.09000015258789,0.0
SMTC,2009-04-03,14.100000381469727,14.710000038146973,14.020000457763672,14.59000015258789,1053900,14.59000015258789,0.0
SMTC,2009-04-06,14.329999923706055,14.539999961853027,13.859999656677246,14.359999656677246,604400,14.359999656677246,0.0
SMTC,2009-04-07,14.170000076293945,14.25,13.800000190734863,13.8100004196167,668100,13.8100004196167,0.0
SMTC,2009-04-08,13.84000015258789,14.180000305175781,13.680000305175781,14.109999656677246,530800,14.109999656677246,0.0
SMTC,2009-04-09,14.359999656677246,14.880000114440918,14.170000076293945,14.739999771118164,1102100,14.739999771118164,0.0
SMTC,2009-04-13,14.609999656677246,14.6899995803833,14.229999542236328,14.569999694824219,518300,14.569999694824219,0.0
SMTC,2009-04-14,14.350000381469727,14.75,14.239999771118164,14.680000305175781,1020900,14.680000305175781,0.0
SMTC,2009-04-15,14.550000190734863,14.680000305175781,14.109999656677246,14.4399995803833,1119100,14.4399995803833,0.0
SMTC,2009-04-16,14.579999923706055,15.010000228881836,14.539999961853027,14.920000076293945,810000,14.920000076293945,0.0
SMTC,2009-04-17,14.979999542236328,14.979999542236328,14.539999961853027,14.739999771118164,720400,14.739999771118164,0.0
SMTC,2009-04-20,14.5,14.739999771118164,14.119999885559082,14.3100004196167,558900,14.3100004196167,0.0
SMTC,2009-04-21,14.039999961853027,14.680000305175781,14.039999961853027,14.550000190734863,713800,14.550000190734863,0.0
SMTC,2009-04-22,14.319999694824219,14.989999771118164,14.319999694824219,14.670000076293945,644400,14.670000076293945,0.0
SMTC,2009-04-23,14.8100004196167,14.8100004196167,13.949999809265137,14.270000457763672,701600,14.270000457763672,0.0
SMTC,2009-04-24,14.399999618530273,14.6899995803833,14.199999809265137,14.579999923706055,647500,14.579999923706055,0.0
SMTC,2009-04-27,14.479999542236328,14.800000190734863,14.359999656677246,14.470000267028809,544500,14.470000267028809,0.0
SMTC,2009-04-28,14.420000076293945,14.720000267028809,14.210000038146973,14.40999984741211,642100,14.40999984741211,0.0
SMTC,2009-04-29,14.489999771118164,15.109999656677246,14.399999618530273,14.760000228881836,454300,14.760000228881836,0.0
SMTC,2009-04-30,14.84000015258789,15.140000343322754,14.369999885559082,14.420000076293945,947300,14.420000076293945,0.0
SMTC,2009-05-01,14.390000343322754,14.390000343322754,14.050000190734863,14.180000305175781,712800,14.180000305175781,0.0
SMTC,2009-05-04,14.329999923706055,14.789999961853027,14.329999923706055,14.609999656677246,682600,14.609999656677246,0.0
SMTC,2009-05-05,14.550000190734863,14.890000343322754,14.270000457763672,14.770000457763672,793800,14.770000457763672,0.0
SMTC,2009-05-06,15.289999961853027,16.540000915527344,15.279999732971191,16.510000228881836,2447500,16.510000228881836,0.0
SMTC,2009-05-07,16.65999984741211,16.65999984741211,14.989999771118164,15.25,1259400,15.25,0.0
SMTC,2009-05-08,15.479999542236328,15.479999542236328,14.119999885559082,14.550000190734863,1123400,14.550000190734863,0.0
SMTC,2009-05-11,14.399999618530273,14.90999984741211,14.109999656677246,14.699999809265137,1003800,14.699999809265137,0.0
SMTC,2009-05-12,14.869999885559082,14.979999542236328,14.020000457763672,14.220000267028809,654100,14.220000267028809,0.0
SMTC,2009-05-13,14.149999618530273,14.470000267028809,13.609999656677246,13.760000228881836,1109800,13.760000228881836,0.0
SMTC,2009-05-14,13.609999656677246,14.350000381469727,13.609999656677246,14.140000343322754,876200,14.140000343322754,0.0
SMTC,2009-05-15,14.09000015258789,14.420000076293945,14.039999961853027,14.229999542236328,712400,14.229999542236328,0.0
SMTC,2009-05-18,14.180000305175781,15.0600004196167,14.130000114440918,14.899999618530273,871200,14.899999618530273,0.0
SMTC,2009-05-19,15.010000228881836,15.460000038146973,14.90999984741211,15.210000038146973,863600,15.210000038146973,0.0
SMTC,2009-05-20,15.380000114440918,15.90999984741211,15.380000114440918,15.4399995803833,1333200,15.4399995803833,0.0
SMTC,2009-05-21,15.270000457763672,15.359999656677246,13.949999809265137,14.449999809265137,1582400,14.449999809265137,0.0
SMTC,2009-05-22,14.449999809265137,14.920000076293945,14.3100004196167,14.550000190734863,832300,14.550000190734863,0.0
SMTC,2009-05-26,14.600000381469727,15.630000114440918,14.479999542236328,15.460000038146973,1056300,15.460000038146973,0.0
SMTC,2009-05-27,15.479999542236328,15.9399995803833,15.369999885559082,15.739999771118164,1093900,15.739999771118164,0.0
SMTC,2009-05-28,15.880000114440918,16.079999923706055,15.619999885559082,16.020000457763672,1057400,16.020000457763672,0.0
SMTC,2009-05-29,16.010000228881836,16.329999923706055,15.819999694824219,16.06999969482422,865900,16.06999969482422,0.0
SMTC,2009-06-01,16.299999237060547,16.790000915527344,16.229999542236328,16.68000030517578,1197200,16.68000030517578,0.0
SMTC,2009-06-02,16.579999923706055,16.579999923706055,15.970000267028809,16.139999389648438,1006500,16.139999389648438,0.0
SMTC,2009-06-03,16.110000610351562,16.31999969482422,15.890000343322754,16.149999618530273,451300,16.149999618530273,0.0
SMTC,2009-06-04,16.219999313354492,16.59000015258789,16.1299991607666,16.350000381469727,562100,16.350000381469727,0.0
SMTC,2009-06-05,16.3799991607666,16.420000076293945,15.90999984741211,16.209999084472656,569200,16.209999084472656,0.0
SMTC,2009-06-08,15.949999809265137,16.25,15.649999618530273,16.059999465942383,557300,16.059999465942383,0.0
SMTC,2009-06-09,16.270000457763672,16.84000015258789,16.219999313354492,16.700000762939453,804000,16.700000762939453,0.0
SMTC,2009-06-10,16.350000381469727,16.68000030517578,16.170000076293945,16.610000610351562,1227000,16.610000610351562,0.0
SMTC,2009-06-11,16.6299991607666,17.030000686645508,16.6200008392334,16.93000030517578,844600,16.93000030517578,0.0
SMTC,2009-06-12,16.600000381469727,16.8700008392334,16.469999313354492,16.84000015258789,585300,16.84000015258789,0.0
SMTC,2009-06-15,16.600000381469727,16.760000228881836,16.06999969482422,16.43000030517578,437400,16.43000030517578,0.0
SMTC,2009-06-16,16.540000915527344,16.600000381469727,15.930000305175781,16.030000686645508,402200,16.030000686645508,0.0
SMTC,2009-06-17,16.049999237060547,16.559999465942383,15.890000343322754,16.31999969482422,543400,16.31999969482422,0.0
SMTC,2009-06-18,16.299999237060547,16.389999389648438,15.970000267028809,16.149999618530273,432800,16.149999618530273,0.0
SMTC,2009-06-19,16.3700008392334,16.459999084472656,16.139999389648438,16.34000015258789,754300,16.34000015258789,0.0
SMTC,2009-06-22,16.139999389648438,16.209999084472656,15.680000305175781,15.680000305175781,565900,15.680000305175781,0.0
SMTC,2009-06-23,15.880000114440918,15.880000114440918,15.15999984741211,15.510000228881836,534100,15.510000228881836,0.0
SMTC,2009-06-24,15.550000190734863,16.020000457763672,15.510000228881836,15.710000038146973,799600,15.710000038146973,0.0
SMTC,2009-06-25,15.699999809265137,16.040000915527344,15.539999961853027,15.90999984741211,761800,15.90999984741211,0.0
SMTC,2009-06-26,15.850000381469727,16.149999618530273,15.739999771118164,16.010000228881836,912900,16.010000228881836,0.0
SMTC,2009-06-29,15.989999771118164,16.170000076293945,15.8100004196167,15.9399995803833,584200,15.9399995803833,0.0
SMTC,2009-06-30,16.0,16.200000762939453,15.819999694824219,15.90999984741211,829900,15.90999984741211,0.0
SMTC,2009-07-01,15.989999771118164,16.309999465942383,15.899999618530273,16.18000030517578,552600,16.18000030517578,0.0
SMTC,2009-07-02,16.1200008392334,16.139999389648438,15.630000114440918,15.930000305175781,613400,15.930000305175781,0.0
SMTC,2009-07-06,15.899999618530273,15.930000305175781,15.319999694824219,15.59000015258789,501800,15.59000015258789,0.0
SMTC,2009-07-07,15.520000457763672,15.859999656677246,15.079999923706055,15.109999656677246,508300,15.109999656677246,0.0
SMTC,2009-07-08,15.1899995803833,15.350000381469727,14.850000381469727,15.069999694824219,780600,15.069999694824219,0.0
SMTC,2009-07-09,15.210000038146973,15.470000267028809,15.140000343322754,15.170000076293945,586900,15.170000076293945,0.0
SMTC,2009-07-10,14.880000114440918,15.430000305175781,14.880000114440918,15.350000381469727,527800,15.350000381469727,0.0
SMTC,2009-07-13,15.359999656677246,15.899999618530273,15.069999694824219,15.869999885559082,481200,15.869999885559082,0.0
SMTC,2009-07-14,15.8100004196167,16.040000915527344,15.770000457763672,15.949999809265137,406900,15.949999809265137,0.0
SMTC,2009-07-15,16.25,16.770000457763672,16.139999389648438,16.770000457763672,637200,16.770000457763672,0.0
SMTC,2009-07-16,16.68000030517578,17.360000610351562,16.6299991607666,17.329999923706055,555700,17.329999923706055,0.0
SMTC,2009-07-17,17.40999984741211,17.600000381469727,17.299999237060547,17.5,1053400,17.5,0.0
SMTC,2009-07-20,17.719999313354492,17.829999923706055,17.440000534057617,17.559999465942383,768600,17.559999465942383,0.0
SMTC,2009-07-21,17.639999389648438,17.639999389648438,17.059999465942383,17.299999237060547,1165300,17.299999237060547,0.0
SMTC,2009-07-22,17.31999969482422,18.09000015258789,17.239999771118164,18.0,739200,18.0,0.0
SMTC,2009-07-23,17.899999618530273,18.43000030517578,17.68000030517578,18.270000457763672,696500,18.270000457763672,0.0
SMTC,2009-07-24,18.079999923706055,18.229999542236328,17.649999618530273,18.229999542236328,483300,18.229999542236328,0.0
SMTC,2009-07-27,18.18000030517578,18.440000534057617,18.030000686645508,18.200000762939453,398900,18.200000762939453,0.0
SMTC,2009-07-28,18.049999237060547,18.6299991607666,18.049999237060547,18.25,368400,18.25,0.0
SMTC,2009-07-29,18.100000381469727,18.6200008392334,18.079999923706055,18.520000457763672,438000,18.520000457763672,0.0
SMTC,2009-07-30,18.700000762939453,19.0,18.40999984741211,18.56999969482422,508500,18.56999969482422,0.0
SMTC,2009-07-31,18.469999313354492,18.709999084472656,18.3700008392334,18.399999618530273,497700,18.399999618530273,0.0
SMTC,2009-08-03,18.559999465942383,18.700000762939453,18.030000686645508,18.450000762939453,344700,18.450000762939453,0.0
SMTC,2009-08-04,18.31999969482422,18.549999237060547,18.100000381469727,18.360000610351562,222400,18.360000610351562,0.0
SMTC,2009-08-05,18.31999969482422,18.420000076293945,17.440000534057617,17.540000915527344,624200,17.540000915527344,0.0
SMTC,2009-08-06,17.649999618530273,17.799999237060547,17.06999969482422,17.1299991607666,374200,17.1299991607666,0.0
SMTC,2009-08-07,17.399999618530273,17.670000076293945,17.1200008392334,17.540000915527344,314200,17.540000915527344,0.0
SMTC,2009-08-10,17.40999984741211,17.6200008392334,16.989999771118164,17.149999618530273,257000,17.149999618530273,0.0
SMTC,2009-08-11,17.040000915527344,17.25,16.850000381469727,17.0,208200,17.0,0.0
SMTC,2009-08-12,17.010000228881836,17.610000610351562,16.8700008392334,17.40999984741211,306100,17.40999984741211,0.0
SMTC,2009-08-13,17.459999084472656,17.760000228881836,17.31999969482422,17.729999542236328,217600,17.729999542236328,0.0
SMTC,2009-08-14,17.799999237060547,17.8799991607666,17.040000915527344,17.25,333700,17.25,0.0
SMTC,2009-08-17,17.020000457763672,17.149999618530273,16.729999542236328,17.020000457763672,370200,17.020000457763672,0.0
SMTC,2009-08-18,17.1299991607666,17.559999465942383,17.06999969482422,17.469999313354492,351200,17.469999313354492,0.0
SMTC,2009-08-19,17.309999465942383,17.530000686645508,17.110000610351562,17.530000686645508,465800,17.530000686645508,0.0
SMTC,2009-08-20,16.739999771118164,17.75,16.260000228881836,17.649999618530273,971900,17.649999618530273,0.0
SMTC,2009-08-21,17.8799991607666,18.450000762939453,17.690000534057617,18.3700008392334,610900,18.3700008392334,0.0
SMTC,2009-08-24,18.530000686645508,18.84000015258789,18.049999237060547,18.43000030517578,539000,18.43000030517578,0.0
SMTC,2009-08-25,18.450000762939453,18.6200008392334,18.270000457763672,18.40999984741211,227900,18.40999984741211,0.0
SMTC,2009-08-26,18.299999237060547,18.3700008392334,18.059999465942383,18.139999389648438,420400,18.139999389648438,0.0
SMTC,2009-08-27,18.059999465942383,18.15999984741211,17.59000015258789,17.969999313354492,217700,17.969999313354492,0.0
SMTC,2009-08-28,18.270000457763672,18.59000015258789,18.110000610351562,18.270000457763672,275000,18.270000457763672,0.0
SMTC,2009-08-31,18.200000762939453,18.450000762939453,18.1200008392334,18.270000457763672,344500,18.270000457763672,0.0
SMTC,2009-09-01,18.06999969482422,18.579999923706055,17.549999237060547,17.6299991607666,375100,17.6299991607666,0.0
SMTC,2009-09-02,17.65999984741211,17.889999389648438,17.579999923706055,17.700000762939453,240100,17.700000762939453,0.0
SMTC,2009-09-03,17.770000457763672,18.06999969482422,17.540000915527344,17.84000015258789,196900,17.84000015258789,0.0
SMTC,2009-09-04,17.850000381469727,18.059999465942383,17.65999984741211,18.040000915527344,247200,18.040000915527344,0.0
SMTC,2009-09-08,18.100000381469727,18.329999923706055,17.920000076293945,18.31999969482422,273200,18.31999969482422,0.0
SMTC,2009-09-09,18.31999969482422,18.75,18.110000610351562,18.690000534057617,317200,18.690000534057617,0.0
SMTC,2009-09-10,18.649999618530273,19.15999984741211,18.649999618530273,19.010000228881836,575100,19.010000228881836,0.0
SMTC,2009-09-11,18.979999542236328,19.0,18.360000610351562,18.360000610351562,516600,18.360000610351562,0.0
SMTC,2009-09-14,18.25,18.450000762939453,18.110000610351562,18.34000015258789,392600,18.34000015258789,0.0
SMTC,2009-09-15,18.25,18.299999237060547,17.989999771118164,18.18000030517578,330000,18.18000030517578,0.0
SMTC,2009-09-16,18.18000030517578,18.18000030517578,17.709999084472656,18.059999465942383,384400,18.059999465942383,0.0
SMTC,2009-09-17,18.09000015258789,18.209999084472656,17.790000915527344,17.850000381469727,337600,17.850000381469727,0.0
SMTC,2009-09-18,17.84000015258789,18.190000534057617,17.610000610351562,17.889999389648438,603600,17.889999389648438,0.0
SMTC,2009-09-21,17.809999465942383,17.90999984741211,17.610000610351562,17.850000381469727,305800,17.850000381469727,0.0
SMTC,2009-09-22,17.940000534057617,18.079999923706055,17.790000915527344,17.920000076293945,365700,17.920000076293945,0.0
SMTC,2009-09-23,17.90999984741211,18.270000457763672,17.81999969482422,17.889999389648438,385500,17.889999389648438,0.0
SMTC,2009-09-24,17.93000030517578,18.010000228881836,17.219999313354492,17.290000915527344,520400,17.290000915527344,0.0
SMTC,2009-09-25,17.389999389648438,17.389999389648438,17.110000610351562,17.260000228881836,745600,17.260000228881836,0.0
SMTC,2009-09-28,17.3700008392334,17.68000030517578,17.270000457763672,17.389999389648438,466800,17.389999389648438,0.0
SMTC,2009-09-29,17.459999084472656,17.510000228881836,17.149999618530273,17.15999984741211,405000,17.15999984741211,0.0
SMTC,2009-09-30,17.229999542236328,17.290000915527344,16.719999313354492,17.010000228881836,778100,17.010000228881836,0.0
SMTC,2009-10-01,16.899999618530273,17.030000686645508,16.489999771118164,16.5,1079900,16.5,0.0
SMTC,2009-10-02,16.5,16.59000015258789,16.059999465942383,16.079999923706055,671600,16.079999923706055,0.0
SMTC,2009-10-05,16.079999923706055,16.260000228881836,15.949999809265137,16.229999542236328,763000,16.229999542236328,0.0
SMTC,2009-10-06,16.3700008392334,16.729999542236328,16.290000915527344,16.68000030517578,511500,16.68000030517578,0.0
SMTC,2009-10-07,16.600000381469727,16.81999969482422,16.479999542236328,16.799999237060547,558900,16.799999237060547,0.0
SMTC,2009-10-08,16.90999984741211,16.90999984741211,16.399999618530273,16.65999984741211,743600,16.65999984741211,0.0
SMTC,2009-10-09,16.610000610351562,16.989999771118164,16.610000610351562,16.989999771118164,373400,16.989999771118164,0.0
SMTC,2009-10-12,17.010000228881836,17.25,16.760000228881836,16.899999618530273,476300,16.899999618530273,0.0
SMTC,2009-10-13,16.8700008392334,17.170000076293945,16.700000762939453,17.040000915527344,588200,17.040000915527344,0.0
SMTC,2009-10-14,17.270000457763672,17.610000610351562,17.229999542236328,17.520000457763672,1124700,17.520000457763672,0.0
SMTC,2009-10-15,17.459999084472656,17.479999542236328,16.790000915527344,16.81999969482422,981200,16.81999969482422,0.0
SMTC,2009-10-16,16.799999237060547,16.799999237060547,16.139999389648438,16.530000686645508,967800,16.530000686645508,0.0
SMTC,2009-10-19,16.600000381469727,16.940000534057617,16.40999984741211,16.899999618530273,583400,16.899999618530273,0.0
SMTC,2009-10-20,16.969999313354492,16.979999542236328,16.719999313354492,16.829999923706055,720500,16.829999923706055,0.0
SMTC,2009-10-21,16.850000381469727,17.030000686645508,16.270000457763672,16.299999237060547,977100,16.299999237060547,0.0
SMTC,2009-10-22,16.25,16.389999389648438,15.930000305175781,16.290000915527344,756000,16.290000915527344,0.0
SMTC,2009-10-23,16.350000381469727,16.469999313354492,15.9399995803833,16.030000686645508,657700,16.030000686645508,0.0
SMTC,2009-10-26,15.989999771118164,16.34000015258789,15.949999809265137,16.020000457763672,1363600,16.020000457763672,0.0
SMTC,2009-10-27,16.049999237060547,16.149999618530273,15.770000457763672,15.770000457763672,627500,15.770000457763672,0.0
SMTC,2009-10-28,15.800000190734863,16.0,15.260000228881836,15.34000015258789,1403600,15.34000015258789,0.0
SMTC,2009-10-29,15.470000267028809,15.8100004196167,15.239999771118164,15.670000076293945,1098600,15.670000076293945,0.0
SMTC,2009-10-30,15.539999961853027,15.640000343322754,15.260000228881836,15.470000267028809,956900,15.470000267028809,0.0
SMTC,2009-11-02,15.5600004196167,15.6899995803833,15.1899995803833,15.59000015258789,941100,15.59000015258789,0.0
SMTC,2009-11-03,15.489999771118164,15.520000457763672,15.229999542236328,15.300000190734863,1127100,15.300000190734863,0.0
SMTC,2009-11-04,15.369999885559082,15.390000343322754,14.970000267028809,14.989999771118164,1632100,14.989999771118164,0.0
SMTC,2009-11-05,15.149999618530273,15.3100004196167,15.100000381469727,15.260000228881836,970100,15.260000228881836,0.0
SMTC,2009-11-06,15.25,15.59000015258789,15.09000015258789,15.380000114440918,519400,15.380000114440918,0.0
SMTC,2009-11-09,15.4399995803833,15.819999694824219,15.369999885559082,15.720000267028809,443600,15.720000267028809,0.0
SMTC,2009-11-10,15.720000267028809,16.079999923706055,15.6899995803833,15.899999618530273,739300,15.899999618530273,0.0
SMTC,2009-11-11,16.049999237060547,16.329999923706055,15.949999809265137,16.1299991607666,401900,16.1299991607666,0.0
SMTC,2009-11-12,16.079999923706055,16.31999969482422,15.75,15.770000457763672,425300,15.770000457763672,0.0
SMTC,2009-11-13,16.010000228881836,16.6299991607666,15.960000038146973,16.6200008392334,1067900,16.6200008392334,0.0
SMTC,2009-11-16,16.770000457763672,17.43000030517578,16.739999771118164,17.3799991607666,806500,17.3799991607666,0.0
SMTC,2009-11-17,17.229999542236328,17.290000915527344,16.950000762939453,17.149999618530273,580300,17.149999618530273,0.0
SMTC,2009-11-18,17.200000762939453,17.200000762939453,16.809999465942383,16.979999542236328,510300,16.979999542236328,0.0
SMTC,2009-11-19,15.630000114440918,16.360000610351562,14.65999984741211,16.209999084472656,3285000,16.209999084472656,0.0
SMTC,2009-11-20,16.100000381469727,16.299999237060547,15.84000015258789,16.010000228881836,1040700,16.010000228881836,0.0
SMTC,2009-11-23,16.15999984741211,16.600000381469727,16.079999923706055,16.309999465942383,524000,16.309999465942383,0.0
SMTC,2009-11-24,16.260000228881836,16.43000030517578,16.139999389648438,16.3700008392334,546400,16.3700008392334,0.0
SMTC,2009-11-25,16.3700008392334,16.510000228881836,16.329999923706055,16.3700008392334,315200,16.3700008392334,0.0
SMTC,2009-11-27,15.920000076293945,16.190000534057617,15.920000076293945,16.0,229900,16.0,0.0
SMTC,2009-11-30,15.90999984741211,16.059999465942383,15.760000228881836,16.020000457763672,608400,16.020000457763672,0.0
SMTC,2009-12-01,16.170000076293945,16.389999389648438,16.110000610351562,16.239999771118164,956300,16.239999771118164,0.0
SMTC,2009-12-02,16.18000030517578,16.600000381469727,16.1299991607666,16.399999618530273,641500,16.399999618530273,0.0
SMTC,2009-12-03,16.469999313354492,16.690000534057617,16.389999389648438,16.420000076293945,296000,16.420000076293945,0.0
SMTC,2009-12-04,16.709999084472656,17.049999237060547,16.440000534057617,16.860000610351562,531500,16.860000610351562,0.0
SMTC,2009-12-07,16.850000381469727,17.09000015258789,16.68000030517578,16.829999923706055,380600,16.829999923706055,0.0
SMTC,2009-12-08,16.709999084472656,16.90999984741211,16.479999542236328,16.700000762939453,565800,16.700000762939453,0.0
SMTC,2009-12-09,16.729999542236328,16.8799991607666,16.479999542236328,16.799999237060547,300100,16.799999237060547,0.0
SMTC,2009-12-10,16.84000015258789,17.1200008392334,16.690000534057617,16.860000610351562,592000,16.860000610351562,0.0
SMTC,2009-12-11,16.90999984741211,16.90999984741211,16.68000030517578,16.81999969482422,502300,16.81999969482422,0.0
SMTC,2009-12-14,16.889999389648438,17.030000686645508,16.719999313354492,17.0,347700,17.0,0.0
SMTC,2009-12-15,16.969999313354492,17.170000076293945,16.84000015258789,16.850000381469727,441200,16.850000381469727,0.0
SMTC,2009-12-16,16.899999618530273,17.170000076293945,16.700000762939453,16.940000534057617,325000,16.940000534057617,0.0
SMTC,2009-12-17,16.899999618530273,16.920000076293945,16.510000228881836,16.579999923706055,420100,16.579999923706055,0.0
SMTC,2009-12-18,16.6200008392334,16.959999084472656,16.549999237060547,16.899999618530273,1379000,16.899999618530273,0.0
SMTC,2009-12-21,16.899999618530273,17.18000030517578,16.68000030517578,17.100000381469727,532100,17.100000381469727,0.0
SMTC,2009-12-22,17.15999984741211,17.5,17.020000457763672,17.440000534057617,395100,17.440000534057617,0.0
SMTC,2009-12-23,17.43000030517578,17.489999771118164,17.229999542236328,17.270000457763672,414500,17.270000457763672,0.0
SMTC,2009-12-24,17.350000381469727,17.450000762939453,17.110000610351562,17.40999984741211,58400,17.40999984741211,0.0
SMTC,2009-12-28,17.469999313354492,17.549999237060547,17.229999542236328,17.309999465942383,225500,17.309999465942383,0.0
SMTC,2009-12-29,17.3700008392334,17.3799991607666,17.110000610351562,17.200000762939453,180300,17.200000762939453,0.0
SMTC,2009-12-30,17.1200008392334,17.479999542236328,17.040000915527344,17.280000686645508,457600,17.280000686645508,0.0
SMTC,2009-12-31,17.31999969482422,17.3700008392334,17.010000228881836,17.010000228881836,321600,17.010000228881836,0.0
SMTC,2010-01-04,17.1200008392334,17.43000030517578,17.06999969482422,17.290000915527344,449600,17.290000915527344,0.0
SMTC,2010-01-05,17.219999313354492,17.290000915527344,16.56999969482422,16.690000534057617,840400,16.690000534057617,0.0
SMTC,2010-01-06,16.649999618530273,16.75,16.399999618530273,16.530000686645508,407600,16.530000686645508,0.0
SMTC,2010-01-07,16.459999084472656,16.5,16.030000686645508,16.329999923706055,415400,16.329999923706055,0.0
SMTC,2010-01-08,16.260000228881836,16.399999618530273,16.1200008392334,16.3799991607666,568100,16.3799991607666,0.0
SMTC,2010-01-11,16.399999618530273,16.440000534057617,16.049999237060547,16.350000381469727,331800,16.350000381469727,0.0
SMTC,2010-01-12,15.770000457763672,16.030000686645508,15.65999984741211,15.890000343322754,754300,15.890000343322754,0.0
SMTC,2010-01-13,16.1299991607666,16.420000076293945,15.899999618530273,16.329999923706055,827400,16.329999923706055,0.0
SMTC,2010-01-14,16.34000015258789,16.420000076293945,16.110000610351562,16.34000015258789,551300,16.34000015258789,0.0
SMTC,2010-01-15,16.399999618530273,16.43000030517578,15.760000228881836,15.880000114440918,482000,15.880000114440918,0.0
SMTC,2010-01-19,15.84000015258789,16.100000381469727,15.829999923706055,15.949999809265137,689800,15.949999809265137,0.0
SMTC,2010-01-20,15.800000190734863,15.850000381469727,15.569999694824219,15.770000457763672,362700,15.770000457763672,0.0
SMTC,2010-01-21,15.75,16.0,15.5,15.8100004196167,591700,15.8100004196167,0.0
SMTC,2010-01-22,15.800000190734863,15.800000190734863,15.3100004196167,15.399999618530273,895500,15.399999618530273,0.0
SMTC,2010-01-25,15.59000015258789,15.619999885559082,15.329999923706055,15.4399995803833,392900,15.4399995803833,0.0
SMTC,2010-01-26,15.380000114440918,15.479999542236328,15.239999771118164,15.420000076293945,714100,15.420000076293945,0.0
SMTC,2010-01-27,15.430000305175781,15.789999961853027,15.300000190734863,15.609999656677246,482500,15.609999656677246,0.0
SMTC,2010-01-28,15.59000015258789,15.59000015258789,15.020000457763672,15.300000190734863,506600,15.300000190734863,0.0
SMTC,2010-01-29,15.350000381469727,15.539999961853027,14.90999984741211,14.979999542236328,735500,14.979999542236328,0.0
SMTC,2010-02-01,15.020000457763672,15.59000015258789,14.960000038146973,15.5600004196167,606200,15.5600004196167,0.0
SMTC,2010-02-02,15.539999961853027,15.65999984741211,15.3100004196167,15.449999809265137,591900,15.449999809265137,0.0
SMTC,2010-02-03,15.350000381469727,15.539999961853027,15.170000076293945,15.300000190734863,427400,15.300000190734863,0.0
SMTC,2010-02-04,15.140000343322754,15.170000076293945,14.649999618530273,14.699999809265137,660900,14.699999809265137,0.0
SMTC,2010-02-05,14.670000076293945,15.119999885559082,14.670000076293945,15.029999732971191,528600,15.029999732971191,0.0
SMTC,2010-02-08,15.079999923706055,15.260000228881836,14.890000343322754,14.970000267028809,371400,14.970000267028809,0.0
SMTC,2010-02-09,15.149999618530273,15.239999771118164,14.899999618530273,15.0,636900,15.0,0.0
SMTC,2010-02-10,15.0,15.399999618530273,14.949999809265137,15.220000267028809,452600,15.220000267028809,0.0
SMTC,2010-02-11,15.15999984741211,15.550000190734863,15.020000457763672,15.520000457763672,557300,15.520000457763672,0.0
SMTC,2010-02-12,15.390000343322754,15.869999885559082,15.170000076293945,15.739999771118164,787400,15.739999771118164,0.0
SMTC,2010-02-16,15.859999656677246,15.930000305175781,15.739999771118164,15.829999923706055,336600,15.829999923706055,0.0
SMTC,2010-02-17,15.90999984741211,15.90999984741211,15.579999923706055,15.869999885559082,374200,15.869999885559082,0.0
SMTC,2010-02-18,15.899999618530273,16.299999237060547,15.850000381469727,16.299999237060547,514200,16.299999237060547,0.0
SMTC,2010-02-19,16.309999465942383,16.459999084472656,16.139999389648438,16.270000457763672,430400,16.270000457763672,0.0
SMTC,2010-02-22,16.329999923706055,16.440000534057617,16.170000076293945,16.190000534057617,312100,16.190000534057617,0.0
SMTC,2010-02-23,16.110000610351562,16.219999313354492,15.760000228881836,16.020000457763672,435600,16.020000457763672,0.0
SMTC,2010-02-24,16.040000915527344,16.520000457763672,16.010000228881836,16.299999237060547,397400,16.299999237060547,0.0
SMTC,2010-02-25,16.079999923706055,16.079999923706055,15.729999542236328,15.9399995803833,777400,15.9399995803833,0.0
SMTC,2010-02-26,15.970000267028809,16.010000228881836,15.630000114440918,15.869999885559082,471500,15.869999885559082,0.0
SMTC,2010-03-01,15.960000038146973,16.420000076293945,15.869999885559082,16.399999618530273,647100,16.399999618530273,0.0
SMTC,2010-03-02,16.479999542236328,16.84000015258789,16.459999084472656,16.68000030517578,532500,16.68000030517578,0.0
SMTC,2010-03-03,16.649999618530273,16.860000610351562,16.530000686645508,16.559999465942383,421000,16.559999465942383,0.0
SMTC,2010-03-04,16.540000915527344,16.68000030517578,16.40999984741211,16.649999618530273,327200,16.649999618530273,0.0
SMTC,2010-03-05,16.760000228881836,16.950000762939453,16.6200008392334,16.850000381469727,332000,16.850000381469727,0.0
SMTC,2010-03-08,16.799999237060547,17.219999313354492,16.790000915527344,17.170000076293945,527800,17.170000076293945,0.0
SMTC,2010-03-09,17.06999969482422,17.31999969482422,17.059999465942383,17.190000534057617,591700,17.190000534057617,0.0
SMTC,2010-03-10,17.139999389648438,17.489999771118164,17.139999389648438,17.350000381469727,710100,17.350000381469727,0.0
SMTC,2010-03-11,18.100000381469727,18.25,17.579999923706055,17.899999618530273,1967700,17.899999618530273,0.0
SMTC,2010-03-12,17.93000030517578,18.020000457763672,17.75,17.860000610351562,911000,17.860000610351562,0.0
SMTC,2010-03-15,17.75,17.809999465942383,17.510000228881836,17.600000381469727,523900,17.600000381469727,0.0
SMTC,2010-03-16,17.59000015258789,17.940000534057617,17.540000915527344,17.93000030517578,872200,17.93000030517578,0.0
SMTC,2010-03-17,17.899999618530273,18.170000076293945,17.899999618530273,18.049999237060547,704500,18.049999237060547,0.0
SMTC,2010-03-18,17.940000534057617,18.1200008392334,17.780000686645508,17.969999313354492,633900,17.969999313354492,0.0
SMTC,2010-03-19,18.079999923706055,18.079999923706055,17.56999969482422,17.729999542236328,800500,17.729999542236328,0.0
SMTC,2010-03-22,17.6200008392334,18.139999389648438,17.59000015258789,18.049999237060547,649700,18.049999237060547,0.0
SMTC,2010-03-23,18.010000228881836,18.290000915527344,17.920000076293945,18.200000762939453,757500,18.200000762939453,0.0
SMTC,2010-03-24,18.059999465942383,18.059999465942383,17.579999923706055,17.600000381469727,1065800,17.600000381469727,0.0
SMTC,2010-03-25,17.799999237060547,17.860000610351562,17.31999969482422,17.329999923706055,849500,17.329999923706055,0.0
SMTC,2010-03-26,17.34000015258789,17.459999084472656,17.049999237060547,17.06999969482422,930200,17.06999969482422,0.0
SMTC,2010-03-29,17.079999923706055,17.329999923706055,17.079999923706055,17.219999313354492,347600,17.219999313354492,0.0
SMTC,2010-03-30,17.280000686645508,17.43000030517578,16.979999542236328,17.3799991607666,546300,17.3799991607666,0.0
SMTC,2010-03-31,17.389999389648438,17.579999923706055,17.239999771118164,17.43000030517578,1038500,17.43000030517578,0.0
SMTC,2010-04-01,17.5,17.770000457763672,17.360000610351562,17.559999465942383,771300,17.559999465942383,0.0
SMTC,2010-04-05,17.56999969482422,18.0,17.469999313354492,17.959999084472656,496600,17.959999084472656,0.0
SMTC,2010-04-06,17.829999923706055,18.079999923706055,17.690000534057617,18.040000915527344,725800,18.040000915527344,0.0
SMTC,2010-04-07,17.950000762939453,18.200000762939453,17.889999389648438,18.1200008392334,606100,18.1200008392334,0.0
SMTC,2010-04-08,17.979999542236328,18.020000457763672,17.770000457763672,17.860000610351562,429200,17.860000610351562,0.0
SMTC,2010-04-09,17.8700008392334,18.25,17.75,18.239999771118164,720800,18.239999771118164,0.0
SMTC,2010-04-12,18.219999313354492,18.25,18.0,18.06999969482422,483400,18.06999969482422,0.0
SMTC,2010-04-13,18.100000381469727,18.329999923706055,17.979999542236328,18.329999923706055,958100,18.329999923706055,0.0
SMTC,2010-04-14,18.459999084472656,19.450000762939453,18.440000534057617,19.43000030517578,1307100,19.43000030517578,0.0
SMTC,2010-04-15,19.229999542236328,19.40999984741211,19.049999237060547,19.190000534057617,1947800,19.190000534057617,0.0
SMTC,2010-04-16,19.139999389648438,19.31999969482422,18.610000610351562,18.850000381469727,1258600,18.850000381469727,0.0
SMTC,2010-04-19,18.84000015258789,18.959999084472656,18.299999237060547,18.65999984741211,848000,18.65999984741211,0.0
SMTC,2010-04-20,18.75,19.139999389648438,18.75,19.1299991607666,666000,19.1299991607666,0.0
SMTC,2010-04-21,19.18000030517578,19.280000686645508,18.540000915527344,18.780000686645508,596500,18.780000686645508,0.0
SMTC,2010-04-22,18.600000381469727,19.270000457763672,18.260000228881836,19.239999771118164,871900,19.239999771118164,0.0
SMTC,2010-04-23,19.200000762939453,19.3700008392334,18.889999389648438,19.030000686645508,730400,19.030000686645508,0.0
SMTC,2010-04-26,19.040000915527344,19.329999923706055,18.989999771118164,19.170000076293945,854900,19.170000076293945,0.0
SMTC,2010-04-27,19.049999237060547,19.260000228881836,18.559999465942383,18.6299991607666,860900,18.6299991607666,0.0
SMTC,2010-04-28,18.799999237060547,19.0,18.530000686645508,18.760000228881836,404100,18.760000228881836,0.0
SMTC,2010-04-29,18.93000030517578,19.09000015258789,18.56999969482422,19.049999237060547,452500,19.049999237060547,0.0
SMTC,2010-04-30,19.020000457763672,19.020000457763672,18.149999618530273,18.170000076293945,966900,18.170000076293945,0.0
SMTC,2010-05-03,18.18000030517578,18.59000015258789,18.149999618530273,18.540000915527344,411900,18.540000915527344,0.0
SMTC,2010-05-04,18.219999313354492,18.219999313354492,17.579999923706055,17.889999389648438,756100,17.889999389648438,0.0
SMTC,2010-05-05,17.6299991607666,18.09000015258789,17.510000228881836,17.6200008392334,607400,17.6200008392334,0.0
SMTC,2010-05-06,17.479999542236328,18.09000015258789,16.18000030517578,17.219999313354492,1363900,17.219999313354492,0.0
SMTC,2010-05-07,17.139999389648438,17.479999542236328,16.520000457763672,17.079999923706055,1139200,17.079999923706055,0.0
SMTC,2010-05-10,17.969999313354492,18.0,17.399999618530273,17.950000762939453,1327700,17.950000762939453,0.0
SMTC,2010-05-11,17.75,18.18000030517578,17.530000686645508,17.93000030517578,670800,17.93000030517578,0.0
SMTC,2010-05-12,18.030000686645508,18.34000015258789,17.969999313354492,18.309999465942383,704000,18.309999465942383,0.0
SMTC,2010-05-13,18.229999542236328,18.260000228881836,17.65999984741211,17.770000457763672,623600,17.770000457763672,0.0
SMTC,2010-05-14,17.549999237060547,17.709999084472656,17.0,17.25,782300,17.25,0.0
SMTC,2010-05-17,17.34000015258789,17.709999084472656,16.959999084472656,17.670000076293945,855000,17.670000076293945,0.0
SMTC,2010-05-18,17.93000030517578,18.110000610351562,17.450000762939453,17.549999237060547,1199900,17.549999237060547,0.0
SMTC,2010-05-19,17.549999237060547,18.219999313354492,17.459999084472656,17.920000076293945,951400,17.920000076293945,0.0
SMTC,2010-05-20,17.56999969482422,17.719999313354492,17.1200008392334,17.299999237060547,1397100,17.299999237060547,0.0
SMTC,2010-05-21,16.969999313354492,17.829999923706055,16.600000381469727,17.579999923706055,1185900,17.579999923706055,0.0
SMTC,2010-05-24,17.450000762939453,17.739999771118164,17.31999969482422,17.520000457763672,807600,17.520000457763672,0.0
SMTC,2010-05-25,17.0,17.940000534057617,16.739999771118164,17.8700008392334,2173400,17.8700008392334,0.0
SMTC,2010-05-26,17.8799991607666,18.309999465942383,17.770000457763672,17.940000534057617,2111500,17.940000534057617,0.0
SMTC,2010-05-27,18.5,18.84000015258789,17.170000076293945,17.469999313354492,3928800,17.469999313354492,0.0
SMTC,2010-05-28,17.6299991607666,17.8700008392334,17.420000076293945,17.610000610351562,1407300,17.610000610351562,0.0
SMTC,2010-06-01,17.540000915527344,17.84000015258789,17.209999084472656,17.209999084472656,1213000,17.209999084472656,0.0
SMTC,2010-06-02,17.270000457763672,17.56999969482422,17.09000015258789,17.56999969482422,927200,17.56999969482422,0.0
SMTC,2010-06-03,17.489999771118164,17.93000030517578,17.40999984741211,17.8799991607666,859000,17.8799991607666,0.0
SMTC,2010-06-04,17.610000610351562,17.940000534057617,17.360000610351562,17.5,1294100,17.5,0.0
SMTC,2010-06-07,17.479999542236328,17.639999389648438,16.790000915527344,16.81999969482422,1071200,16.81999969482422,0.0
SMTC,2010-06-08,17.25,17.350000381469727,16.530000686645508,16.770000457763672,1620800,16.770000457763672,0.0
SMTC,2010-06-09,16.920000076293945,17.3700008392334,16.729999542236328,17.010000228881836,1402900,17.010000228881836,0.0
SMTC,2010-06-10,17.31999969482422,17.489999771118164,17.170000076293945,17.479999542236328,814400,17.479999542236328,0.0
SMTC,2010-06-11,17.25,17.549999237060547,17.170000076293945,17.479999542236328,814600,17.479999542236328,0.0
SMTC,2010-06-14,17.690000534057617,17.790000915527344,17.31999969482422,17.350000381469727,799500,17.350000381469727,0.0
SMTC,2010-06-15,17.43000030517578,18.239999771118164,17.43000030517578,18.200000762939453,735400,18.200000762939453,0.0
SMTC,2010-06-16,18.049999237060547,18.18000030517578,17.809999465942383,17.979999542236328,699500,17.979999542236328,0.0
SMTC,2010-06-17,18.06999969482422,18.139999389648438,17.700000762939453,17.959999084472656,821700,17.959999084472656,0.0
SMTC,2010-06-18,17.989999771118164,18.190000534057617,17.790000915527344,17.989999771118164,815700,17.989999771118164,0.0
SMTC,2010-06-21,18.190000534057617,18.25,17.59000015258789,17.739999771118164,428200,17.739999771118164,0.0
SMTC,2010-06-22,17.739999771118164,18.1200008392334,17.440000534057617,17.469999313354492,655600,17.469999313354492,0.0
SMTC,2010-06-23,17.399999618530273,17.770000457763672,17.290000915527344,17.549999237060547,601100,17.549999237060547,0.0
SMTC,2010-06-24,17.450000762939453,17.579999923706055,17.079999923706055,17.139999389648438,639500,17.139999389648438,0.0
SMTC,2010-06-25,17.15999984741211,17.420000076293945,16.829999923706055,17.350000381469727,901500,17.350000381469727,0.0
SMTC,2010-06-28,17.389999389648438,17.579999923706055,17.06999969482422,17.43000030517578,324100,17.43000030517578,0.0
SMTC,2010-06-29,17.1200008392334,17.1200008392334,16.56999969482422,16.719999313354492,1064200,16.719999313354492,0.0
SMTC,2010-06-30,16.729999542236328,16.860000610351562,16.34000015258789,16.3700008392334,622300,16.3700008392334,0.0
SMTC,2010-07-01,16.389999389648438,16.610000610351562,15.949999809265137,16.43000030517578,610100,16.43000030517578,0.0
SMTC,2010-07-02,16.549999237060547,16.549999237060547,16.09000015258789,16.280000686645508,431100,16.280000686645508,0.0
SMTC,2010-07-06,16.540000915527344,16.68000030517578,15.970000267028809,16.100000381469727,482200,16.100000381469727,0.0
SMTC,2010-07-07,16.15999984741211,16.989999771118164,16.15999984741211,16.959999084472656,484900,16.959999084472656,0.0
SMTC,2010-07-08,17.139999389648438,17.139999389648438,16.719999313354492,16.93000030517578,497500,16.93000030517578,0.0
SMTC,2010-07-09,16.860000610351562,17.09000015258789,16.760000228881836,17.09000015258789,220600,17.09000015258789,0.0
SMTC,2010-07-12,16.989999771118164,17.260000228881836,16.809999465942383,17.09000015258789,331300,17.09000015258789,0.0
SMTC,2010-07-13,17.309999465942383,17.760000228881836,17.149999618530273,17.670000076293945,393800,17.670000076293945,0.0
SMTC,2010-07-14,17.649999618530273,17.889999389648438,17.489999771118164,17.670000076293945,546400,17.670000076293945,0.0
SMTC,2010-07-15,17.700000762939453,17.700000762939453,17.309999465942383,17.510000228881836,264200,17.510000228881836,0.0
SMTC,2010-07-16,17.360000610351562,17.510000228881836,16.8700008392334,16.920000076293945,361500,16.920000076293945,0.0
SMTC,2010-07-19,16.899999618530273,17.3799991607666,16.8799991607666,17.3700008392334,263900,17.3700008392334,0.0
SMTC,2010-07-20,17.06999969482422,17.299999237060547,16.59000015258789,17.299999237060547,449300,17.299999237060547,0.0
SMTC,2010-07-21,17.440000534057617,17.440000534057617,16.799999237060547,16.829999923706055,426800,16.829999923706055,0.0
SMTC,2010-07-22,17.06999969482422,17.399999618530273,16.860000610351562,17.3700008392334,1105800,17.3700008392334,0.0
SMTC,2010-07-23,17.260000228881836,17.889999389648438,17.059999465942383,17.860000610351562,456200,17.860000610351562,0.0
SMTC,2010-07-26,17.969999313354492,18.440000534057617,17.770000457763672,18.399999618530273,512500,18.399999618530273,0.0
SMTC,2010-07-27,18.579999923706055,18.809999465942383,18.3700008392334,18.40999984741211,666800,18.40999984741211,0.0
SMTC,2010-07-28,18.399999618530273,18.530000686645508,17.780000686645508,17.90999984741211,466200,17.90999984741211,0.0
SMTC,2010-07-29,18.010000228881836,18.100000381469727,17.290000915527344,17.56999969482422,390700,17.56999969482422,0.0
SMTC,2010-07-30,17.280000686645508,17.56999969482422,17.139999389648438,17.3799991607666,279300,17.3799991607666,0.0
SMTC,2010-08-02,17.65999984741211,17.75,17.440000534057617,17.65999984741211,340200,17.65999984741211,0.0
SMTC,2010-08-03,17.579999923706055,17.75,17.40999984741211,17.6200008392334,290100,17.6200008392334,0.0
SMTC,2010-08-04,17.649999618530273,17.739999771118164,17.469999313354492,17.68000030517578,172400,17.68000030517578,0.0
SMTC,2010-08-05,17.549999237060547,17.729999542236328,17.459999084472656,17.520000457763672,204000,17.520000457763672,0.0
SMTC,2010-08-06,17.34000015258789,17.670000076293945,17.25,17.639999389648438,391900,17.639999389648438,0.0
SMTC,2010-08-09,17.75,17.84000015258789,17.59000015258789,17.770000457763672,275900,17.770000457763672,0.0
SMTC,2010-08-10,17.520000457763672,17.6299991607666,17.079999923706055,17.3700008392334,337600,17.3700008392334,0.0
SMTC,2010-08-11,17.030000686645508,17.06999969482422,16.520000457763672,16.700000762939453,721000,16.700000762939453,0.0
SMTC,2010-08-12,16.350000381469727,16.459999084472656,16.010000228881836,16.40999984741211,381300,16.40999984741211,0.0
SMTC,2010-08-13,16.360000610351562,16.540000915527344,16.219999313354492,16.239999771118164,356200,16.239999771118164,0.0
SMTC,2010-08-16,16.1200008392334,16.56999969482422,16.049999237060547,16.40999984741211,280000,16.40999984741211,0.0
SMTC,2010-08-17,16.600000381469727,16.950000762939453,16.420000076293945,16.690000534057617,378000,16.690000534057617,0.0
SMTC,2010-08-18,16.6200008392334,17.059999465942383,16.450000762939453,16.850000381469727,393500,16.850000381469727,0.0
SMTC,2010-08-19,16.770000457763672,16.899999618530273,16.299999237060547,16.469999313354492,438000,16.469999313354492,0.0
SMTC,2010-08-20,16.399999618530273,16.610000610351562,16.139999389648438,16.389999389648438,481200,16.389999389648438,0.0
SMTC,2010-08-23,16.549999237060547,16.649999618530273,16.450000762939453,16.459999084472656,726600,16.459999084472656,0.0
SMTC,2010-08-24,16.18000030517578,17.06999969482422,16.149999618530273,16.850000381469727,672400,16.850000381469727,0.0
SMTC,2010-08-25,16.739999771118164,16.979999542236328,16.479999542236328,16.90999984741211,777200,16.90999984741211,0.0
SMTC,2010-08-26,18.15999984741211,18.34000015258789,16.700000762939453,16.8799991607666,1737300,16.8799991607666,0.0
SMTC,2010-08-27,17.110000610351562,17.3700008392334,16.709999084472656,17.329999923706055,830200,17.329999923706055,0.0
SMTC,2010-08-30,17.219999313354492,17.389999389648438,16.93000030517578,16.940000534057617,424400,16.940000534057617,0.0
SMTC,2010-08-31,16.8700008392334,17.110000610351562,16.43000030517578,16.600000381469727,711200,16.600000381469727,0.0
SMTC,2010-09-01,16.8799991607666,17.299999237060547,16.670000076293945,17.0,493800,17.0,0.0
SMTC,2010-09-02,17.049999237060547,17.329999923706055,16.989999771118164,17.290000915527344,284300,17.290000915527344,0.0
SMTC,2010-09-03,17.469999313354492,17.790000915527344,17.239999771118164,17.65999984741211,328500,17.65999984741211,0.0
SMTC,2010-09-07,17.639999389648438,17.639999389648438,17.079999923706055,17.09000015258789,341300,17.09000015258789,0.0
SMTC,2010-09-08,17.1200008392334,17.18000030517578,16.850000381469727,17.100000381469727,509100,17.100000381469727,0.0
SMTC,2010-09-09,17.299999237060547,17.450000762939453,16.8799991607666,16.940000534057617,293300,16.940000534057617,0.0
SMTC,2010-09-10,16.93000030517578,16.93000030517578,16.450000762939453,16.809999465942383,606700,16.809999465942383,0.0
SMTC,2010-09-13,16.969999313354492,17.81999969482422,16.969999313354492,17.739999771118164,688400,17.739999771118164,0.0
SMTC,2010-09-14,17.5,18.110000610351562,17.459999084472656,17.979999542236328,712600,17.979999542236328,0.0
SMTC,2010-09-15,17.959999084472656,18.440000534057617,17.709999084472656,18.350000381469727,795600,18.350000381469727,0.0
SMTC,2010-09-16,18.260000228881836,18.469999313354492,18.079999923706055,18.309999465942383,396200,18.309999465942383,0.0
SMTC,2010-09-17,18.469999313354492,18.600000381469727,18.190000534057617,18.530000686645508,1137500,18.530000686645508,0.0
SMTC,2010-09-20,18.540000915527344,19.18000030517578,18.40999984741211,19.170000076293945,1124700,19.170000076293945,0.0
SMTC,2010-09-21,19.06999969482422,19.399999618530273,19.030000686645508,19.209999084472656,641700,19.209999084472656,0.0
SMTC,2010-09-22,19.0,19.170000076293945,18.729999542236328,19.010000228881836,764900,19.010000228881836,0.0
SMTC,2010-09-23,18.81999969482422,19.31999969482422,18.700000762939453,18.809999465942383,522600,18.809999465942383,0.0
SMTC,2010-09-24,19.1200008392334,19.809999465942383,19.100000381469727,19.670000076293945,992100,19.670000076293945,0.0
SMTC,2010-09-27,19.56999969482422,19.799999237060547,19.309999465942383,19.350000381469727,551800,19.350000381469727,0.0
SMTC,2010-09-28,19.40999984741211,19.989999771118164,18.75,19.959999084472656,736400,19.959999084472656,0.0
SMTC,2010-09-29,19.959999084472656,20.329999923706055,19.81999969482422,20.280000686645508,1653800,20.280000686645508,0.0
SMTC,2010-09-30,20.350000381469727,20.469999313354492,19.940000534057617,20.190000534057617,818200,20.190000534057617,0.0
SMTC,2010-10-01,20.270000457763672,20.299999237060547,19.979999542236328,20.219999313354492,409800,20.219999313354492,0.0
SMTC,2010-10-04,20.209999084472656,20.43000030517578,19.889999389648438,20.15999984741211,609000,20.15999984741211,0.0
SMTC,2010-10-05,20.43000030517578,20.979999542236328,20.280000686645508,20.950000762939453,828000,20.950000762939453,0.0
SMTC,2010-10-06,20.799999237060547,20.93000030517578,20.15999984741211,20.3799991607666,703600,20.3799991607666,0.0
SMTC,2010-10-07,20.530000686645508,20.56999969482422,20.1200008392334,20.389999389648438,508400,20.389999389648438,0.0
SMTC,2010-10-08,20.309999465942383,20.860000610351562,20.06999969482422,20.739999771118164,672600,20.739999771118164,0.0
SMTC,2010-10-11,20.579999923706055,20.780000686645508,20.489999771118164,20.549999237060547,597100,20.549999237060547,0.0
SMTC,2010-10-12,20.5,20.780000686645508,20.309999465942383,20.709999084472656,619300,20.709999084472656,0.0
SMTC,2010-10-13,20.75,20.770000457763672,20.399999618530273,20.68000030517578,676000,20.68000030517578,0.0
SMTC,2010-10-14,20.59000015258789,20.850000381469727,20.510000228881836,20.6299991607666,700000,20.6299991607666,0.0
SMTC,2010-10-15,20.90999984741211,20.940000534057617,20.479999542236328,20.809999465942383,594200,20.809999465942383,0.0
SMTC,2010-10-18,20.8799991607666,20.8799991607666,20.59000015258789,20.770000457763672,365400,20.770000457763672,0.0
SMTC,2010-10-19,20.440000534057617,20.760000228881836,20.260000228881836,20.389999389648438,521100,20.389999389648438,0.0
SMTC,2010-10-20,20.520000457763672,20.760000228881836,20.360000610351562,20.6299991607666,262200,20.6299991607666,0.0
SMTC,2010-10-21,20.739999771118164,20.739999771118164,20.0,20.229999542236328,803500,20.229999542236328,0.0
SMTC,2010-10-22,20.329999923706055,20.81999969482422,20.219999313354492,20.719999313354492,551000,20.719999313354492,0.0
SMTC,2010-10-25,20.889999389648438,21.100000381469727,20.790000915527344,20.899999618530273,434000,20.899999618530273,0.0
SMTC,2010-10-26,20.719999313354492,20.940000534057617,20.479999542236328,20.729999542236328,496500,20.729999542236328,0.0
SMTC,2010-10-27,20.540000915527344,21.299999237060547,20.420000076293945,21.270000457763672,538700,21.270000457763672,0.0
SMTC,2010-10-28,21.34000015258789,21.399999618530273,20.969999313354492,21.229999542236328,455500,21.229999542236328,0.0
SMTC,2010-10-29,21.209999084472656,21.469999313354492,21.030000686645508,21.40999984741211,443600,21.40999984741211,0.0
SMTC,2010-11-01,21.459999084472656,21.670000076293945,21.360000610351562,21.440000534057617,631200,21.440000534057617,0.0
SMTC,2010-11-02,21.65999984741211,21.739999771118164,21.200000762939453,21.690000534057617,678700,21.690000534057617,0.0
SMTC,2010-11-03,21.700000762939453,21.969999313354492,21.600000381469727,21.959999084472656,373400,21.959999084472656,0.0
SMTC,2010-11-04,22.059999465942383,22.43000030517578,22.059999465942383,22.350000381469727,713600,22.350000381469727,0.0
SMTC,2010-11-05,22.329999923706055,22.68000030517578,22.190000534057617,22.6200008392334,699000,22.6200008392334,0.0
SMTC,2010-11-08,22.540000915527344,23.190000534057617,22.3799991607666,22.90999984741211,1293900,22.90999984741211,0.0
SMTC,2010-11-09,23.06999969482422,23.34000015258789,22.8799991607666,23.190000534057617,1144600,23.190000534057617,0.0
SMTC,2010-11-10,23.239999771118164,23.239999771118164,22.75,23.049999237060547,743700,23.049999237060547,0.0
SMTC,2010-11-11,22.719999313354492,23.149999618530273,22.3799991607666,23.0,781600,23.0,0.0
SMTC,2010-11-12,23.200000762939453,23.690000534057617,22.940000534057617,23.049999237060547,1107100,23.049999237060547,0.0
SMTC,2010-11-15,23.239999771118164,23.510000228881836,22.8799991607666,22.899999618530273,595400,22.899999618530273,0.0
SMTC,2010-11-16,22.68000030517578,23.5,22.469999313354492,22.600000381469727,592900,22.600000381469727,0.0
SMTC,2010-11-17,22.65999984741211,22.760000228881836,22.399999618530273,22.489999771118164,489700,22.489999771118164,0.0
SMTC,2010-11-18,22.65999984741211,23.059999465942383,22.65999984741211,22.989999771118164,571200,22.989999771118164,0.0
SMTC,2010-11-19,23.030000686645508,23.329999923706055,22.920000076293945,23.170000076293945,645900,23.170000076293945,0.0
SMTC,2010-11-22,23.170000076293945,23.43000030517578,22.969999313354492,23.3799991607666,494100,23.3799991607666,0.0
SMTC,2010-11-23,23.18000030517578,23.270000457763672,22.90999984741211,23.25,410600,23.25,0.0
SMTC,2010-11-24,23.469999313354492,24.100000381469727,23.469999313354492,24.06999969482422,512100,24.06999969482422,0.0
SMTC,2010-11-26,23.950000762939453,24.049999237060547,23.780000686645508,23.90999984741211,163300,23.90999984741211,0.0
SMTC,2010-11-29,23.790000915527344,23.8700008392334,23.459999084472656,23.639999389648438,621400,23.639999389648438,0.0
SMTC,2010-11-30,23.469999313354492,23.600000381469727,23.219999313354492,23.389999389648438,935600,23.389999389648438,0.0
SMTC,2010-12-01,23.81999969482422,24.389999389648438,23.739999771118164,24.030000686645508,973600,24.030000686645508,0.0
SMTC,2010-12-02,22.829999923706055,23.469999313354492,22.530000686645508,23.329999923706055,1439000,23.329999923706055,0.0
SMTC,2010-12-03,23.31999969482422,24.190000534057617,22.770000457763672,24.1299991607666,696700,24.1299991607666,0.0
SMTC,2010-12-06,24.0,24.100000381469727,23.459999084472656,23.68000030517578,809400,23.68000030517578,0.0
SMTC,2010-12-07,23.979999542236328,24.100000381469727,23.799999237060547,23.90999984741211,511800,23.90999984741211,0.0
SMTC,2010-12-08,23.969999313354492,24.219999313354492,23.709999084472656,24.059999465942383,528200,24.059999465942383,0.0
SMTC,2010-12-09,24.1200008392334,24.200000762939453,23.829999923706055,23.969999313354492,517300,23.969999313354492,0.0
SMTC,2010-12-10,23.959999084472656,23.989999771118164,23.65999984741211,23.93000030517578,367000,23.93000030517578,0.0
SMTC,2010-12-13,24.280000686645508,25.049999237060547,24.079999923706055,24.43000030517578,1313200,24.43000030517578,0.0
SMTC,2010-12-14,24.579999923706055,24.600000381469727,23.940000534057617,24.200000762939453,911000,24.200000762939453,0.0
SMTC,2010-12-15,24.200000762939453,24.280000686645508,23.6200008392334,23.639999389648438,719800,23.639999389648438,0.0
SMTC,2010-12-16,23.6200008392334,23.739999771118164,23.31999969482422,23.559999465942383,836000,23.559999465942383,0.0
SMTC,2010-12-17,23.610000610351562,23.719999313354492,23.170000076293945,23.290000915527344,1092800,23.290000915527344,0.0
SMTC,2010-12-20,23.260000228881836,23.3700008392334,22.860000610351562,23.18000030517578,458300,23.18000030517578,0.0
SMTC,2010-12-21,23.299999237060547,23.3799991607666,23.18000030517578,23.31999969482422,304300,23.31999969482422,0.0
SMTC,2010-12-22,23.329999923706055,23.3700008392334,23.010000228881836,23.31999969482422,382000,23.31999969482422,0.0
SMTC,2010-12-23,23.239999771118164,23.360000610351562,23.0,23.059999465942383,284500,23.059999465942383,0.0
SMTC,2010-12-27,22.920000076293945,23.280000686645508,22.670000076293945,23.209999084472656,217100,23.209999084472656,0.0
SMTC,2010-12-28,23.110000610351562,23.200000762939453,22.8700008392334,22.969999313354492,273400,22.969999313354492,0.0
SMTC,2010-12-29,22.93000030517578,23.100000381469727,22.780000686645508,23.010000228881836,193100,23.010000228881836,0.0
SMTC,2010-12-30,23.0,23.06999969482422,22.899999618530273,22.959999084472656,239600,22.959999084472656,0.0
SMTC,2010-12-31,22.899999618530273,23.010000228881836,22.639999389648438,22.639999389648438,428900,22.639999389648438,0.0
SMTC,2011-01-03,22.75,23.139999389648438,22.649999618530273,22.90999984741211,497900,22.90999984741211,0.0
SMTC,2011-01-04,23.020000457763672,23.020000457763672,22.18000030517578,22.40999984741211,558500,22.40999984741211,0.0
SMTC,2011-01-05,22.1299991607666,22.59000015258789,21.450000762939453,22.469999313354492,1029100,22.469999313354492,0.0
SMTC,2011-01-06,22.469999313354492,22.770000457763672,22.450000762939453,22.6299991607666,414000,22.6299991607666,0.0
SMTC,2011-01-07,22.719999313354492,22.739999771118164,22.209999084472656,22.510000228881836,363300,22.510000228881836,0.0
SMTC,2011-01-10,22.31999969482422,22.799999237060547,22.25,22.649999618530273,314800,22.649999618530273,0.0
SMTC,2011-01-11,22.790000915527344,23.31999969482422,22.700000762939453,23.1299991607666,682700,23.1299991607666,0.0
SMTC,2011-01-12,23.389999389648438,23.440000534057617,22.8700008392334,23.260000228881836,1035600,23.260000228881836,0.0
SMTC,2011-01-13,23.25,23.329999923706055,22.959999084472656,23.329999923706055,459300,23.329999923706055,0.0
SMTC,2011-01-14,23.260000228881836,23.520000457763672,23.219999313354492,23.440000534057617,665800,23.440000534057617,0.0
SMTC,2011-01-18,23.5,23.790000915527344,23.1200008392334,23.639999389648438,1131400,23.639999389648438,0.0
SMTC,2011-01-19,23.639999389648438,23.790000915527344,22.950000762939453,22.959999084472656,878000,22.959999084472656,0.0
SMTC,2011-01-20,22.780000686645508,22.84000015258789,22.09000015258789,22.149999618530273,1104900,22.149999618530273,0.0
SMTC,2011-01-21,22.149999618530273,22.329999923706055,21.670000076293945,21.700000762939453,708900,21.700000762939453,0.0
SMTC,2011-01-24,21.59000015258789,22.389999389648438,21.559999465942383,22.280000686645508,746200,22.280000686645508,0.0
SMTC,2011-01-25,22.110000610351562,22.170000076293945,21.760000228881836,21.979999542236328,579600,21.979999542236328,0.0
SMTC,2011-01-26,21.969999313354492,22.219999313354492,21.84000015258789,22.1299991607666,645100,22.1299991607666,0.0
SMTC,2011-01-27,22.25,22.440000534057617,22.1200008392334,22.219999313354492,624100,22.219999313354492,0.0
SMTC,2011-01-28,22.170000076293945,22.329999923706055,21.559999465942383,21.739999771118164,905200,21.739999771118164,0.0
SMTC,2011-01-31,21.790000915527344,21.969999313354492,21.299999237060547,21.84000015258789,539200,21.84000015258789,0.0
SMTC,2011-02-01,21.940000534057617,22.25,21.90999984741211,22.15999984741211,709300,22.15999984741211,0.0
SMTC,2011-02-02,22.010000228881836,22.3700008392334,22.0,22.139999389648438,413900,22.139999389648438,0.0
SMTC,2011-02-03,21.989999771118164,22.25,21.770000457763672,22.110000610351562,607700,22.110000610351562,0.0
SMTC,2011-02-04,22.190000534057617,22.510000228881836,21.969999313354492,22.469999313354492,394100,22.469999313354492,0.0
SMTC,2011-02-07,22.469999313354492,22.739999771118164,22.299999237060547,22.469999313354492,366700,22.469999313354492,0.0
SMTC,2011-02-08,22.5,22.5,22.18000030517578,22.450000762939453,305100,22.450000762939453,0.0
SMTC,2011-02-09,22.31999969482422,22.510000228881836,22.260000228881836,22.3799991607666,554900,22.3799991607666,0.0
SMTC,2011-02-10,22.200000762939453,22.5,21.940000534057617,22.489999771118164,462700,22.489999771118164,0.0
SMTC,2011-02-11,22.309999465942383,23.09000015258789,22.110000610351562,22.969999313354492,610800,22.969999313354492,0.0
SMTC,2011-02-14,23.040000915527344,23.270000457763672,22.850000381469727,23.1299991607666,482700,23.1299991607666,0.0
SMTC,2011-02-15,23.030000686645508,23.209999084472656,22.700000762939453,22.959999084472656,349200,22.959999084472656,0.0
SMTC,2011-02-16,23.100000381469727,23.190000534057617,22.850000381469727,23.100000381469727,313800,23.100000381469727,0.0
SMTC,2011-02-17,23.040000915527344,23.3700008392334,22.540000915527344,23.329999923706055,203100,23.329999923706055,0.0
SMTC,2011-02-18,23.770000457763672,24.719999313354492,23.729999542236328,24.350000381469727,1388000,24.350000381469727,0.0
SMTC,2011-02-22,24.149999618530273,24.389999389648438,23.299999237060547,23.360000610351562,667800,23.360000610351562,0.0
SMTC,2011-02-23,23.389999389648438,23.440000534057617,22.610000610351562,22.6200008392334,1204900,22.6200008392334,0.0
SMTC,2011-02-24,22.670000076293945,22.829999923706055,22.309999465942383,22.59000015258789,1403700,22.59000015258789,0.0
SMTC,2011-02-25,22.6200008392334,23.790000915527344,22.6200008392334,23.790000915527344,532300,23.790000915527344,0.0
SMTC,2011-02-28,24.030000686645508,24.290000915527344,23.420000076293945,23.68000030517578,522500,23.68000030517578,0.0
SMTC,2011-03-01,23.780000686645508,23.969999313354492,23.260000228881836,23.329999923706055,508700,23.329999923706055,0.0
SMTC,2011-03-02,23.280000686645508,24.010000228881836,23.280000686645508,23.6299991607666,509300,23.6299991607666,0.0
SMTC,2011-03-03,23.90999984741211,24.420000076293945,23.90999984741211,24.229999542236328,407200,24.229999542236328,0.0
SMTC,2011-03-04,24.149999618530273,24.239999771118164,23.889999389648438,24.15999984741211,366800,24.15999984741211,0.0
SMTC,2011-03-07,24.219999313354492,24.469999313354492,23.31999969482422,23.649999618530273,491500,23.649999618530273,0.0
SMTC,2011-03-08,23.6299991607666,24.31999969482422,23.350000381469727,23.920000076293945,561000,23.920000076293945,0.0
SMTC,2011-03-09,23.84000015258789,23.84000015258789,22.25,22.5,1489600,22.5,0.0
SMTC,2011-03-10,24.469999313354492,25.719999313354492,23.850000381469727,25.010000228881836,3582200,25.010000228881836,0.0
SMTC,2011-03-11,24.979999542236328,25.219999313354492,24.579999923706055,24.799999237060547,740700,24.799999237060547,0.0
SMTC,2011-03-14,24.5,24.90999984741211,24.100000381469727,24.31999969482422,764000,24.31999969482422,0.0
SMTC,2011-03-15,23.360000610351562,24.149999618530273,22.84000015258789,23.93000030517578,830300,23.93000030517578,0.0
SMTC,2011-03-16,23.790000915527344,24.020000457763672,23.360000610351562,23.520000457763672,774300,23.520000457763672,0.0
SMTC,2011-03-17,23.920000076293945,23.989999771118164,23.209999084472656,23.239999771118164,555400,23.239999771118164,0.0
SMTC,2011-03-18,23.43000030517578,23.700000762939453,22.950000762939453,23.25,984800,23.25,0.0
SMTC,2011-03-21,23.440000534057617,23.860000610351562,23.350000381469727,23.709999084472656,345900,23.709999084472656,0.0
SMTC,2011-03-22,23.6200008392334,23.75,23.459999084472656,23.56999969482422,270000,23.56999969482422,0.0
SMTC,2011-03-23,23.489999771118164,23.920000076293945,23.309999465942383,23.8700008392334,394500,23.8700008392334,0.0
SMTC,2011-03-24,23.989999771118164,24.399999618530273,23.700000762939453,24.270000457763672,318400,24.270000457763672,0.0
SMTC,2011-03-25,24.399999618530273,24.799999237060547,24.15999984741211,24.389999389648438,336800,24.389999389648438,0.0
SMTC,2011-03-28,24.329999923706055,24.690000534057617,24.010000228881836,24.110000610351562,454100,24.110000610351562,0.0
SMTC,2011-03-29,24.0,24.5,23.799999237060547,24.450000762939453,345900,24.450000762939453,0.0
SMTC,2011-03-30,24.43000030517578,25.079999923706055,24.31999969482422,25.059999465942383,869000,25.059999465942383,0.0
SMTC,2011-03-31,25.0,25.170000076293945,24.84000015258789,25.020000457763672,481600,25.020000457763672,0.0
SMTC,2011-04-01,25.06999969482422,25.110000610351562,24.610000610351562,24.709999084472656,408000,24.709999084472656,0.0
SMTC,2011-04-04,24.770000457763672,24.770000457763672,24.059999465942383,24.3700008392334,365800,24.3700008392334,0.0
SMTC,2011-04-05,24.43000030517578,26.59000015258789,24.43000030517578,26.190000534057617,1994700,26.190000534057617,0.0
SMTC,2011-04-06,26.190000534057617,26.290000915527344,25.850000381469727,26.15999984741211,537500,26.15999984741211,0.0
SMTC,2011-04-07,25.969999313354492,26.260000228881836,25.940000534057617,26.040000915527344,493300,26.040000915527344,0.0
SMTC,2011-04-08,26.239999771118164,26.299999237060547,25.809999465942383,26.030000686645508,512500,26.030000686645508,0.0
SMTC,2011-04-11,26.15999984741211,26.290000915527344,25.700000762939453,25.969999313354492,418400,25.969999313354492,0.0
SMTC,2011-04-12,25.75,25.81999969482422,25.1200008392334,25.43000030517578,545600,25.43000030517578,0.0
SMTC,2011-04-13,25.6299991607666,25.670000076293945,25.280000686645508,25.6200008392334,578100,25.6200008392334,0.0
SMTC,2011-04-14,25.329999923706055,25.770000457763672,25.260000228881836,25.709999084472656,401000,25.709999084472656,0.0
SMTC,2011-04-15,25.600000381469727,25.700000762939453,25.229999542236328,25.600000381469727,438000,25.600000381469727,0.0
SMTC,2011-04-18,25.239999771118164,25.350000381469727,24.540000915527344,25.09000015258789,557600,25.09000015258789,0.0
SMTC,2011-04-19,25.1299991607666,25.239999771118164,24.739999771118164,25.110000610351562,335700,25.110000610351562,0.0
SMTC,2011-04-20,25.65999984741211,26.65999984741211,25.639999389648438,26.639999389648438,698900,26.639999389648438,0.0
SMTC,2011-04-21,26.81999969482422,27.219999313354492,26.6200008392334,27.1299991607666,452700,27.1299991607666,0.0
SMTC,2011-04-25,27.149999618530273,27.739999771118164,27.1299991607666,27.479999542236328,847500,27.479999542236328,0.0
SMTC,2011-04-26,27.549999237060547,28.200000762939453,27.260000228881836,27.8700008392334,760400,27.8700008392334,0.0
SMTC,2011-04-27,27.770000457763672,28.020000457763672,27.459999084472656,27.860000610351562,323100,27.860000610351562,0.0
SMTC,2011-04-28,27.799999237060547,27.979999542236328,27.600000381469727,27.860000610351562,220000,27.860000610351562,0.0
SMTC,2011-04-29,27.950000762939453,28.290000915527344,27.799999237060547,28.06999969482422,280000,28.06999969482422,0.0
SMTC,2011-05-02,28.270000457763672,28.329999923706055,27.709999084472656,27.729999542236328,406700,27.729999542236328,0.0
SMTC,2011-05-03,27.690000534057617,28.079999923706055,26.84000015258789,27.010000228881836,411100,27.010000228881836,0.0
SMTC,2011-05-04,27.030000686645508,27.350000381469727,26.6299991607666,27.15999984741211,303700,27.15999984741211,0.0
SMTC,2011-05-05,27.0,28.0,26.850000381469727,27.360000610351562,327500,27.360000610351562,0.0
SMTC,2011-05-06,27.6299991607666,28.1299991607666,27.3700008392334,27.579999923706055,402900,27.579999923706055,0.0
SMTC,2011-05-09,27.479999542236328,28.09000015258789,27.190000534057617,27.959999084472656,319000,27.959999084472656,0.0
SMTC,2011-05-10,28.049999237060547,28.280000686645508,27.649999618530273,27.920000076293945,284900,27.920000076293945,0.0
SMTC,2011-05-11,27.790000915527344,28.0,27.31999969482422,27.579999923706055,486600,27.579999923706055,0.0
SMTC,2011-05-12,27.40999984741211,28.399999618530273,27.15999984741211,28.309999465942383,269900,28.309999465942383,0.0
SMTC,2011-05-13,28.56999969482422,28.56999969482422,28.010000228881836,28.1200008392334,548200,28.1200008392334,0.0
SMTC,2011-05-16,28.079999923706055,28.25,27.81999969482422,27.90999984741211,606100,27.90999984741211,0.0
SMTC,2011-05-17,27.84000015258789,28.059999465942383,27.260000228881836,27.420000076293945,371600,27.420000076293945,0.0
SMTC,2011-05-18,27.559999465942383,29.270000457763672,27.530000686645508,28.979999542236328,816800,28.979999542236328,0.0
SMTC,2011-05-19,29.139999389648438,29.18000030517578,28.040000915527344,28.25,533000,28.25,0.0
SMTC,2011-05-20,28.079999923706055,28.469999313354492,27.979999542236328,28.100000381469727,558200,28.100000381469727,0.0
SMTC,2011-05-23,28.010000228881836,28.079999923706055,27.239999771118164,27.450000762939453,367100,27.450000762939453,0.0
SMTC,2011-05-24,27.59000015258789,27.59000015258789,26.809999465942383,27.010000228881836,579700,27.010000228881836,0.0
SMTC,2011-05-25,27.030000686645508,27.510000228881836,26.579999923706055,27.290000915527344,1033500,27.290000915527344,0.0
SMTC,2011-05-26,29.110000610351562,29.469999313354492,27.729999542236328,28.260000228881836,1235600,28.260000228881836,0.0
SMTC,2011-05-27,28.5,28.709999084472656,28.200000762939453,28.260000228881836,909000,28.260000228881836,0.0
SMTC,2011-05-31,28.15999984741211,28.65999984741211,28.0,28.6200008392334,1007300,28.6200008392334,0.0
SMTC,2011-06-01,28.6200008392334,28.700000762939453,27.309999465942383,27.399999618530273,695600,27.399999618530273,0.0
SMTC,2011-06-02,27.309999465942383,27.6299991607666,27.149999618530273,27.5,328100,27.5,0.0
SMTC,2011-06-03,27.040000915527344,27.40999984741211,26.780000686645508,26.959999084472656,793100,26.959999084472656,0.0
SMTC,2011-06-06,26.84000015258789,27.170000076293945,26.670000076293945,27.010000228881836,627400,27.010000228881836,0.0
SMTC,2011-06-07,27.729999542236328,27.729999542236328,26.90999984741211,27.190000534057617,473900,27.190000534057617,0.0
SMTC,2011-06-08,26.899999618530273,26.90999984741211,26.270000457763672,26.559999465942383,596700,26.559999465942383,0.0
SMTC,2011-06-09,26.799999237060547,26.829999923706055,26.3799991607666,26.530000686645508,290400,26.530000686645508,0.0
SMTC,2011-06-10,26.3799991607666,26.3799991607666,25.59000015258789,25.670000076293945,911800,25.670000076293945,0.0
SMTC,2011-06-13,25.90999984741211,26.010000228881836,25.18000030517578,25.299999237060547,640600,25.299999237060547,0.0
SMTC,2011-06-14,25.56999969482422,25.920000076293945,25.3700008392334,25.81999969482422,449400,25.81999969482422,0.0
SMTC,2011-06-15,25.5,25.780000686645508,24.920000076293945,25.100000381469727,408100,25.100000381469727,0.0
SMTC,2011-06-16,25.0,25.190000534057617,24.440000534057617,24.709999084472656,487600,24.709999084472656,0.0
SMTC,2011-06-17,24.8700008392334,25.09000015258789,24.360000610351562,24.739999771118164,1148500,24.739999771118164,0.0
SMTC,2011-06-20,24.559999465942383,24.90999984741211,24.110000610351562,24.329999923706055,773000,24.329999923706055,0.0
SMTC,2011-06-21,24.5,25.3700008392334,24.309999465942383,25.040000915527344,720300,25.040000915527344,0.0
SMTC,2011-06-22,24.829999923706055,25.25,24.610000610351562,25.139999389648438,737000,25.139999389648438,0.0
SMTC,2011-06-23,24.799999237060547,25.950000762939453,24.690000534057617,25.889999389648438,671400,25.889999389648438,0.0
SMTC,2011-06-24,25.899999618530273,26.239999771118164,25.469999313354492,25.719999313354492,897100,25.719999313354492,0.0
SMTC,2011-06-27,25.770000457763672,25.959999084472656,25.350000381469727,25.75,499600,25.75,0.0
SMTC,2011-06-28,25.770000457763672,26.43000030517578,25.670000076293945,26.350000381469727,462300,26.350000381469727,0.0
SMTC,2011-06-29,26.399999618530273,26.739999771118164,26.0,26.530000686645508,675400,26.530000686645508,0.0
SMTC,2011-06-30,26.520000457763672,27.479999542236328,26.420000076293945,27.34000015258789,707200,27.34000015258789,0.0
SMTC,2011-07-01,27.290000915527344,27.65999984741211,26.950000762939453,27.600000381469727,408800,27.600000381469727,0.0
SMTC,2011-07-05,27.489999771118164,27.700000762939453,27.31999969482422,27.6200008392334,325400,27.6200008392334,0.0
SMTC,2011-07-06,27.6200008392334,27.8700008392334,27.31999969482422,27.8700008392334,549600,27.8700008392334,0.0
SMTC,2011-07-07,28.0,28.329999923706055,27.81999969482422,27.899999618530273,628900,27.899999618530273,0.0
SMTC,2011-07-08,27.559999465942383,27.940000534057617,27.270000457763672,27.90999984741211,459600,27.90999984741211,0.0
SMTC,2011-07-11,27.360000610351562,27.889999389648438,27.309999465942383,27.479999542236328,427300,27.479999542236328,0.0
SMTC,2011-07-12,27.290000915527344,27.290000915527344,25.579999923706055,26.25,1097000,26.25,0.0
SMTC,2011-07-13,26.360000610351562,26.780000686645508,25.950000762939453,26.049999237060547,399700,26.049999237060547,0.0
SMTC,2011-07-14,26.030000686645508,26.329999923706055,25.200000762939453,25.280000686645508,527000,25.280000686645508,0.0
SMTC,2011-07-15,25.469999313354492,25.469999313354492,24.8799991607666,25.299999237060547,650200,25.299999237060547,0.0
SMTC,2011-07-18,25.190000534057617,25.239999771118164,24.6200008392334,24.8700008392334,546100,24.8700008392334,0.0
SMTC,2011-07-19,25.1299991607666,25.489999771118164,24.860000610351562,25.420000076293945,462300,25.420000076293945,0.0
SMTC,2011-07-20,25.469999313354492,25.610000610351562,25.0,25.34000015258789,364500,25.34000015258789,0.0
SMTC,2011-07-21,25.350000381469727,25.360000610351562,24.959999084472656,25.219999313354492,618200,25.219999313354492,0.0
SMTC,2011-07-22,25.34000015258789,25.899999618530273,25.25,25.790000915527344,278800,25.790000915527344,0.0
SMTC,2011-07-25,25.489999771118164,25.489999771118164,24.8799991607666,24.920000076293945,525300,24.920000076293945,0.0
SMTC,2011-07-26,24.959999084472656,25.15999984741211,24.670000076293945,24.989999771118164,434100,24.989999771118164,0.0
SMTC,2011-07-27,24.799999237060547,25.049999237060547,23.739999771118164,24.040000915527344,615700,24.040000915527344,0.0
SMTC,2011-07-28,24.190000534057617,24.190000534057617,23.3799991607666,23.40999984741211,789400,23.40999984741211,0.0
SMTC,2011-07-29,23.190000534057617,23.530000686645508,22.8799991607666,23.299999237060547,830100,23.299999237060547,0.0
SMTC,2011-08-01,23.56999969482422,23.920000076293945,22.649999618530273,22.969999313354492,1263900,22.969999313354492,0.0
SMTC,2011-08-02,22.729999542236328,23.09000015258789,22.440000534057617,22.459999084472656,1073000,22.459999084472656,0.0
SMTC,2011-08-03,22.43000030517578,22.6200008392334,22.0,22.520000457763672,596500,22.520000457763672,0.0
SMTC,2011-08-04,22.1299991607666,22.989999771118164,21.40999984741211,21.40999984741211,1227100,21.40999984741211,0.0
SMTC,2011-08-05,21.639999389648438,21.809999465942383,20.06999969482422,20.790000915527344,1481600,20.790000915527344,0.0
SMTC,2011-08-08,20.040000915527344,20.670000076293945,19.399999618530273,19.8799991607666,1913600,19.8799991607666,0.0
SMTC,2011-08-09,20.31999969482422,21.170000076293945,19.639999389648438,21.139999389648438,1245000,21.139999389648438,0.0
SMTC,2011-08-10,20.530000686645508,21.0,20.110000610351562,20.209999084472656,1021300,20.209999084472656,0.0
SMTC,2011-08-11,20.31999969482422,21.479999542236328,20.209999084472656,21.18000030517578,824400,21.18000030517578,0.0
SMTC,2011-08-12,21.440000534057617,21.450000762939453,20.510000228881836,21.049999237060547,790700,21.049999237060547,0.0
SMTC,2011-08-15,21.110000610351562,21.389999389648438,20.700000762939453,21.389999389648438,606700,21.389999389648438,0.0
SMTC,2011-08-16,21.190000534057617,21.280000686645508,20.739999771118164,21.110000610351562,651300,21.110000610351562,0.0
SMTC,2011-08-17,21.200000762939453,21.479999542236328,20.68000030517578,20.899999618530273,368200,20.899999618530273,0.0
SMTC,2011-08-18,20.270000457763672,20.270000457763672,19.40999984741211,19.549999237060547,555600,19.549999237060547,0.0
SMTC,2011-08-19,19.290000915527344,20.0,19.15999984741211,19.459999084472656,604700,19.459999084472656,0.0
SMTC,2011-08-22,19.860000610351562,19.989999771118164,19.299999237060547,19.59000015258789,481600,19.59000015258789,0.0
SMTC,2011-08-23,19.559999465942383,20.75,19.420000076293945,20.670000076293945,584100,20.670000076293945,0.0
SMTC,2011-08-24,20.65999984741211,20.780000686645508,19.8799991607666,20.399999618530273,707700,20.399999618530273,0.0
SMTC,2011-08-25,20.06999969482422,21.290000915527344,20.059999465942383,20.700000762939453,1172000,20.700000762939453,0.0
SMTC,2011-08-26,20.399999618530273,21.799999237060547,20.15999984741211,21.780000686645508,909500,21.780000686645508,0.0
SMTC,2011-08-29,21.93000030517578,23.010000228881836,21.93000030517578,23.010000228881836,1086100,23.010000228881836,0.0
SMTC,2011-08-30,22.790000915527344,22.81999969482422,21.520000457763672,21.600000381469727,1959300,21.600000381469727,0.0
SMTC,2011-08-31,21.84000015258789,21.979999542236328,21.1299991607666,21.329999923706055,1520400,21.329999923706055,0.0
SMTC,2011-09-01,21.3700008392334,21.770000457763672,21.06999969482422,21.110000610351562,775300,21.110000610351562,0.0
SMTC,2011-09-02,20.559999465942383,21.25,20.559999465942383,21.06999969482422,1055100,21.06999969482422,0.0
SMTC,2011-09-06,20.350000381469727,21.139999389648438,20.049999237060547,21.100000381469727,836400,21.100000381469727,0.0
SMTC,2011-09-07,21.440000534057617,21.940000534057617,21.290000915527344,21.920000076293945,676600,21.920000076293945,0.0
SMTC,2011-09-08,21.709999084472656,22.280000686645508,21.610000610351562,21.8700008392334,459300,21.8700008392334,0.0
SMTC,2011-09-09,21.610000610351562,22.530000686645508,21.540000915527344,21.8700008392334,707600,21.8700008392334,0.0
SMTC,2011-09-12,21.56999969482422,22.540000915527344,21.56999969482422,22.260000228881836,468700,22.260000228881836,0.0
SMTC,2011-09-13,22.389999389648438,23.049999237060547,22.25,22.950000762939453,658900,22.950000762939453,0.0
SMTC,2011-09-14,23.200000762939453,24.3799991607666,23.049999237060547,24.059999465942383,1110300,24.059999465942383,0.0
SMTC,2011-09-15,24.149999618530273,24.440000534057617,23.719999313354492,24.200000762939453,825800,24.200000762939453,0.0
SMTC,2011-09-16,24.350000381469727,24.68000030517578,23.59000015258789,24.030000686645508,785600,24.030000686645508,0.0
SMTC,2011-09-19,23.649999618530273,24.030000686645508,23.1200008392334,23.770000457763672,458500,23.770000457763672,0.0
SMTC,2011-09-20,23.809999465942383,24.06999969482422,23.200000762939453,23.219999313354492,601800,23.219999313354492,0.0
SMTC,2011-09-21,23.290000915527344,23.6200008392334,22.760000228881836,22.81999969482422,509300,22.81999969482422,0.0
SMTC,2011-09-22,22.149999618530273,22.5,21.6200008392334,21.989999771118164,567900,21.989999771118164,0.0
SMTC,2011-09-23,21.969999313354492,22.549999237060547,21.670000076293945,22.530000686645508,599600,22.530000686645508,0.0
SMTC,2011-09-26,22.6299991607666,22.780000686645508,21.959999084472656,22.65999984741211,598000,22.65999984741211,0.0
SMTC,2011-09-27,23.110000610351562,23.719999313354492,22.940000534057617,23.209999084472656,452500,23.209999084472656,0.0
SMTC,2011-09-28,23.290000915527344,23.520000457763672,21.709999084472656,21.709999084472656,572400,21.709999084472656,0.0
SMTC,2011-09-29,22.139999389648438,22.260000228881836,21.270000457763672,21.809999465942383,393300,21.809999465942383,0.0
SMTC,2011-09-30,21.520000457763672,22.040000915527344,21.06999969482422,21.100000381469727,386900,21.100000381469727,0.0
SMTC,2011-10-03,20.860000610351562,21.229999542236328,20.25,20.31999969482422,595900,20.31999969482422,0.0
SMTC,2011-10-04,20.110000610351562,22.170000076293945,19.920000076293945,22.149999618530273,1090900,22.149999618530273,0.0
SMTC,2011-10-05,22.1200008392334,22.450000762939453,21.75,22.200000762939453,1217800,22.200000762939453,0.0
SMTC,2011-10-06,22.219999313354492,22.579999923706055,21.889999389648438,22.549999237060547,401000,22.549999237060547,0.0
SMTC,2011-10-07,22.6299991607666,23.059999465942383,22.3799991607666,22.40999984741211,626600,22.40999984741211,0.0
SMTC,2011-10-10,22.850000381469727,23.3799991607666,22.600000381469727,23.299999237060547,490800,23.299999237060547,0.0
SMTC,2011-10-11,23.030000686645508,23.729999542236328,22.860000610351562,23.100000381469727,538300,23.100000381469727,0.0
SMTC,2011-10-12,23.350000381469727,23.43000030517578,23.09000015258789,23.190000534057617,416500,23.190000534057617,0.0
SMTC,2011-10-13,22.940000534057617,24.040000915527344,22.8799991607666,23.700000762939453,793200,23.700000762939453,0.0
SMTC,2011-10-14,23.93000030517578,24.06999969482422,23.34000015258789,23.790000915527344,467300,23.790000915527344,0.0
SMTC,2011-10-17,23.610000610351562,23.850000381469727,23.059999465942383,23.239999771118164,463100,23.239999771118164,0.0
SMTC,2011-10-18,23.360000610351562,23.950000762939453,22.93000030517578,23.829999923706055,370000,23.829999923706055,0.0
SMTC,2011-10-19,23.799999237060547,23.829999923706055,23.010000228881836,23.110000610351562,260600,23.110000610351562,0.0
SMTC,2011-10-20,23.110000610351562,23.110000610351562,22.15999984741211,22.799999237060547,234500,22.799999237060547,0.0
SMTC,2011-10-21,23.219999313354492,23.469999313354492,23.040000915527344,23.31999969482422,337900,23.31999969482422,0.0
SMTC,2011-10-24,23.420000076293945,24.5,23.3799991607666,24.190000534057617,333600,24.190000534057617,0.0
SMTC,2011-10-25,23.959999084472656,24.399999618530273,23.690000534057617,23.760000228881836,417700,23.760000228881836,0.0
SMTC,2011-10-26,24.110000610351562,24.260000228881836,23.18000030517578,24.09000015258789,408200,24.09000015258789,0.0
SMTC,2011-10-27,24.690000534057617,26.229999542236328,24.43000030517578,25.760000228881836,824000,25.760000228881836,0.0
SMTC,2011-10-28,25.790000915527344,25.969999313354492,25.1200008392334,25.31999969482422,356600,25.31999969482422,0.0
SMTC,2011-10-31,24.940000534057617,24.979999542236328,24.3799991607666,24.420000076293945,364400,24.420000076293945,0.0
SMTC,2011-11-01,23.610000610351562,23.739999771118164,22.770000457763672,23.229999542236328,743000,23.229999542236328,0.0
SMTC,2011-11-02,23.559999465942383,23.75,23.18000030517578,23.549999237060547,470200,23.549999237060547,0.0
SMTC,2011-11-03,23.889999389648438,24.649999618530273,23.31999969482422,24.549999237060547,423400,24.549999237060547,0.0
SMTC,2011-11-04,24.239999771118164,24.860000610351562,24.139999389648438,24.65999984741211,347200,24.65999984741211,0.0
SMTC,2011-11-07,24.540000915527344,24.780000686645508,23.93000030517578,24.450000762939453,359400,24.450000762939453,0.0
SMTC,2011-11-08,24.65999984741211,24.700000762939453,23.850000381469727,24.280000686645508,446700,24.280000686645508,0.0
SMTC,2011-11-09,23.559999465942383,23.969999313354492,23.190000534057617,23.260000228881836,509800,23.260000228881836,0.0
SMTC,2011-11-10,23.649999618530273,23.649999618530273,22.940000534057617,23.280000686645508,368100,23.280000686645508,0.0
SMTC,2011-11-11,23.59000015258789,24.280000686645508,23.450000762939453,24.0,453900,24.0,0.0
SMTC,2011-11-14,23.950000762939453,24.079999923706055,23.200000762939453,23.450000762939453,360400,23.450000762939453,0.0
SMTC,2011-11-15,23.290000915527344,24.270000457763672,22.1299991607666,24.110000610351562,406000,24.110000610351562,0.0
SMTC,2011-11-16,23.829999923706055,24.799999237060547,23.459999084472656,23.81999969482422,498200,23.81999969482422,0.0
SMTC,2011-11-17,23.719999313354492,23.790000915527344,22.670000076293945,23.0,446100,23.0,0.0
SMTC,2011-11-18,23.0,23.309999465942383,22.459999084472656,22.6200008392334,376300,22.6200008392334,0.0
SMTC,2011-11-21,22.25,22.489999771118164,21.6299991607666,22.059999465942383,518900,22.059999465942383,0.0
SMTC,2011-11-22,21.84000015258789,22.040000915527344,21.010000228881836,21.030000686645508,814500,21.030000686645508,0.0
SMTC,2011-11-23,20.8799991607666,21.34000015258789,20.450000762939453,21.049999237060547,900100,21.049999237060547,0.0
SMTC,2011-11-25,20.969999313354492,21.260000228881836,20.899999618530273,20.950000762939453,389000,20.950000762939453,0.0
SMTC,2011-11-28,21.559999465942383,22.059999465942383,21.479999542236328,21.760000228881836,518400,21.760000228881836,0.0
SMTC,2011-11-29,21.770000457763672,22.030000686645508,21.360000610351562,21.65999984741211,328900,21.65999984741211,0.0
SMTC,2011-11-30,22.399999618530273,23.209999084472656,21.190000534057617,23.200000762939453,799200,23.200000762939453,0.0
SMTC,2011-12-01,24.899999618530273,24.950000762939453,23.469999313354492,23.889999389648438,867600,23.889999389648438,0.0
SMTC,2011-12-02,24.299999237060547,24.56999969482422,23.780000686645508,23.81999969482422,633000,23.81999969482422,0.0
SMTC,2011-12-05,24.15999984741211,24.56999969482422,23.649999618530273,23.84000015258789,500300,23.84000015258789,0.0
SMTC,2011-12-06,23.84000015258789,24.190000534057617,23.739999771118164,23.920000076293945,258200,23.920000076293945,0.0
SMTC,2011-12-07,23.68000030517578,23.90999984741211,23.110000610351562,23.729999542236328,422500,23.729999542236328,0.0
SMTC,2011-12-08,23.40999984741211,23.65999984741211,22.940000534057617,22.979999542236328,480700,22.979999542236328,0.0
SMTC,2011-12-09,23.0,23.709999084472656,22.100000381469727,23.530000686645508,504000,23.530000686645508,0.0
SMTC,2011-12-12,23.1299991607666,23.200000762939453,22.700000762939453,23.149999618530273,417300,23.149999618530273,0.0
SMTC,2011-12-13,23.3700008392334,23.520000457763672,22.43000030517578,22.6200008392334,384300,22.6200008392334,0.0
SMTC,2011-12-14,22.43000030517578,22.799999237060547,22.270000457763672,22.450000762939453,543600,22.450000762939453,0.0
SMTC,2011-12-15,22.790000915527344,23.020000457763672,22.600000381469727,22.860000610351562,533900,22.860000610351562,0.0
SMTC,2011-12-16,22.969999313354492,23.479999542236328,22.670000076293945,23.1299991607666,820500,23.1299991607666,0.0
SMTC,2011-12-19,23.239999771118164,23.450000762939453,22.530000686645508,22.600000381469727,363100,22.600000381469727,0.0
SMTC,2011-12-20,23.079999923706055,24.0,23.059999465942383,23.940000534057617,420500,23.940000534057617,0.0
SMTC,2011-12-21,23.940000534057617,24.3700008392334,23.56999969482422,24.299999237060547,619100,24.299999237060547,0.0
SMTC,2011-12-22,24.329999923706055,25.450000762939453,24.229999542236328,25.420000076293945,765200,25.420000076293945,0.0
SMTC,2011-12-23,25.3799991607666,25.469999313354492,25.1299991607666,25.25,308200,25.25,0.0
SMTC,2011-12-27,25.139999389648438,25.5,24.75,25.149999618530273,311600,25.149999618530273,0.0
SMTC,2011-12-28,25.170000076293945,25.229999542236328,24.6200008392334,24.65999984741211,239800,24.65999984741211,0.0
SMTC,2011-12-29,24.760000228881836,25.149999618530273,24.59000015258789,24.860000610351562,268200,24.860000610351562,0.0
SMTC,2011-12-30,24.889999389648438,25.100000381469727,24.790000915527344,24.81999969482422,263400,24.81999969482422,0.0
SMTC,2012-01-03,25.719999313354492,26.229999542236328,25.059999465942383,25.25,652000,25.25,0.0
SMTC,2012-01-04,25.059999465942383,25.290000915527344,24.920000076293945,25.059999465942383,437000,25.059999465942383,0.0
SMTC,2012-01-05,24.969999313354492,25.700000762939453,24.899999618530273,25.420000076293945,498200,25.420000076293945,0.0
SMTC,2012-01-06,25.3700008392334,25.6299991607666,25.25,25.3799991607666,503700,25.3799991607666,0.0
SMTC,2012-01-09,25.309999465942383,25.940000534057617,25.309999465942383,25.850000381469727,525500,25.850000381469727,0.0
SMTC,2012-01-10,26.0,26.1299991607666,25.700000762939453,25.920000076293945,681300,25.920000076293945,0.0
SMTC,2012-01-11,25.709999084472656,26.079999923706055,25.709999084472656,25.920000076293945,448500,25.920000076293945,0.0
SMTC,2012-01-12,25.889999389648438,25.989999771118164,25.670000076293945,25.84000015258789,258600,25.84000015258789,0.0
SMTC,2012-01-13,25.440000534057617,25.6200008392334,25.020000457763672,25.049999237060547,331400,25.049999237060547,0.0
SMTC,2012-01-17,25.299999237060547,25.729999542236328,25.18000030517578,25.40999984741211,332000,25.40999984741211,0.0
SMTC,2012-01-18,25.989999771118164,27.079999923706055,25.84000015258789,26.84000015258789,941000,26.84000015258789,0.0
SMTC,2012-01-19,26.809999465942383,27.06999969482422,26.700000762939453,26.8700008392334,463700,26.8700008392334,0.0
SMTC,2012-01-20,26.809999465942383,27.229999542236328,26.690000534057617,27.06999969482422,371400,27.06999969482422,0.0
SMTC,2012-01-23,27.059999465942383,27.18000030517578,26.68000030517578,26.889999389648438,216600,26.889999389648438,0.0
SMTC,2012-01-24,27.489999771118164,29.399999618530273,27.200000762939453,29.139999389648438,1257200,29.139999389648438,0.0
SMTC,2012-01-25,29.200000762939453,29.360000610351562,28.1200008392334,29.1200008392334,721000,29.1200008392334,0.0
SMTC,2012-01-26,29.290000915527344,29.360000610351562,28.649999618530273,28.889999389648438,556200,28.889999389648438,0.0
SMTC,2012-01-27,28.6299991607666,29.1299991607666,28.600000381469727,28.969999313354492,325600,28.969999313354492,0.0
SMTC,2012-01-30,28.579999923706055,29.06999969482422,28.489999771118164,28.729999542236328,329200,28.729999542236328,0.0
SMTC,2012-01-31,28.959999084472656,29.100000381469727,28.469999313354492,28.479999542236328,313900,28.479999542236328,0.0
SMTC,2012-02-01,29.420000076293945,29.489999771118164,28.610000610351562,29.40999984741211,537500,29.40999984741211,0.0
SMTC,2012-02-02,29.3700008392334,29.90999984741211,29.260000228881836,29.299999237060547,330600,29.299999237060547,0.0
SMTC,2012-02-03,29.829999923706055,30.459999084472656,29.549999237060547,30.350000381469727,377500,30.350000381469727,0.0
SMTC,2012-02-06,30.06999969482422,30.06999969482422,29.649999618530273,29.739999771118164,225300,29.739999771118164,0.0
SMTC,2012-02-07,29.59000015258789,29.770000457763672,29.299999237060547,29.43000030517578,416900,29.43000030517578,0.0
SMTC,2012-02-08,29.3700008392334,29.6299991607666,28.850000381469727,29.270000457763672,548500,29.270000457763672,0.0
SMTC,2012-02-09,29.469999313354492,29.579999923706055,29.09000015258789,29.280000686645508,272900,29.280000686645508,0.0
SMTC,2012-02-10,28.899999618530273,29.100000381469727,28.540000915527344,28.739999771118164,264900,28.739999771118164,0.0
SMTC,2012-02-13,29.1299991607666,29.81999969482422,28.530000686645508,28.950000762939453,352500,28.950000762939453,0.0
SMTC,2012-02-14,28.799999237060547,28.920000076293945,28.420000076293945,28.809999465942383,267500,28.809999465942383,0.0
SMTC,2012-02-15,29.0,29.190000534057617,28.59000015258789,28.700000762939453,285600,28.700000762939453,0.0
SMTC,2012-02-16,28.770000457763672,29.600000381469727,28.770000457763672,29.549999237060547,334300,29.549999237060547,0.0
SMTC,2012-02-17,29.719999313354492,29.719999313354492,29.299999237060547,29.479999542236328,198400,29.479999542236328,0.0
SMTC,2012-02-21,29.520000457763672,29.739999771118164,28.950000762939453,29.010000228881836,283400,29.010000228881836,0.0
SMTC,2012-02-22,28.90999984741211,29.40999984741211,28.809999465942383,28.8799991607666,301300,28.8799991607666,0.0
SMTC,2012-02-23,28.889999389648438,29.360000610351562,28.540000915527344,29.239999771118164,459400,29.239999771118164,0.0
SMTC,2012-02-24,29.15999984741211,29.360000610351562,28.860000610351562,29.020000457763672,308600,29.020000457763672,0.0
SMTC,2012-02-27,28.860000610351562,29.670000076293945,28.479999542236328,29.3700008392334,477300,29.3700008392334,0.0
SMTC,2012-02-28,29.360000610351562,29.790000915527344,29.139999389648438,29.350000381469727,398700,29.350000381469727,0.0
SMTC,2012-02-29,29.309999465942383,29.5,28.709999084472656,28.709999084472656,442000,28.709999084472656,0.0
SMTC,2012-03-01,28.90999984741211,29.209999084472656,28.6299991607666,28.700000762939453,348400,28.700000762939453,0.0
SMTC,2012-03-02,28.709999084472656,28.959999084472656,28.010000228881836,28.040000915527344,353900,28.040000915527344,0.0
SMTC,2012-03-05,27.889999389648438,28.09000015258789,27.459999084472656,27.649999618530273,359700,27.649999618530273,0.0
SMTC,2012-03-06,27.399999618530273,27.709999084472656,27.170000076293945,27.59000015258789,451200,27.59000015258789,0.0
SMTC,2012-03-07,27.649999618530273,28.25,27.479999542236328,28.139999389648438,465000,28.139999389648438,0.0
SMTC,2012-03-08,27.1299991607666,27.309999465942383,25.540000915527344,27.059999465942383,2280300,27.059999465942383,0.0
SMTC,2012-03-09,27.030000686645508,27.350000381469727,26.899999618530273,27.139999389648438,913900,27.139999389648438,0.0
SMTC,2012-03-12,27.209999084472656,27.520000457763672,26.979999542236328,27.399999618530273,920200,27.399999618530273,0.0
SMTC,2012-03-13,27.649999618530273,27.780000686645508,27.31999969482422,27.780000686645508,512100,27.780000686645508,0.0
SMTC,2012-03-14,27.709999084472656,28.09000015258789,27.559999465942383,27.68000030517578,542300,27.68000030517578,0.0
SMTC,2012-03-15,27.739999771118164,28.420000076293945,27.540000915527344,28.420000076293945,484300,28.420000076293945,0.0
SMTC,2012-03-16,28.389999389648438,28.5,27.969999313354492,28.459999084472656,684200,28.459999084472656,0.0
SMTC,2012-03-19,28.309999465942383,28.700000762939453,28.059999465942383,28.6299991607666,367200,28.6299991607666,0.0
SMTC,2012-03-20,28.350000381469727,28.799999237060547,28.170000076293945,28.559999465942383,387500,28.559999465942383,0.0
SMTC,2012-03-21,28.559999465942383,29.030000686645508,28.190000534057617,28.829999923706055,415300,28.829999923706055,0.0
SMTC,2012-03-22,28.68000030517578,28.989999771118164,28.459999084472656,28.799999237060547,387500,28.799999237060547,0.0
SMTC,2012-03-23,28.770000457763672,28.829999923706055,28.209999084472656,28.700000762939453,226400,28.700000762939453,0.0
SMTC,2012-03-26,29.0,29.260000228881836,28.799999237060547,28.950000762939453,377800,28.950000762939453,0.0
SMTC,2012-03-27,28.899999618530273,29.149999618530273,28.829999923706055,29.010000228881836,235800,29.010000228881836,0.0
SMTC,2012-03-28,28.93000030517578,29.0,28.15999984741211,28.450000762939453,531500,28.450000762939453,0.0
SMTC,2012-03-29,28.149999618530273,28.59000015258789,27.979999542236328,28.280000686645508,584700,28.280000686645508,0.0
SMTC,2012-03-30,28.56999969482422,28.940000534057617,28.219999313354492,28.459999084472656,460100,28.459999084472656,0.0
SMTC,2012-04-02,28.34000015258789,28.670000076293945,27.969999313354492,28.649999618530273,334100,28.649999618530273,0.0
SMTC,2012-04-03,28.5,28.649999618530273,28.06999969482422,28.18000030517578,516100,28.18000030517578,0.0
SMTC,2012-04-04,27.860000610351562,27.989999771118164,27.209999084472656,27.440000534057617,447400,27.440000534057617,0.0
SMTC,2012-04-05,27.260000228881836,27.56999969482422,27.260000228881836,27.399999618530273,219900,27.399999618530273,0.0
SMTC,2012-04-09,26.93000030517578,27.190000534057617,26.649999618530273,26.950000762939453,733400,26.950000762939453,0.0
SMTC,2012-04-10,27.020000457763672,27.360000610351562,26.5,26.579999923706055,398100,26.579999923706055,0.0
SMTC,2012-04-11,26.799999237060547,27.09000015258789,26.670000076293945,27.030000686645508,592600,27.030000686645508,0.0
SMTC,2012-04-12,27.059999465942383,27.309999465942383,27.0,27.25,590000,27.25,0.0
SMTC,2012-04-13,27.100000381469727,27.260000228881836,26.329999923706055,26.399999618530273,382400,26.399999618530273,0.0
SMTC,2012-04-16,26.670000076293945,26.829999923706055,26.1299991607666,26.600000381469727,348900,26.600000381469727,0.0
SMTC,2012-04-17,26.81999969482422,27.68000030517578,26.81999969482422,27.600000381469727,787000,27.600000381469727,0.0
SMTC,2012-04-18,27.579999923706055,27.829999923706055,27.299999237060547,27.6299991607666,1493500,27.6299991607666,0.0
SMTC,2012-04-19,27.579999923706055,28.18000030517578,27.25,27.450000762939453,444300,27.450000762939453,0.0
SMTC,2012-04-20,27.760000228881836,27.760000228881836,26.829999923706055,26.889999389648438,363700,26.889999389648438,0.0
SMTC,2012-04-23,26.43000030517578,26.520000457763672,25.860000610351562,26.079999923706055,418700,26.079999923706055,0.0
SMTC,2012-04-24,26.059999465942383,26.18000030517578,25.8700008392334,26.049999237060547,443300,26.049999237060547,0.0
SMTC,2012-04-25,26.510000228881836,26.649999618530273,26.200000762939453,26.610000610351562,360100,26.610000610351562,0.0
SMTC,2012-04-26,26.59000015258789,27.079999923706055,26.399999618530273,26.940000534057617,290800,26.940000534057617,0.0
SMTC,2012-04-27,27.040000915527344,27.34000015258789,26.81999969482422,27.290000915527344,455200,27.290000915527344,0.0
SMTC,2012-04-30,27.290000915527344,27.510000228881836,27.15999984741211,27.260000228881836,360300,27.260000228881836,0.0
SMTC,2012-05-01,27.190000534057617,27.59000015258789,27.110000610351562,27.3799991607666,401400,27.3799991607666,0.0
SMTC,2012-05-02,27.110000610351562,27.40999984741211,26.93000030517578,27.360000610351562,305700,27.360000610351562,0.0
SMTC,2012-05-03,27.290000915527344,27.31999969482422,26.670000076293945,26.709999084472656,484000,26.709999084472656,0.0
SMTC,2012-05-04,26.520000457763672,26.56999969482422,25.81999969482422,25.860000610351562,496700,25.860000610351562,0.0
SMTC,2012-05-07,25.450000762939453,25.780000686645508,25.31999969482422,25.649999618530273,538700,25.649999618530273,0.0
SMTC,2012-05-08,25.389999389648438,25.520000457763672,24.790000915527344,25.309999465942383,834800,25.309999465942383,0.0
SMTC,2012-05-09,25.020000457763672,25.309999465942383,24.780000686645508,25.18000030517578,634000,25.18000030517578,0.0
SMTC,2012-05-10,25.450000762939453,25.469999313354492,24.790000915527344,25.18000030517578,348000,25.18000030517578,0.0
SMTC,2012-05-11,25.06999969482422,25.579999923706055,25.010000228881836,25.290000915527344,270700,25.290000915527344,0.0
SMTC,2012-05-14,24.959999084472656,25.329999923706055,24.829999923706055,24.969999313354492,256100,24.969999313354492,0.0
SMTC,2012-05-15,24.889999389648438,25.190000534057617,24.649999618530273,24.81999969482422,354200,24.81999969482422,0.0
SMTC,2012-05-16,24.8799991607666,25.100000381469727,24.56999969482422,24.68000030517578,386700,24.68000030517578,0.0
SMTC,2012-05-17,24.75,24.829999923706055,24.329999923706055,24.389999389648438,488800,24.389999389648438,0.0
SMTC,2012-05-18,24.3700008392334,24.43000030517578,23.780000686645508,23.920000076293945,523500,23.920000076293945,0.0
SMTC,2012-05-21,23.90999984741211,24.65999984741211,23.829999923706055,24.579999923706055,389600,24.579999923706055,0.0
SMTC,2012-05-22,24.68000030517578,24.75,24.06999969482422,24.170000076293945,405000,24.170000076293945,0.0
SMTC,2012-05-23,23.8700008392334,24.59000015258789,23.610000610351562,24.399999618530273,921000,24.399999618530273,0.0
SMTC,2012-05-24,24.510000228881836,24.520000457763672,23.479999542236328,23.700000762939453,605700,23.700000762939453,0.0
SMTC,2012-05-25,24.0,24.5,22.829999923706055,24.079999923706055,1360000,24.079999923706055,0.0
SMTC,2012-05-29,24.209999084472656,25.229999542236328,23.940000534057617,24.329999923706055,437200,24.329999923706055,0.0
SMTC,2012-05-30,24.049999237060547,24.239999771118164,23.860000610351562,23.979999542236328,528300,23.979999542236328,0.0
SMTC,2012-05-31,23.979999542236328,24.239999771118164,23.489999771118164,24.09000015258789,647200,24.09000015258789,0.0
SMTC,2012-06-01,23.600000381469727,23.829999923706055,23.15999984741211,23.170000076293945,496000,23.170000076293945,0.0
SMTC,2012-06-04,23.200000762939453,23.59000015258789,22.93000030517578,23.15999984741211,367000,23.15999984741211,0.0
SMTC,2012-06-05,22.979999542236328,23.700000762939453,22.889999389648438,23.610000610351562,370300,23.610000610351562,0.0
SMTC,2012-06-06,23.799999237060547,24.399999618530273,23.719999313354492,24.350000381469727,368400,24.350000381469727,0.0
SMTC,2012-06-07,24.65999984741211,24.809999465942383,23.84000015258789,23.860000610351562,340800,23.860000610351562,0.0
SMTC,2012-06-08,23.780000686645508,24.489999771118164,23.780000686645508,24.3700008392334,329400,24.3700008392334,0.0
SMTC,2012-06-11,24.579999923706055,24.68000030517578,23.43000030517578,23.450000762939453,372900,23.450000762939453,0.0
SMTC,2012-06-12,23.469999313354492,23.989999771118164,23.360000610351562,23.989999771118164,412000,23.989999771118164,0.0
SMTC,2012-06-13,23.959999084472656,23.959999084472656,23.43000030517578,23.59000015258789,375400,23.59000015258789,0.0
SMTC,2012-06-14,23.670000076293945,23.920000076293945,23.329999923706055,23.809999465942383,405100,23.809999465942383,0.0
SMTC,2012-06-15,23.790000915527344,24.059999465942383,23.780000686645508,23.959999084472656,601100,23.959999084472656,0.0
SMTC,2012-06-18,23.790000915527344,24.559999465942383,23.729999542236328,24.420000076293945,356100,24.420000076293945,0.0
SMTC,2012-06-19,24.549999237060547,24.75,24.34000015258789,24.3799991607666,351800,24.3799991607666,0.0
SMTC,2012-06-20,24.309999465942383,24.65999984741211,24.239999771118164,24.40999984741211,267000,24.40999984741211,0.0
SMTC,2012-06-21,24.43000030517578,24.56999969482422,23.219999313354492,23.280000686645508,292000,23.280000686645508,0.0
SMTC,2012-06-22,23.43000030517578,23.670000076293945,23.219999313354492,23.59000015258789,405200,23.59000015258789,0.0
SMTC,2012-06-25,23.229999542236328,23.290000915527344,22.700000762939453,22.739999771118164,273100,22.739999771118164,0.0
SMTC,2012-06-26,22.719999313354492,22.889999389648438,22.25,22.6200008392334,345000,22.6200008392334,0.0
SMTC,2012-06-27,22.719999313354492,23.389999389648438,22.610000610351562,23.350000381469727,478900,23.350000381469727,0.0
SMTC,2012-06-28,23.149999618530273,23.440000534057617,22.899999618530273,23.43000030517578,634000,23.43000030517578,0.0
SMTC,2012-06-29,23.940000534057617,24.43000030517578,23.739999771118164,24.31999969482422,518800,24.31999969482422,0.0
SMTC,2012-07-02,24.239999771118164,24.5,23.790000915527344,24.459999084472656,618400,24.459999084472656,0.0
SMTC,2012-07-03,24.389999389648438,24.799999237060547,24.1200008392334,24.729999542236328,301500,24.729999542236328,0.0
SMTC,2012-07-05,24.579999923706055,25.100000381469727,24.469999313354492,25.030000686645508,371900,25.030000686645508,0.0
SMTC,2012-07-06,24.75,24.90999984741211,23.950000762939453,24.18000030517578,324300,24.18000030517578,0.0
SMTC,2012-07-09,24.059999465942383,24.149999618530273,23.93000030517578,24.059999465942383,417200,24.059999465942383,0.0
SMTC,2012-07-10,24.06999969482422,24.360000610351562,23.450000762939453,23.610000610351562,384600,23.610000610351562,0.0
SMTC,2012-07-11,23.649999618530273,23.790000915527344,23.200000762939453,23.329999923706055,287600,23.329999923706055,0.0
SMTC,2012-07-12,23.079999923706055,23.079999923706055,22.549999237060547,22.84000015258789,306800,22.84000015258789,0.0
SMTC,2012-07-13,22.899999618530273,23.079999923706055,22.829999923706055,22.969999313354492,257900,22.969999313354492,0.0
SMTC,2012-07-16,22.899999618530273,22.90999984741211,22.309999465942383,22.5,400200,22.5,0.0
SMTC,2012-07-17,22.649999618530273,23.649999618530273,22.219999313354492,22.559999465942383,358200,22.559999465942383,0.0
SMTC,2012-07-18,22.559999465942383,23.540000915527344,22.559999465942383,23.440000534057617,384000,23.440000534057617,0.0
SMTC,2012-07-19,23.639999389648438,24.329999923706055,23.530000686645508,24.09000015258789,467600,24.09000015258789,0.0
SMTC,2012-07-20,23.889999389648438,24.079999923706055,23.510000228881836,23.520000457763672,359400,23.520000457763672,0.0
SMTC,2012-07-23,22.969999313354492,23.350000381469727,22.68000030517578,23.239999771118164,244200,23.239999771118164,0.0
SMTC,2012-07-24,23.229999542236328,23.280000686645508,22.530000686645508,22.68000030517578,252100,22.68000030517578,0.0
SMTC,2012-07-25,22.860000610351562,23.600000381469727,22.75,23.299999237060547,289500,23.299999237060547,0.0
SMTC,2012-07-26,23.760000228881836,23.950000762939453,23.3799991607666,23.690000534057617,164300,23.690000534057617,0.0
SMTC,2012-07-27,23.809999465942383,24.530000686645508,23.649999618530273,24.389999389648438,286800,24.389999389648438,0.0
SMTC,2012-07-30,24.3700008392334,24.760000228881836,23.860000610351562,24.010000228881836,179700,24.010000228881836,0.0
SMTC,2012-07-31,24.0,24.59000015258789,23.8799991607666,23.889999389648438,465100,23.889999389648438,0.0
SMTC,2012-08-01,24.020000457763672,24.09000015258789,23.389999389648438,23.489999771118164,409400,23.489999771118164,0.0
SMTC,2012-08-02,23.299999237060547,23.860000610351562,23.18000030517578,23.6299991607666,435100,23.6299991607666,0.0
SMTC,2012-08-03,24.1200008392334,24.709999084472656,23.719999313354492,24.540000915527344,366900,24.540000915527344,0.0
SMTC,2012-08-06,24.6299991607666,24.950000762939453,24.450000762939453,24.84000015258789,445100,24.84000015258789,0.0
SMTC,2012-08-07,24.959999084472656,25.690000534057617,24.959999084472656,25.459999084472656,416600,25.459999084472656,0.0
SMTC,2012-08-08,25.40999984741211,25.510000228881836,24.889999389648438,25.110000610351562,522600,25.110000610351562,0.0
SMTC,2012-08-09,25.190000534057617,25.270000457763672,24.739999771118164,24.81999969482422,371000,24.81999969482422,0.0
SMTC,2012-08-10,24.799999237060547,25.110000610351562,24.68000030517578,25.079999923706055,255300,25.079999923706055,0.0
SMTC,2012-08-13,25.079999923706055,25.1200008392334,24.579999923706055,24.93000030517578,197900,24.93000030517578,0.0
SMTC,2012-08-14,25.079999923706055,25.15999984741211,24.6299991607666,24.729999542236328,256700,24.729999542236328,0.0
SMTC,2012-08-15,24.6200008392334,25.06999969482422,24.5,24.889999389648438,236300,24.889999389648438,0.0
SMTC,2012-08-16,24.940000534057617,25.34000015258789,24.719999313354492,25.290000915527344,287700,25.290000915527344,0.0
SMTC,2012-08-17,25.229999542236328,25.610000610351562,25.030000686645508,25.520000457763672,277600,25.520000457763672,0.0
SMTC,2012-08-20,25.5,25.5,25.059999465942383,25.299999237060547,339200,25.299999237060547,0.0
SMTC,2012-08-21,25.309999465942383,25.670000076293945,25.010000228881836,25.1200008392334,349400,25.1200008392334,0.0
SMTC,2012-08-22,24.979999542236328,25.030000686645508,24.56999969482422,24.770000457763672,557900,24.770000457763672,0.0
SMTC,2012-08-23,24.440000534057617,24.940000534057617,24.0,24.760000228881836,972700,24.760000228881836,0.0
SMTC,2012-08-24,24.610000610351562,25.09000015258789,23.81999969482422,25.010000228881836,502300,25.010000228881836,0.0
SMTC,2012-08-27,25.0,25.059999465942383,24.3799991607666,24.549999237060547,389300,24.549999237060547,0.0
SMTC,2012-08-28,24.540000915527344,24.81999969482422,24.450000762939453,24.709999084472656,292500,24.709999084472656,0.0
SMTC,2012-08-29,24.68000030517578,24.940000534057617,24.479999542236328,24.850000381469727,250400,24.850000381469727,0.0
SMTC,2012-08-30,24.639999389648438,24.829999923706055,24.3799991607666,24.40999984741211,178700,24.40999984741211,0.0
SMTC,2012-08-31,24.690000534057617,24.84000015258789,24.15999984741211,24.520000457763672,261700,24.520000457763672,0.0
SMTC,2012-09-04,24.479999542236328,25.0,24.010000228881836,24.920000076293945,700500,24.920000076293945,0.0
SMTC,2012-09-05,24.719999313354492,24.969999313354492,24.360000610351562,24.450000762939453,574800,24.450000762939453,0.0
SMTC,2012-09-06,24.510000228881836,25.469999313354492,24.450000762939453,25.350000381469727,729300,25.350000381469727,0.0
SMTC,2012-09-07,25.25,25.559999465942383,25.059999465942383,25.5,485200,25.5,0.0
SMTC,2012-09-10,25.469999313354492,25.610000610351562,25.34000015258789,25.530000686645508,631200,25.530000686645508,0.0
SMTC,2012-09-11,25.450000762939453,25.739999771118164,23.93000030517578,25.610000610351562,564600,25.610000610351562,0.0
SMTC,2012-09-12,25.610000610351562,25.6200008392334,25.299999237060547,25.469999313354492,288800,25.469999313354492,0.0
SMTC,2012-09-13,25.56999969482422,26.309999465942383,25.280000686645508,26.1299991607666,515500,26.1299991607666,0.0
SMTC,2012-09-14,26.18000030517578,27.100000381469727,26.139999389648438,27.06999969482422,614300,27.06999969482422,0.0
SMTC,2012-09-17,26.899999618530273,26.989999771118164,26.489999771118164,26.6200008392334,319700,26.6200008392334,0.0
SMTC,2012-09-18,26.5,26.729999542236328,26.329999923706055,26.510000228881836,245300,26.510000228881836,0.0
SMTC,2012-09-19,26.489999771118164,26.700000762939453,26.360000610351562,26.440000534057617,342900,26.440000534057617,0.0
SMTC,2012-09-20,26.280000686645508,26.5,26.09000015258789,26.399999618530273,392500,26.399999618530273,0.0
SMTC,2012-09-21,26.75,26.799999237060547,26.139999389648438,26.18000030517578,792300,26.18000030517578,0.0
SMTC,2012-09-24,26.110000610351562,26.149999618530273,25.940000534057617,26.079999923706055,470300,26.079999923706055,0.0
SMTC,2012-09-25,26.280000686645508,26.420000076293945,25.75,25.809999465942383,809800,25.809999465942383,0.0
SMTC,2012-09-26,25.780000686645508,25.920000076293945,25.229999542236328,25.280000686645508,556900,25.280000686645508,0.0
SMTC,2012-09-27,25.350000381469727,25.479999542236328,25.139999389648438,25.329999923706055,490900,25.329999923706055,0.0
SMTC,2012-09-28,25.170000076293945,25.360000610351562,24.93000030517578,25.139999389648438,431200,25.139999389648438,0.0
SMTC,2012-10-01,25.260000228881836,25.479999542236328,24.65999984741211,24.889999389648438,586300,24.889999389648438,0.0
SMTC,2012-10-02,24.989999771118164,25.059999465942383,24.5,24.690000534057617,417600,24.690000534057617,0.0
SMTC,2012-10-03,25.530000686645508,25.600000381469727,25.0,25.09000015258789,859500,25.09000015258789,0.0
SMTC,2012-10-04,25.280000686645508,25.520000457763672,25.020000457763672,25.5,439900,25.5,0.0
SMTC,2012-10-05,25.65999984741211,25.989999771118164,25.360000610351562,25.40999984741211,355500,25.40999984741211,0.0
SMTC,2012-10-08,25.25,25.450000762939453,24.790000915527344,24.8799991607666,283800,24.8799991607666,0.0
SMTC,2012-10-09,24.84000015258789,24.850000381469727,24.149999618530273,24.329999923706055,346500,24.329999923706055,0.0
SMTC,2012-10-10,24.31999969482422,24.3799991607666,23.850000381469727,23.93000030517578,248200,23.93000030517578,0.0
SMTC,2012-10-11,24.139999389648438,24.190000534057617,23.739999771118164,23.93000030517578,236400,23.93000030517578,0.0
SMTC,2012-10-12,23.899999618530273,24.010000228881836,23.479999542236328,23.520000457763672,235600,23.520000457763672,0.0
SMTC,2012-10-15,23.540000915527344,23.90999984741211,23.5,23.770000457763672,227200,23.770000457763672,0.0
SMTC,2012-10-16,23.920000076293945,24.530000686645508,23.809999465942383,24.510000228881836,507400,24.510000228881836,0.0
SMTC,2012-10-17,24.360000610351562,24.989999771118164,24.25,24.899999618530273,467000,24.899999618530273,0.0
SMTC,2012-10-18,24.8700008392334,24.90999984741211,24.610000610351562,24.760000228881836,346400,24.760000228881836,0.0
SMTC,2012-10-19,24.68000030517578,24.739999771118164,24.170000076293945,24.469999313354492,415600,24.469999313354492,0.0
SMTC,2012-10-22,24.360000610351562,24.510000228881836,24.06999969482422,24.459999084472656,313600,24.459999084472656,0.0
SMTC,2012-10-23,24.170000076293945,24.739999771118164,24.010000228881836,24.59000015258789,278300,24.59000015258789,0.0
SMTC,2012-10-24,24.799999237060547,24.920000076293945,24.3700008392334,24.540000915527344,601000,24.540000915527344,0.0
SMTC,2012-10-25,24.6299991607666,24.809999465942383,24.3799991607666,24.809999465942383,504700,24.809999465942383,0.0
SMTC,2012-10-26,24.889999389648438,25.020000457763672,24.579999923706055,24.93000030517578,180900,24.93000030517578,0.0
SMTC,2012-10-31,24.959999084472656,25.0,24.59000015258789,24.969999313354492,272100,24.969999313354492,0.0
SMTC,2012-11-01,24.959999084472656,26.18000030517578,24.850000381469727,25.889999389648438,548700,25.889999389648438,0.0
SMTC,2012-11-02,25.950000762939453,25.950000762939453,24.899999618530273,24.920000076293945,371700,24.920000076293945,0.0
SMTC,2012-11-05,24.84000015258789,25.690000534057617,24.84000015258789,25.59000015258789,303800,25.59000015258789,0.0
SMTC,2012-11-06,25.75,26.18000030517578,25.700000762939453,25.920000076293945,562300,25.920000076293945,0.0
SMTC,2012-11-07,25.56999969482422,25.860000610351562,24.59000015258789,24.81999969482422,486800,24.81999969482422,0.0
SMTC,2012-11-08,24.84000015258789,25.010000228881836,24.530000686645508,24.530000686645508,254800,24.530000686645508,0.0
SMTC,2012-11-09,24.420000076293945,25.040000915527344,24.40999984741211,24.700000762939453,273400,24.700000762939453,0.0
SMTC,2012-11-12,24.770000457763672,24.770000457763672,24.18000030517578,24.440000534057617,209400,24.440000534057617,0.0
SMTC,2012-11-13,24.329999923706055,24.760000228881836,24.190000534057617,24.219999313354492,141000,24.219999313354492,0.0
SMTC,2012-11-14,24.3700008392334,24.649999618530273,23.860000610351562,23.860000610351562,254200,23.860000610351562,0.0
SMTC,2012-11-15,23.920000076293945,24.389999389648438,23.43000030517578,23.5,340000,23.5,0.0
SMTC,2012-11-16,23.440000534057617,23.780000686645508,22.950000762939453,23.3799991607666,366900,23.3799991607666,0.0
SMTC,2012-11-19,23.719999313354492,24.329999923706055,23.5,24.270000457763672,408300,24.270000457763672,0.0
SMTC,2012-11-20,24.15999984741211,24.270000457763672,23.920000076293945,24.100000381469727,298200,24.100000381469727,0.0
SMTC,2012-11-21,24.219999313354492,24.420000076293945,24.059999465942383,24.139999389648438,263100,24.139999389648438,0.0
SMTC,2012-11-23,24.290000915527344,24.809999465942383,24.25,24.729999542236328,142400,24.729999542236328,0.0
SMTC,2012-11-26,24.670000076293945,24.940000534057617,24.59000015258789,24.770000457763672,628800,24.770000457763672,0.0
SMTC,2012-11-27,24.65999984741211,25.18000030517578,24.459999084472656,24.93000030517578,616500,24.93000030517578,0.0
SMTC,2012-11-28,24.729999542236328,25.049999237060547,24.260000228881836,24.920000076293945,763300,24.920000076293945,0.0
SMTC,2012-11-29,28.40999984741211,29.68000030517578,27.510000228881836,27.860000610351562,2688300,27.860000610351562,0.0
SMTC,2012-11-30,28.0,28.079999923706055,27.270000457763672,27.350000381469727,1027400,27.350000381469727,0.0
SMTC,2012-12-03,27.579999923706055,27.979999542236328,27.5,27.809999465942383,860300,27.809999465942383,0.0
SMTC,2012-12-04,27.760000228881836,28.0,27.56999969482422,27.969999313354492,402100,27.969999313354492,0.0
SMTC,2012-12-05,28.0,28.0,27.639999389648438,27.969999313354492,406300,27.969999313354492,0.0
SMTC,2012-12-06,27.959999084472656,28.0,27.81999969482422,27.969999313354492,439100,27.969999313354492,0.0
SMTC,2012-12-07,28.0,28.0,27.739999771118164,27.989999771118164,147100,27.989999771118164,0.0
SMTC,2012-12-10,27.979999542236328,28.18000030517578,27.709999084472656,28.1200008392334,436500,28.1200008392334,0.0
SMTC,2012-12-11,28.280000686645508,28.75,28.219999313354492,28.700000762939453,313900,28.700000762939453,0.0
SMTC,2012-12-12,28.889999389648438,28.889999389648438,28.329999923706055,28.459999084472656,303700,28.459999084472656,0.0
SMTC,2012-12-13,28.440000534057617,28.59000015258789,27.940000534057617,28.049999237060547,449200,28.049999237060547,0.0
SMTC,2012-12-14,27.899999618530273,28.200000762939453,27.75,28.020000457763672,365700,28.020000457763672,0.0
SMTC,2012-12-17,28.1299991607666,28.440000534057617,27.940000534057617,28.3799991607666,411400,28.3799991607666,0.0
SMTC,2012-12-18,28.479999542236328,28.790000915527344,28.3799991607666,28.5,404900,28.5,0.0
SMTC,2012-12-19,28.610000610351562,28.719999313354492,28.31999969482422,28.6200008392334,383300,28.6200008392334,0.0
SMTC,2012-12-20,28.709999084472656,28.8799991607666,28.389999389648438,28.860000610351562,463900,28.860000610351562,0.0
SMTC,2012-12-21,28.420000076293945,29.010000228881836,28.15999984741211,28.989999771118164,1536600,28.989999771118164,0.0
SMTC,2012-12-24,28.940000534057617,28.959999084472656,28.6299991607666,28.860000610351562,146700,28.860000610351562,0.0
SMTC,2012-12-26,28.899999618530273,28.989999771118164,28.5,28.59000015258789,279300,28.59000015258789,0.0
SMTC,2012-12-27,28.549999237060547,28.6299991607666,28.030000686645508,28.520000457763672,262600,28.520000457763672,0.0
SMTC,2012-12-28,28.3799991607666,28.809999465942383,28.170000076293945,28.479999542236328,457100,28.479999542236328,0.0
SMTC,2012-12-31,28.440000534057617,28.969999313354492,28.200000762939453,28.950000762939453,426800,28.950000762939453,0.0
SMTC,2013-01-02,29.56999969482422,30.1200008392334,29.290000915527344,29.68000030517578,969300,29.68000030517578,0.0
SMTC,2013-01-03,29.670000076293945,29.81999969482422,29.200000762939453,29.290000915527344,331100,29.290000915527344,0.0
SMTC,2013-01-04,29.489999771118164,29.489999771118164,29.040000915527344,29.3799991607666,404100,29.3799991607666,0.0
SMTC,2013-01-07,29.100000381469727,29.510000228881836,28.969999313354492,29.420000076293945,273000,29.420000076293945,0.0
SMTC,2013-01-08,29.489999771118164,29.510000228881836,29.079999923706055,29.170000076293945,321300,29.170000076293945,0.0
SMTC,2013-01-09,29.239999771118164,29.3700008392334,28.93000030517578,29.299999237060547,524000,29.299999237060547,0.0
SMTC,2013-01-10,29.5,29.709999084472656,29.309999465942383,29.649999618530273,330700,29.649999618530273,0.0
SMTC,2013-01-11,29.649999618530273,29.690000534057617,29.1200008392334,29.190000534057617,669300,29.190000534057617,0.0
SMTC,2013-01-14,29.1200008392334,29.40999984741211,28.93000030517578,29.0,389400,29.0,0.0
SMTC,2013-01-15,28.8799991607666,29.299999237060547,28.81999969482422,28.989999771118164,290000,28.989999771118164,0.0
SMTC,2013-01-16,28.860000610351562,29.110000610351562,28.81999969482422,28.950000762939453,198200,28.950000762939453,0.0
SMTC,2013-01-17,29.079999923706055,29.229999542236328,28.8799991607666,29.18000030517578,448400,29.18000030517578,0.0
SMTC,2013-01-18,29.06999969482422,29.1200008392334,28.0,29.049999237060547,333200,29.049999237060547,0.0
SMTC,2013-01-22,29.09000015258789,29.15999984741211,28.770000457763672,28.989999771118164,305000,28.989999771118164,0.0
SMTC,2013-01-23,29.049999237060547,29.540000915527344,28.93000030517578,29.40999984741211,1066400,29.40999984741211,0.0
SMTC,2013-01-24,29.31999969482422,29.639999389648438,29.239999771118164,29.489999771118164,381500,29.489999771118164,0.0
SMTC,2013-01-25,29.610000610351562,29.899999618530273,29.549999237060547,29.84000015258789,310900,29.84000015258789,0.0
SMTC,2013-01-28,29.8700008392334,30.139999389648438,29.719999313354492,30.079999923706055,368500,30.079999923706055,0.0
SMTC,2013-01-29,29.969999313354492,30.09000015258789,29.610000610351562,29.829999923706055,325500,29.829999923706055,0.0
SMTC,2013-01-30,29.690000534057617,30.479999542236328,29.489999771118164,30.200000762939453,679700,30.200000762939453,0.0
SMTC,2013-01-31,30.309999465942383,30.59000015258789,29.979999542236328,30.15999984741211,624300,30.15999984741211,0.0
SMTC,2013-02-01,30.389999389648438,30.56999969482422,30.139999389648438,30.3700008392334,460600,30.3700008392334,0.0
SMTC,2013-02-04,30.079999923706055,30.389999389648438,29.850000381469727,29.90999984741211,277800,29.90999984741211,0.0
SMTC,2013-02-05,30.5,30.5,30.0,30.270000457763672,459400,30.270000457763672,0.0
SMTC,2013-02-06,30.190000534057617,30.389999389648438,29.920000076293945,30.139999389648438,288700,30.139999389648438,0.0
SMTC,2013-02-07,30.149999618530273,30.149999618530273,29.559999465942383,30.049999237060547,292600,30.049999237060547,0.0
SMTC,2013-02-08,30.239999771118164,31.190000534057617,30.170000076293945,30.81999969482422,298000,30.81999969482422,0.0
SMTC,2013-02-11,30.799999237060547,31.030000686645508,30.530000686645508,30.739999771118164,138900,30.739999771118164,0.0
SMTC,2013-02-12,30.90999984741211,31.56999969482422,30.760000228881836,31.479999542236328,516900,31.479999542236328,0.0
SMTC,2013-02-13,31.600000381469727,31.770000457763672,31.280000686645508,31.479999542236328,496800,31.479999542236328,0.0
SMTC,2013-02-14,31.290000915527344,31.639999389648438,31.260000228881836,31.549999237060547,492700,31.549999237060547,0.0
SMTC,2013-02-15,31.719999313354492,31.84000015258789,31.149999618530273,31.329999923706055,250100,31.329999923706055,0.0
SMTC,2013-02-19,31.329999923706055,31.829999923706055,31.31999969482422,31.700000762939453,391600,31.700000762939453,0.0
SMTC,2013-02-20,31.6299991607666,31.719999313354492,31.139999389648438,31.190000534057617,285600,31.190000534057617,0.0
SMTC,2013-02-21,31.1299991607666,31.209999084472656,30.690000534057617,30.84000015258789,270100,30.84000015258789,0.0
SMTC,2013-02-22,31.1200008392334,31.360000610351562,31.030000686645508,31.25,343300,31.25,0.0
SMTC,2013-02-25,31.459999084472656,31.459999084472656,30.559999465942383,30.559999465942383,279800,30.559999465942383,0.0
SMTC,2013-02-26,30.770000457763672,31.040000915527344,30.579999923706055,30.81999969482422,257000,30.81999969482422,0.0
SMTC,2013-02-27,30.700000762939453,30.950000762939453,30.600000381469727,30.6200008392334,549700,30.6200008392334,0.0
SMTC,2013-02-28,30.6200008392334,30.84000015258789,30.3700008392334,30.56999969482422,441300,30.56999969482422,0.0
SMTC,2013-03-01,30.350000381469727,30.559999465942383,29.639999389648438,30.190000534057617,567100,30.190000534057617,0.0
SMTC,2013-03-04,30.18000030517578,30.360000610351562,30.040000915527344,30.229999542236328,480600,30.229999542236328,0.0
SMTC,2013-03-05,30.489999771118164,30.959999084472656,30.3799991607666,30.5,819500,30.5,0.0
SMTC,2013-03-06,30.600000381469727,30.90999984741211,30.56999969482422,30.719999313354492,403600,30.719999313354492,0.0
SMTC,2013-03-07,33.619998931884766,34.41999816894531,32.630001068115234,33.029998779296875,1639100,33.029998779296875,0.0
SMTC,2013-03-08,33.25,33.599998474121094,32.68000030517578,33.36000061035156,747500,33.36000061035156,0.0
SMTC,2013-03-11,32.93000030517578,33.36000061035156,32.849998474121094,33.06999969482422,642400,33.06999969482422,0.0
SMTC,2013-03-12,33.029998779296875,33.18000030517578,32.86000061035156,33.02000045776367,453000,33.02000045776367,0.0
SMTC,2013-03-13,33.04999923706055,33.13999938964844,32.7400016784668,32.9900016784668,255400,32.9900016784668,0.0
SMTC,2013-03-14,32.970001220703125,33.349998474121094,32.81999969482422,33.310001373291016,308400,33.310001373291016,0.0
SMTC,2013-03-15,33.279998779296875,33.33000183105469,32.709999084472656,33.09000015258789,526900,33.09000015258789,0.0
SMTC,2013-03-18,32.619998931884766,33.220001220703125,32.5,32.97999954223633,376700,32.97999954223633,0.0
SMTC,2013-03-19,33.2400016784668,33.63999938964844,33.13999938964844,33.619998931884766,898000,33.619998931884766,0.0
SMTC,2013-03-20,33.650001525878906,34.04999923706055,33.56999969482422,33.75,603600,33.75,0.0
SMTC,2013-03-21,33.52000045776367,33.630001068115234,33.31999969482422,33.4900016784668,413200,33.4900016784668,0.0
SMTC,2013-03-22,33.5,33.810001373291016,33.31999969482422,33.689998626708984,396700,33.689998626708984,0.0
SMTC,2013-03-25,33.7599983215332,34.599998474121094,33.7400016784668,34.52000045776367,599400,34.52000045776367,0.0
SMTC,2013-03-26,34.619998931884766,35.22999954223633,34.619998931884766,35.220001220703125,494900,35.220001220703125,0.0
SMTC,2013-03-27,35.0,35.09000015258789,34.599998474121094,34.93000030517578,388000,34.93000030517578,0.0
SMTC,2013-03-28,35.029998779296875,35.5,34.869998931884766,35.400001525878906,330400,35.400001525878906,0.0
SMTC,2013-04-01,35.45000076293945,35.45000076293945,34.33000183105469,34.529998779296875,683800,34.529998779296875,0.0
SMTC,2013-04-02,34.65999984741211,34.65999984741211,33.77000045776367,34.0,489400,34.0,0.0
SMTC,2013-04-03,34.15999984741211,34.22999954223633,33.150001525878906,33.220001220703125,313700,33.220001220703125,0.0
SMTC,2013-04-04,33.209999084472656,33.689998626708984,32.93000030517578,33.65999984741211,275000,33.65999984741211,0.0
SMTC,2013-04-05,33.029998779296875,33.189998626708984,32.68000030517578,32.880001068115234,438500,32.880001068115234,0.0
SMTC,2013-04-08,32.900001525878906,33.04999923706055,32.33000183105469,32.560001373291016,841500,32.560001373291016,0.0
SMTC,2013-04-09,32.7400016784668,33.15999984741211,32.459999084472656,32.9900016784668,767700,32.9900016784668,0.0
SMTC,2013-04-10,33.18000030517578,33.4900016784668,32.970001220703125,33.459999084472656,599700,33.459999084472656,0.0
SMTC,2013-04-11,33.310001373291016,33.63999938964844,33.029998779296875,33.33000183105469,290100,33.33000183105469,0.0
SMTC,2013-04-12,33.119998931884766,33.34000015258789,32.68000030517578,33.15999984741211,348000,33.15999984741211,0.0
SMTC,2013-04-15,33.0,33.15999984741211,32.36000061035156,32.41999816894531,490700,32.41999816894531,0.0
SMTC,2013-04-16,32.70000076293945,32.93000030517578,32.27000045776367,32.810001373291016,354100,32.810001373291016,0.0
SMTC,2013-04-17,32.470001220703125,32.59000015258789,31.190000534057617,31.34000015258789,542900,31.34000015258789,0.0
SMTC,2013-04-18,31.309999465942383,31.510000228881836,30.40999984741211,30.549999237060547,412500,30.549999237060547,0.0
SMTC,2013-04-19,30.489999771118164,30.489999771118164,29.639999389648438,30.190000534057617,678300,30.190000534057617,0.0
SMTC,2013-04-22,30.149999618530273,30.809999465942383,29.59000015258789,30.610000610351562,435100,30.610000610351562,0.0
SMTC,2013-04-23,30.860000610351562,31.34000015258789,30.610000610351562,31.31999969482422,332300,31.31999969482422,0.0
SMTC,2013-04-24,31.25,31.459999084472656,31.040000915527344,31.219999313354492,268800,31.219999313354492,0.0
SMTC,2013-04-25,31.260000228881836,31.790000915527344,31.260000228881836,31.520000457763672,330700,31.520000457763672,0.0
SMTC,2013-04-26,31.459999084472656,31.459999084472656,31.059999465942383,31.200000762939453,289200,31.200000762939453,0.0
SMTC,2013-04-29,31.260000228881836,31.84000015258789,31.1200008392334,31.700000762939453,317200,31.700000762939453,0.0
SMTC,2013-04-30,31.670000076293945,32.099998474121094,31.670000076293945,32.06999969482422,515000,32.06999969482422,0.0
SMTC,2013-05-01,31.920000076293945,32.209999084472656,31.040000915527344,31.079999923706055,583000,31.079999923706055,0.0
SMTC,2013-05-02,31.190000534057617,31.780000686645508,30.899999618530273,31.670000076293945,753900,31.670000076293945,0.0
SMTC,2013-05-03,32.13999938964844,32.56999969482422,32.13999938964844,32.43000030517578,446300,32.43000030517578,0.0
SMTC,2013-05-06,32.380001068115234,32.599998474121094,32.25,32.529998779296875,395500,32.529998779296875,0.0
SMTC,2013-05-07,32.54999923706055,32.810001373291016,32.41999816894531,32.810001373291016,408200,32.810001373291016,0.0
SMTC,2013-05-08,32.790000915527344,33.06999969482422,32.59000015258789,32.779998779296875,410200,32.779998779296875,0.0
SMTC,2013-05-09,32.75,33.060001373291016,32.709999084472656,32.810001373291016,263400,32.810001373291016,0.0
SMTC,2013-05-10,32.93000030517578,33.220001220703125,32.93000030517578,33.220001220703125,224100,33.220001220703125,0.0
SMTC,2013-05-13,33.16999816894531,33.599998474121094,33.0,33.400001525878906,380500,33.400001525878906,0.0
SMTC,2013-05-14,33.540000915527344,34.150001525878906,33.540000915527344,34.08000183105469,592000,34.08000183105469,0.0
SMTC,2013-05-15,34.369998931884766,36.0,34.20000076293945,35.91999816894531,1013400,35.91999816894531,0.0
SMTC,2013-05-16,36.119998931884766,36.790000915527344,36.099998474121094,36.279998779296875,1060400,36.279998779296875,0.0
SMTC,2013-05-17,36.369998931884766,36.72999954223633,36.11000061035156,36.31999969482422,574600,36.31999969482422,0.0
SMTC,2013-05-20,36.20000076293945,36.810001373291016,36.08000183105469,36.720001220703125,529400,36.720001220703125,0.0
SMTC,2013-05-21,36.849998474121094,37.099998474121094,36.31999969482422,36.7400016784668,379100,36.7400016784668,0.0
SMTC,2013-05-22,36.68000030517578,37.380001068115234,36.0099983215332,36.33000183105469,1065400,36.33000183105469,0.0
SMTC,2013-05-23,36.0,36.0,31.600000381469727,35.59000015258789,2561200,35.59000015258789,0.0
SMTC,2013-05-24,35.34000015258789,35.689998626708984,35.0,35.59000015258789,394400,35.59000015258789,0.0
SMTC,2013-05-28,35.959999084472656,36.709999084472656,35.66999816894531,36.38999938964844,694100,36.38999938964844,0.0
SMTC,2013-05-29,35.97999954223633,36.36000061035156,35.7599983215332,36.09000015258789,481900,36.09000015258789,0.0
SMTC,2013-05-30,36.0,36.84000015258789,35.849998474121094,36.79999923706055,401900,36.79999923706055,0.0
SMTC,2013-05-31,36.47999954223633,36.849998474121094,36.029998779296875,36.5099983215332,352400,36.5099983215332,0.0
SMTC,2013-06-03,36.56999969482422,36.970001220703125,36.2599983215332,36.84000015258789,1002700,36.84000015258789,0.0
SMTC,2013-06-04,37.0,37.45000076293945,36.130001068115234,36.43000030517578,621500,36.43000030517578,0.0
SMTC,2013-06-05,36.27000045776367,36.54999923706055,35.5,35.54999923706055,845800,35.54999923706055,0.0
SMTC,2013-06-06,35.459999084472656,35.720001220703125,35.25,35.720001220703125,902200,35.720001220703125,0.0
SMTC,2013-06-07,36.029998779296875,36.099998474121094,35.290000915527344,35.779998779296875,533700,35.779998779296875,0.0
SMTC,2013-06-10,36.11000061035156,36.189998626708984,35.790000915527344,36.13999938964844,515500,36.13999938964844,0.0
SMTC,2013-06-11,35.7400016784668,36.08000183105469,35.099998474121094,35.630001068115234,470100,35.630001068115234,0.0
SMTC,2013-06-12,35.88999938964844,36.040000915527344,34.79999923706055,35.0099983215332,324900,35.0099983215332,0.0
SMTC,2013-06-13,34.91999816894531,35.75,34.72999954223633,35.65999984741211,237600,35.65999984741211,0.0
SMTC,2013-06-14,35.66999816894531,35.75,35.34000015258789,35.560001373291016,199000,35.560001373291016,0.0
SMTC,2013-06-17,35.86000061035156,36.189998626708984,35.689998626708984,36.11000061035156,358200,36.11000061035156,0.0
SMTC,2013-06-18,36.2599983215332,37.119998931884766,36.16999816894531,36.88999938964844,432400,36.88999938964844,0.0
SMTC,2013-06-19,36.959999084472656,37.189998626708984,36.68000030517578,36.68000030517578,338600,36.68000030517578,0.0
SMTC,2013-06-20,36.029998779296875,36.5,35.65999984741211,35.84000015258789,410800,35.84000015258789,0.0
SMTC,2013-06-21,35.97999954223633,36.13999938964844,35.31999969482422,35.88999938964844,754800,35.88999938964844,0.0
SMTC,2013-06-24,35.380001068115234,35.7599983215332,34.439998626708984,34.5099983215332,594400,34.5099983215332,0.0
SMTC,2013-06-25,34.84000015258789,34.84000015258789,33.470001220703125,34.66999816894531,1477900,34.66999816894531,0.0
SMTC,2013-06-26,35.0,35.040000915527344,34.189998626708984,34.5,679100,34.5,0.0
SMTC,2013-06-27,34.849998474121094,35.369998931884766,34.470001220703125,35.119998931884766,646800,35.119998931884766,0.0
SMTC,2013-06-28,35.06999969482422,35.36000061035156,34.66999816894531,35.029998779296875,455800,35.029998779296875,0.0
SMTC,2013-07-01,35.189998626708984,35.7400016784668,34.849998474121094,35.16999816894531,638600,35.16999816894531,0.0
SMTC,2013-07-02,35.119998931884766,35.20000076293945,33.310001373291016,33.439998626708984,1287700,33.439998626708984,0.0
SMTC,2013-07-03,33.33000183105469,33.560001373291016,32.86000061035156,33.560001373291016,757800,33.560001373291016,0.0
SMTC,2013-07-05,34.2400016784668,34.40999984741211,33.599998474121094,34.400001525878906,392300,34.400001525878906,0.0
SMTC,2013-07-08,34.439998626708984,34.560001373291016,33.11000061035156,33.130001068115234,794500,33.130001068115234,0.0
SMTC,2013-07-09,33.459999084472656,33.650001525878906,33.09000015258789,33.38999938964844,451100,33.38999938964844,0.0
SMTC,2013-07-10,33.279998779296875,33.599998474121094,33.11000061035156,33.27000045776367,549100,33.27000045776367,0.0
SMTC,2013-07-11,33.66999816894531,34.15999984741211,33.349998474121094,34.130001068115234,429500,34.130001068115234,0.0
SMTC,2013-07-12,34.02000045776367,34.38999938964844,33.5099983215332,33.599998474121094,599000,33.599998474121094,0.0
SMTC,2013-07-15,33.54999923706055,33.93000030517578,33.25,33.709999084472656,599500,33.709999084472656,0.0
SMTC,2013-07-16,33.810001373291016,34.189998626708984,33.459999084472656,34.06999969482422,387500,34.06999969482422,0.0
SMTC,2013-07-17,34.31999969482422,34.459999084472656,33.97999954223633,34.34000015258789,314900,34.34000015258789,0.0
SMTC,2013-07-18,34.099998474121094,34.27000045776367,33.7599983215332,34.11000061035156,517500,34.11000061035156,0.0
SMTC,2013-07-19,33.88999938964844,34.310001373291016,33.65999984741211,34.279998779296875,714900,34.279998779296875,0.0
SMTC,2013-07-22,34.099998474121094,34.599998474121094,34.09000015258789,34.369998931884766,232600,34.369998931884766,0.0
SMTC,2013-07-23,34.61000061035156,34.810001373291016,34.099998474121094,34.290000915527344,260500,34.290000915527344,0.0
SMTC,2013-07-24,34.40999984741211,34.66999816894531,34.040000915527344,34.189998626708984,344400,34.189998626708984,0.0
SMTC,2013-07-25,34.220001220703125,34.619998931884766,33.90999984741211,34.43000030517578,514300,34.43000030517578,0.0
SMTC,2013-07-26,34.0,34.0099983215332,31.290000915527344,31.34000015258789,2038100,31.34000015258789,0.0
SMTC,2013-07-29,31.350000381469727,31.639999389648438,30.25,30.420000076293945,1730300,30.420000076293945,0.0
SMTC,2013-07-30,30.469999313354492,30.780000686645508,29.84000015258789,29.90999984741211,1530900,29.90999984741211,0.0
SMTC,2013-07-31,29.940000534057617,30.65999984741211,29.860000610351562,30.25,1731000,30.25,0.0
SMTC,2013-08-01,30.649999618530273,31.229999542236328,30.31999969482422,31.15999984741211,1182500,31.15999984741211,0.0
SMTC,2013-08-02,31.110000610351562,31.350000381469727,30.770000457763672,31.299999237060547,702100,31.299999237060547,0.0
SMTC,2013-08-05,31.229999542236328,31.639999389648438,31.049999237060547,31.6200008392334,829900,31.6200008392334,0.0
SMTC,2013-08-06,31.479999542236328,31.68000030517578,31.209999084472656,31.239999771118164,733400,31.239999771118164,0.0
SMTC,2013-08-07,31.040000915527344,31.200000762939453,29.979999542236328,30.309999465942383,1019800,30.309999465942383,0.0
SMTC,2013-08-08,30.59000015258789,30.84000015258789,29.959999084472656,29.989999771118164,794500,29.989999771118164,0.0
SMTC,2013-08-09,30.399999618530273,30.399999618530273,29.1200008392334,29.3700008392334,998700,29.3700008392334,0.0
SMTC,2013-08-12,29.049999237060547,29.81999969482422,29.040000915527344,29.729999542236328,482500,29.729999542236328,0.0
SMTC,2013-08-13,29.729999542236328,29.8700008392334,29.40999984741211,29.799999237060547,465000,29.799999237060547,0.0
SMTC,2013-08-14,29.709999084472656,29.850000381469727,29.149999618530273,29.209999084472656,822700,29.209999084472656,0.0
SMTC,2013-08-15,28.770000457763672,29.309999465942383,28.420000076293945,28.81999969482422,655900,28.81999969482422,0.0
SMTC,2013-08-16,29.040000915527344,30.25,28.780000686645508,29.700000762939453,1072700,29.700000762939453,0.0
SMTC,2013-08-19,29.469999313354492,29.65999984741211,29.260000228881836,29.329999923706055,968000,29.329999923706055,0.0
SMTC,2013-08-20,29.389999389648438,30.030000686645508,29.040000915527344,29.84000015258789,732700,29.84000015258789,0.0
SMTC,2013-08-21,29.68000030517578,30.040000915527344,29.309999465942383,29.639999389648438,807500,29.639999389648438,0.0
SMTC,2013-08-22,28.0,30.450000762939453,27.780000686645508,30.06999969482422,1717100,30.06999969482422,0.0
SMTC,2013-08-23,30.049999237060547,30.479999542236328,29.989999771118164,30.399999618530273,1381200,30.399999618530273,0.0
SMTC,2013-08-26,30.239999771118164,30.440000534057617,30.0,30.170000076293945,804100,30.170000076293945,0.0
SMTC,2013-08-27,29.729999542236328,30.100000381469727,29.559999465942383,29.899999618530273,939300,29.899999618530273,0.0
SMTC,2013-08-28,29.899999618530273,30.3799991607666,29.809999465942383,30.040000915527344,612600,30.040000915527344,0.0
SMTC,2013-08-29,29.6299991607666,30.280000686645508,29.6299991607666,30.040000915527344,421100,30.040000915527344,0.0
SMTC,2013-08-30,30.540000915527344,30.540000915527344,29.670000076293945,29.719999313354492,461500,29.719999313354492,0.0
SMTC,2013-09-03,30.059999465942383,30.399999618530273,29.5,29.829999923706055,794700,29.829999923706055,0.0
SMTC,2013-09-04,29.75,30.6299991607666,29.479999542236328,30.6299991607666,525400,30.6299991607666,0.0
SMTC,2013-09-05,30.600000381469727,31.09000015258789,30.600000381469727,30.690000534057617,580100,30.690000534057617,0.0
SMTC,2013-09-06,30.920000076293945,30.920000076293945,30.049999237060547,30.399999618530273,312400,30.399999618530273,0.0
SMTC,2013-09-09,30.459999084472656,30.739999771118164,30.239999771118164,30.440000534057617,487500,30.440000534057617,0.0
SMTC,2013-09-10,30.739999771118164,31.360000610351562,30.600000381469727,31.34000015258789,426900,31.34000015258789,0.0
SMTC,2013-09-11,31.149999618530273,31.43000030517578,30.969999313354492,31.299999237060547,411600,31.299999237060547,0.0
SMTC,2013-09-12,31.350000381469727,31.479999542236328,30.850000381469727,31.25,406300,31.25,0.0
SMTC,2013-09-13,31.420000076293945,31.889999389648438,31.0,31.709999084472656,536700,31.709999084472656,0.0
SMTC,2013-09-16,32.040000915527344,32.13999938964844,31.510000228881836,31.790000915527344,466300,31.790000915527344,0.0
SMTC,2013-09-17,31.75,32.29999923706055,31.530000686645508,32.20000076293945,391400,32.20000076293945,0.0
SMTC,2013-09-18,32.2400016784668,32.29999923706055,31.8700008392334,32.08000183105469,412900,32.08000183105469,0.0
SMTC,2013-09-19,32.150001525878906,32.25,31.75,32.060001373291016,348400,32.060001373291016,0.0
SMTC,2013-09-20,32.099998474121094,32.349998474121094,31.920000076293945,32.06999969482422,756300,32.06999969482422,0.0
SMTC,2013-09-23,32.029998779296875,32.209999084472656,31.40999984741211,31.649999618530273,433800,31.649999618530273,0.0
SMTC,2013-09-24,31.75,31.75,30.790000915527344,31.43000030517578,497800,31.43000030517578,0.0
SMTC,2013-09-25,30.649999618530273,31.239999771118164,29.8799991607666,30.649999618530273,882900,30.649999618530273,0.0
SMTC,2013-09-26,30.649999618530273,30.729999542236328,29.770000457763672,29.940000534057617,1048400,29.940000534057617,0.0
SMTC,2013-09-27,29.670000076293945,30.34000015258789,29.670000076293945,30.170000076293945,845100,30.170000076293945,0.0
SMTC,2013-09-30,29.899999618530273,30.420000076293945,29.610000610351562,29.989999771118164,998100,29.989999771118164,0.0
SMTC,2013-10-01,30.06999969482422,30.68000030517578,29.8700008392334,30.280000686645508,683300,30.280000686645508,0.0
SMTC,2013-10-02,30.6200008392334,30.6200008392334,29.799999237060547,30.1200008392334,284100,30.1200008392334,0.0
SMTC,2013-10-03,30.1200008392334,30.139999389648438,29.40999984741211,29.84000015258789,564800,29.84000015258789,0.0
SMTC,2013-10-04,29.790000915527344,30.440000534057617,29.75,30.280000686645508,453200,30.280000686645508,0.0
SMTC,2013-10-07,30.049999237060547,30.479999542236328,30.030000686645508,30.15999984741211,860100,30.15999984741211,0.0
SMTC,2013-10-08,30.149999618530273,30.56999969482422,29.920000076293945,30.059999465942383,720400,30.059999465942383,0.0
SMTC,2013-10-09,30.200000762939453,30.270000457763672,29.700000762939453,29.940000534057617,599700,29.940000534057617,0.0
SMTC,2013-10-10,30.399999618530273,31.1299991607666,30.31999969482422,31.06999969482422,960800,31.06999969482422,0.0
SMTC,2013-10-11,30.889999389648438,31.799999237060547,30.3799991607666,31.719999313354492,857500,31.719999313354492,0.0
SMTC,2013-10-14,31.559999465942383,31.899999618530273,31.350000381469727,31.770000457763672,490700,31.770000457763672,0.0
SMTC,2013-10-15,31.639999389648438,31.760000228881836,30.959999084472656,31.0,567700,31.0,0.0
SMTC,2013-10-16,31.100000381469727,31.56999969482422,30.860000610351562,30.8700008392334,615700,30.8700008392334,0.0
SMTC,2013-10-17,30.770000457763672,31.020000457763672,29.989999771118164,30.920000076293945,626800,30.920000076293945,0.0
SMTC,2013-10-18,31.1299991607666,31.1299991607666,30.68000030517578,31.030000686645508,559300,31.030000686645508,0.0
SMTC,2013-10-21,31.0,31.18000030517578,30.850000381469727,31.100000381469727,393200,31.100000381469727,0.0
SMTC,2013-10-22,31.15999984741211,31.40999984741211,30.469999313354492,30.850000381469727,441100,30.850000381469727,0.0
SMTC,2013-10-23,30.579999923706055,30.639999389648438,29.5,29.510000228881836,661500,29.510000228881836,0.0
SMTC,2013-10-24,29.549999237060547,29.90999984741211,29.549999237060547,29.719999313354492,335100,29.719999313354492,0.0
SMTC,2013-10-25,29.969999313354492,30.469999313354492,29.790000915527344,30.18000030517578,439800,30.18000030517578,0.0
SMTC,2013-10-28,30.200000762939453,30.700000762939453,30.079999923706055,30.6200008392334,453800,30.6200008392334,0.0
SMTC,2013-10-29,30.770000457763672,31.1299991607666,30.6299991607666,30.93000030517578,453400,30.93000030517578,0.0
SMTC,2013-10-30,31.010000228881836,31.299999237060547,30.40999984741211,30.610000610351562,469200,30.610000610351562,0.0
SMTC,2013-10-31,30.690000534057617,31.31999969482422,30.559999465942383,31.110000610351562,452700,31.110000610351562,0.0
SMTC,2013-11-01,31.079999923706055,31.399999618530273,30.940000534057617,30.979999542236328,736000,30.979999542236328,0.0
SMTC,2013-11-04,31.1200008392334,31.170000076293945,30.75,31.06999969482422,373200,31.06999969482422,0.0
SMTC,2013-11-05,30.979999542236328,30.979999542236328,30.489999771118164,30.670000076293945,361300,30.670000076293945,0.0
SMTC,2013-11-06,30.84000015258789,31.040000915527344,30.540000915527344,30.860000610351562,286800,30.860000610351562,0.0
SMTC,2013-11-07,30.93000030517578,30.93000030517578,30.40999984741211,30.43000030517578,388000,30.43000030517578,0.0
SMTC,2013-11-08,30.43000030517578,31.100000381469727,30.3700008392334,31.100000381469727,360300,31.100000381469727,0.0
SMTC,2013-11-11,30.989999771118164,31.1299991607666,30.65999984741211,31.010000228881836,247400,31.010000228881836,0.0
SMTC,2013-11-12,31.270000457763672,31.920000076293945,31.110000610351562,31.799999237060547,364200,31.799999237060547,0.0
SMTC,2013-11-13,31.65999984741211,32.15999984741211,31.3799991607666,32.15999984741211,239900,32.15999984741211,0.0
SMTC,2013-11-14,32.04999923706055,32.04999923706055,31.209999084472656,31.290000915527344,587700,31.290000915527344,0.0
SMTC,2013-11-15,31.239999771118164,31.239999771118164,30.6299991607666,30.959999084472656,961700,30.959999084472656,0.0
SMTC,2013-11-18,31.0,31.739999771118164,30.959999084472656,31.360000610351562,837900,31.360000610351562,0.0
SMTC,2013-11-19,32.720001220703125,32.720001220703125,29.489999771118164,29.5,1211900,29.5,0.0
SMTC,2013-11-20,29.540000915527344,29.889999389648438,28.959999084472656,29.450000762939453,790400,29.450000762939453,0.0
SMTC,2013-11-21,29.489999771118164,30.059999465942383,29.389999389648438,29.989999771118164,364900,29.989999771118164,0.0
SMTC,2013-11-22,29.889999389648438,29.950000762939453,29.670000076293945,29.850000381469727,553700,29.850000381469727,0.0
SMTC,2013-11-25,29.799999237060547,29.899999618530273,29.239999771118164,29.59000015258789,709900,29.59000015258789,0.0
SMTC,2013-11-26,29.540000915527344,29.860000610351562,29.40999984741211,29.760000228881836,317100,29.760000228881836,0.0
SMTC,2013-11-27,29.690000534057617,30.0,29.56999969482422,29.950000762939453,241400,29.950000762939453,0.0
SMTC,2013-11-29,30.1299991607666,30.190000534057617,29.709999084472656,29.719999313354492,136000,29.719999313354492,0.0
SMTC,2013-12-02,29.649999618530273,30.040000915527344,29.229999542236328,29.260000228881836,768700,29.260000228881836,0.0
SMTC,2013-12-03,29.149999618530273,29.979999542236328,28.920000076293945,29.399999618530273,820300,29.399999618530273,0.0
SMTC,2013-12-04,29.34000015258789,29.790000915527344,29.049999237060547,29.309999465942383,428300,29.309999465942383,0.0
SMTC,2013-12-05,29.270000457763672,29.84000015258789,29.270000457763672,29.43000030517578,413200,29.43000030517578,0.0
SMTC,2013-12-06,29.799999237060547,30.18000030517578,29.670000076293945,29.760000228881836,384000,29.760000228881836,0.0
SMTC,2013-12-09,29.739999771118164,30.06999969482422,29.270000457763672,29.40999984741211,417500,29.40999984741211,0.0
SMTC,2013-12-10,29.270000457763672,29.600000381469727,28.549999237060547,28.600000381469727,1162100,28.600000381469727,0.0
SMTC,2013-12-11,28.559999465942383,28.829999923706055,28.100000381469727,28.489999771118164,929100,28.489999771118164,0.0
SMTC,2013-12-12,28.520000457763672,28.729999542236328,27.93000030517578,28.0,671800,28.0,0.0
SMTC,2013-12-13,28.059999465942383,28.31999969482422,27.440000534057617,27.639999389648438,728200,27.639999389648438,0.0
SMTC,2013-12-16,27.81999969482422,28.100000381469727,27.610000610351562,27.700000762939453,708400,27.700000762939453,0.0
SMTC,2013-12-17,27.68000030517578,28.6299991607666,27.489999771118164,28.559999465942383,588500,28.559999465942383,0.0
SMTC,2013-12-18,28.68000030517578,28.68000030517578,27.700000762939453,28.06999969482422,836100,28.06999969482422,0.0
SMTC,2013-12-19,22.899999618530273,25.459999084472656,22.56999969482422,24.670000076293945,5195600,24.670000076293945,0.0
SMTC,2013-12-20,24.770000457763672,25.149999618530273,24.190000534057617,24.200000762939453,2536600,24.200000762939453,0.0
SMTC,2013-12-23,24.360000610351562,25.309999465942383,24.110000610351562,24.989999771118164,1391700,24.989999771118164,0.0
SMTC,2013-12-24,24.950000762939453,25.34000015258789,24.920000076293945,24.950000762939453,465800,24.950000762939453,0.0
SMTC,2013-12-26,24.969999313354492,25.170000076293945,24.860000610351562,25.010000228881836,547600,25.010000228881836,0.0
SMTC,2013-12-27,25.100000381469727,25.299999237060547,24.93000030517578,25.020000457763672,743700,25.020000457763672,0.0
SMTC,2013-12-30,24.969999313354492,25.350000381469727,24.969999313354492,25.18000030517578,471600,25.18000030517578,0.0
SMTC,2013-12-31,25.15999984741211,25.34000015258789,24.950000762939453,25.280000686645508,491700,25.280000686645508,0.0
SMTC,2014-01-02,25.030000686645508,25.100000381469727,24.84000015258789,24.940000534057617,792000,24.940000534057617,0.0
SMTC,2014-01-03,24.959999084472656,25.280000686645508,24.770000457763672,24.84000015258789,502700,24.84000015258789,0.0
SMTC,2014-01-06,24.979999542236328,25.1299991607666,24.270000457763672,24.31999969482422,774400,24.31999969482422,0.0
SMTC,2014-01-07,24.459999084472656,24.56999969482422,24.09000015258789,24.309999465942383,528200,24.309999465942383,0.0
SMTC,2014-01-08,24.350000381469727,24.399999618530273,23.940000534057617,24.1200008392334,675700,24.1200008392334,0.0
SMTC,2014-01-09,24.270000457763672,24.329999923706055,23.510000228881836,23.8700008392334,685500,23.8700008392334,0.0
SMTC,2014-01-10,23.829999923706055,24.239999771118164,23.65999984741211,24.010000228881836,535100,24.010000228881836,0.0
SMTC,2014-01-13,23.969999313354492,24.18000030517578,23.530000686645508,23.649999618530273,538000,23.649999618530273,0.0
SMTC,2014-01-14,23.84000015258789,24.1299991607666,23.559999465942383,24.059999465942383,373600,24.059999465942383,0.0
SMTC,2014-01-15,24.149999618530273,24.639999389648438,24.059999465942383,24.3700008392334,616100,24.3700008392334,0.0
SMTC,2014-01-16,24.299999237060547,24.34000015258789,24.030000686645508,24.139999389648438,287300,24.139999389648438,0.0
SMTC,2014-01-17,24.020000457763672,24.170000076293945,23.84000015258789,24.030000686645508,482400,24.030000686645508,0.0
SMTC,2014-01-21,24.219999313354492,24.219999313354492,23.889999389648438,24.059999465942383,491900,24.059999465942383,0.0
SMTC,2014-01-22,24.170000076293945,24.360000610351562,24.110000610351562,24.1299991607666,501000,24.1299991607666,0.0
SMTC,2014-01-23,23.950000762939453,24.079999923706055,23.739999771118164,23.799999237060547,450200,23.799999237060547,0.0
SMTC,2014-01-24,23.700000762939453,23.93000030517578,23.100000381469727,23.219999313354492,684300,23.219999313354492,0.0
SMTC,2014-01-27,23.290000915527344,23.5,22.780000686645508,22.850000381469727,1762400,22.850000381469727,0.0
SMTC,2014-01-28,22.780000686645508,23.0,22.610000610351562,22.959999084472656,2212600,22.959999084472656,0.0
SMTC,2014-01-29,22.81999969482422,23.979999542236328,22.6200008392334,22.670000076293945,1408400,22.670000076293945,0.0
SMTC,2014-01-30,22.829999923706055,23.170000076293945,22.610000610351562,23.040000915527344,696800,23.040000915527344,0.0
SMTC,2014-01-31,22.68000030517578,23.040000915527344,22.5,22.809999465942383,881800,22.809999465942383,0.0
SMTC,2014-02-03,22.760000228881836,22.93000030517578,21.649999618530273,21.709999084472656,1546000,21.709999084472656,0.0
SMTC,2014-02-04,21.81999969482422,22.139999389648438,21.75,21.989999771118164,1657900,21.989999771118164,0.0
SMTC,2014-02-05,21.829999923706055,21.940000534057617,21.559999465942383,21.6200008392334,1123900,21.6200008392334,0.0
SMTC,2014-02-06,21.690000534057617,22.139999389648438,21.3799991607666,22.010000228881836,1071800,22.010000228881836,0.0
SMTC,2014-02-07,22.110000610351562,22.299999237060547,21.979999542236328,22.239999771118164,1367900,22.239999771118164,0.0
SMTC,2014-02-10,22.219999313354492,22.65999984741211,22.010000228881836,22.639999389648438,362000,22.639999389648438,0.0
SMTC,2014-02-11,22.700000762939453,23.1200008392334,22.700000762939453,23.020000457763672,388500,23.020000457763672,0.0
SMTC,2014-02-12,23.020000457763672,23.469999313354492,23.020000457763672,23.299999237060547,478700,23.299999237060547,0.0
SMTC,2014-02-13,23.100000381469727,23.459999084472656,23.100000381469727,23.3799991607666,588400,23.3799991607666,0.0
SMTC,2014-02-14,23.3799991607666,23.530000686645508,23.110000610351562,23.420000076293945,452300,23.420000076293945,0.0
SMTC,2014-02-18,23.459999084472656,23.729999542236328,23.270000457763672,23.559999465942383,349200,23.559999465942383,0.0
SMTC,2014-02-19,23.530000686645508,23.860000610351562,23.469999313354492,23.84000015258789,642700,23.84000015258789,0.0
SMTC,2014-02-20,23.90999984741211,24.40999984741211,23.8799991607666,24.260000228881836,615100,24.260000228881836,0.0
SMTC,2014-02-21,24.34000015258789,24.450000762939453,24.040000915527344,24.329999923706055,583400,24.329999923706055,0.0
SMTC,2014-02-24,24.8700008392334,25.09000015258789,24.530000686645508,24.549999237060547,923900,24.549999237060547,0.0
SMTC,2014-02-25,24.6200008392334,24.829999923706055,24.40999984741211,24.739999771118164,599400,24.739999771118164,0.0
SMTC,2014-02-26,24.850000381469727,25.209999084472656,24.84000015258789,24.93000030517578,630100,24.93000030517578,0.0
SMTC,2014-02-27,24.93000030517578,25.190000534057617,24.690000534057617,25.040000915527344,560400,25.040000915527344,0.0
SMTC,2014-02-28,25.100000381469727,25.100000381469727,24.850000381469727,24.950000762939453,532300,24.950000762939453,0.0
SMTC,2014-03-03,24.770000457763672,25.040000915527344,24.549999237060547,24.65999984741211,498200,24.65999984741211,0.0
SMTC,2014-03-04,25.030000686645508,25.729999542236328,25.030000686645508,25.459999084472656,843000,25.459999084472656,0.0
SMTC,2014-03-05,25.459999084472656,25.6299991607666,25.31999969482422,25.59000015258789,731500,25.59000015258789,0.0
SMTC,2014-03-06,26.350000381469727,27.34000015258789,25.790000915527344,26.219999313354492,1648800,26.219999313354492,0.0
SMTC,2014-03-07,26.229999542236328,26.6299991607666,25.65999984741211,25.719999313354492,488700,25.719999313354492,0.0
SMTC,2014-03-10,25.649999618530273,26.139999389648438,25.489999771118164,25.799999237060547,645200,25.799999237060547,0.0
SMTC,2014-03-11,25.860000610351562,26.309999465942383,25.59000015258789,25.709999084472656,500300,25.709999084472656,0.0
SMTC,2014-03-12,25.56999969482422,25.969999313354492,25.43000030517578,25.709999084472656,328700,25.709999084472656,0.0
SMTC,2014-03-13,25.739999771118164,25.889999389648438,25.0,25.170000076293945,589400,25.170000076293945,0.0
SMTC,2014-03-14,25.06999969482422,25.709999084472656,25.06999969482422,25.549999237060547,392200,25.549999237060547,0.0
SMTC,2014-03-17,25.75,25.989999771118164,25.700000762939453,25.829999923706055,288800,25.829999923706055,0.0
SMTC,2014-03-18,25.829999923706055,26.600000381469727,25.829999923706055,26.450000762939453,318700,26.450000762939453,0.0
SMTC,2014-03-19,26.43000030517578,26.68000030517578,26.139999389648438,26.299999237060547,406400,26.299999237060547,0.0
SMTC,2014-03-20,26.280000686645508,26.530000686645508,26.18000030517578,26.459999084472656,327600,26.459999084472656,0.0
SMTC,2014-03-21,26.579999923706055,26.799999237060547,26.139999389648438,26.260000228881836,733500,26.260000228881836,0.0
SMTC,2014-03-24,26.360000610351562,26.360000610351562,25.719999313354492,26.190000534057617,476200,26.190000534057617,0.0
SMTC,2014-03-25,26.290000915527344,26.719999313354492,26.110000610351562,26.290000915527344,419100,26.290000915527344,0.0
SMTC,2014-03-26,26.5,26.540000915527344,25.469999313354492,25.469999313354492,519000,25.469999313354492,0.0
SMTC,2014-03-27,25.450000762939453,25.700000762939453,24.8799991607666,24.93000030517578,509500,24.93000030517578,0.0
SMTC,2014-03-28,24.940000534057617,25.229999542236328,24.760000228881836,24.809999465942383,644400,24.809999465942383,0.0
SMTC,2014-03-31,25.030000686645508,25.559999465942383,24.8799991607666,25.34000015258789,698100,25.34000015258789,0.0
SMTC,2014-04-01,25.3700008392334,25.860000610351562,25.3700008392334,25.770000457763672,538200,25.770000457763672,0.0
SMTC,2014-04-02,25.809999465942383,25.93000030517578,25.6200008392334,25.850000381469727,793600,25.850000381469727,0.0
SMTC,2014-04-03,25.84000015258789,26.18000030517578,25.739999771118164,25.920000076293945,208900,25.920000076293945,0.0
SMTC,2014-04-04,26.1299991607666,26.149999618530273,24.8799991607666,25.1299991607666,422500,25.1299991607666,0.0
SMTC,2014-04-07,25.149999618530273,25.350000381469727,24.959999084472656,25.18000030517578,522900,25.18000030517578,0.0
SMTC,2014-04-08,25.15999984741211,25.56999969482422,25.100000381469727,25.5,367100,25.5,0.0
SMTC,2014-04-09,25.5,25.530000686645508,25.1200008392334,25.520000457763672,480100,25.520000457763672,0.0
SMTC,2014-04-10,25.5,25.5,25.09000015258789,25.139999389648438,744400,25.139999389648438,0.0
SMTC,2014-04-11,24.93000030517578,25.209999084472656,24.309999465942383,24.440000534057617,496100,24.440000534057617,0.0
SMTC,2014-04-14,24.739999771118164,24.739999771118164,23.989999771118164,24.43000030517578,379400,24.43000030517578,0.0
SMTC,2014-04-15,24.510000228881836,24.6200008392334,23.81999969482422,24.520000457763672,379600,24.520000457763672,0.0
SMTC,2014-04-16,24.639999389648438,25.06999969482422,24.010000228881836,24.389999389648438,213400,24.389999389648438,0.0
SMTC,2014-04-17,24.399999618530273,24.84000015258789,24.260000228881836,24.579999923706055,258100,24.579999923706055,0.0
SMTC,2014-04-21,24.700000762939453,24.90999984741211,24.040000915527344,24.700000762939453,196900,24.700000762939453,0.0
SMTC,2014-04-22,24.719999313354492,25.649999618530273,24.479999542236328,25.610000610351562,548400,25.610000610351562,0.0
SMTC,2014-04-23,25.5,25.6299991607666,25.239999771118164,25.389999389648438,412300,25.389999389648438,0.0
SMTC,2014-04-24,25.549999237060547,25.549999237060547,24.920000076293945,25.329999923706055,425800,25.329999923706055,0.0
SMTC,2014-04-25,25.110000610351562,25.209999084472656,23.989999771118164,24.25,396200,24.25,0.0
SMTC,2014-04-28,24.3700008392334,24.790000915527344,23.459999084472656,24.239999771118164,408800,24.239999771118164,0.0
SMTC,2014-04-29,24.43000030517578,24.43000030517578,23.780000686645508,23.84000015258789,271900,23.84000015258789,0.0
SMTC,2014-04-30,23.739999771118164,24.059999465942383,23.350000381469727,23.979999542236328,325300,23.979999542236328,0.0
SMTC,2014-05-01,23.989999771118164,23.989999771118164,23.15999984741211,23.34000015258789,584000,23.34000015258789,0.0
SMTC,2014-05-02,23.3700008392334,23.780000686645508,23.170000076293945,23.3700008392334,319700,23.3700008392334,0.0
SMTC,2014-05-05,23.170000076293945,23.520000457763672,22.899999618530273,23.280000686645508,209100,23.280000686645508,0.0
SMTC,2014-05-06,23.260000228881836,23.479999542236328,22.899999618530273,22.920000076293945,309600,22.920000076293945,0.0
SMTC,2014-05-07,22.950000762939453,23.0,22.34000015258789,22.969999313354492,246600,22.969999313354492,0.0
SMTC,2014-05-08,22.93000030517578,23.670000076293945,22.670000076293945,22.920000076293945,244300,22.920000076293945,0.0
SMTC,2014-05-09,22.81999969482422,23.18000030517578,22.670000076293945,23.09000015258789,254600,23.09000015258789,0.0
SMTC,2014-05-12,23.190000534057617,23.790000915527344,23.020000457763672,23.700000762939453,328300,23.700000762939453,0.0
SMTC,2014-05-13,23.690000534057617,23.780000686645508,23.020000457763672,23.09000015258789,453500,23.09000015258789,0.0
SMTC,2014-05-14,23.040000915527344,23.219999313354492,22.170000076293945,22.329999923706055,451600,22.329999923706055,0.0
SMTC,2014-05-15,22.280000686645508,22.31999969482422,21.65999984741211,22.149999618530273,463200,22.149999618530273,0.0
SMTC,2014-05-16,22.1299991607666,22.3700008392334,21.959999084472656,22.309999465942383,273200,22.309999465942383,0.0
SMTC,2014-05-19,22.170000076293945,23.059999465942383,22.170000076293945,22.8700008392334,631500,22.8700008392334,0.0
SMTC,2014-05-20,22.739999771118164,22.809999465942383,22.15999984741211,22.43000030517578,671400,22.43000030517578,0.0
SMTC,2014-05-21,22.649999618530273,23.329999923706055,22.3700008392334,23.209999084472656,874700,23.209999084472656,0.0
SMTC,2014-05-22,25.559999465942383,25.739999771118164,24.290000915527344,24.3700008392334,1561400,24.3700008392334,0.0
SMTC,2014-05-23,24.260000228881836,25.059999465942383,24.260000228881836,24.959999084472656,583100,24.959999084472656,0.0
SMTC,2014-05-27,25.049999237060547,25.829999923706055,25.0,25.719999313354492,614700,25.719999313354492,0.0
SMTC,2014-05-28,25.6299991607666,26.290000915527344,25.459999084472656,25.93000030517578,878200,25.93000030517578,0.0
SMTC,2014-05-29,26.139999389648438,26.219999313354492,25.940000534057617,26.059999465942383,293400,26.059999465942383,0.0
SMTC,2014-05-30,26.100000381469727,26.209999084472656,25.75,25.940000534057617,315600,25.940000534057617,0.0
SMTC,2014-06-02,26.010000228881836,26.079999923706055,25.360000610351562,25.540000915527344,462500,25.540000915527344,0.0
SMTC,2014-06-03,25.489999771118164,26.229999542236328,25.489999771118164,26.139999389648438,573500,26.139999389648438,0.0
SMTC,2014-06-04,25.989999771118164,26.549999237060547,25.739999771118164,26.450000762939453,353500,26.450000762939453,0.0
SMTC,2014-06-05,26.579999923706055,27.3700008392334,26.280000686645508,26.920000076293945,696300,26.920000076293945,0.0
SMTC,2014-06-06,27.100000381469727,27.700000762939453,27.079999923706055,27.260000228881836,570700,27.260000228881836,0.0
SMTC,2014-06-09,26.959999084472656,27.5,26.950000762939453,27.43000030517578,697700,27.43000030517578,0.0
SMTC,2014-06-10,27.399999618530273,27.68000030517578,27.280000686645508,27.6200008392334,580000,27.6200008392334,0.0
SMTC,2014-06-11,27.5,28.010000228881836,27.420000076293945,27.600000381469727,541300,27.600000381469727,0.0
SMTC,2014-06-12,27.549999237060547,27.649999618530273,27.209999084472656,27.34000015258789,292300,27.34000015258789,0.0
SMTC,2014-06-13,27.530000686645508,27.770000457763672,27.290000915527344,27.610000610351562,396200,27.610000610351562,0.0
SMTC,2014-06-16,27.610000610351562,27.8700008392334,27.100000381469727,27.5,366500,27.5,0.0
SMTC,2014-06-17,27.420000076293945,28.100000381469727,27.190000534057617,27.579999923706055,560500,27.579999923706055,0.0
SMTC,2014-06-18,27.549999237060547,27.549999237060547,27.09000015258789,27.479999542236328,416100,27.479999542236328,0.0
SMTC,2014-06-19,27.520000457763672,27.700000762939453,26.3799991607666,26.950000762939453,705900,26.950000762939453,0.0
SMTC,2014-06-20,26.920000076293945,27.079999923706055,26.65999984741211,26.920000076293945,1014900,26.920000076293945,0.0
SMTC,2014-06-23,26.940000534057617,27.0,26.600000381469727,26.799999237060547,418400,26.799999237060547,0.0
SMTC,2014-06-24,26.75,26.989999771118164,26.200000762939453,26.260000228881836,432500,26.260000228881836,0.0
SMTC,2014-06-25,26.040000915527344,26.34000015258789,25.770000457763672,26.219999313354492,376100,26.219999313354492,0.0
SMTC,2014-06-26,26.25,26.25,25.600000381469727,25.829999923706055,298800,25.829999923706055,0.0
SMTC,2014-06-27,25.6299991607666,26.200000762939453,25.6299991607666,26.139999389648438,658400,26.139999389648438,0.0
SMTC,2014-06-30,25.989999771118164,26.25,25.93000030517578,26.149999618530273,410200,26.149999618530273,0.0
SMTC,2014-07-01,26.25,26.989999771118164,26.209999084472656,26.59000015258789,704500,26.59000015258789,0.0
SMTC,2014-07-02,26.520000457763672,26.780000686645508,26.350000381469727,26.43000030517578,226600,26.43000030517578,0.0
SMTC,2014-07-03,26.530000686645508,26.729999542236328,26.290000915527344,26.729999542236328,268000,26.729999542236328,0.0
SMTC,2014-07-07,26.6299991607666,26.6299991607666,25.899999618530273,26.049999237060547,424300,26.049999237060547,0.0
SMTC,2014-07-08,25.889999389648438,26.25,25.209999084472656,25.549999237060547,487300,25.549999237060547,0.0
SMTC,2014-07-09,25.56999969482422,25.639999389648438,25.290000915527344,25.56999969482422,313500,25.56999969482422,0.0
SMTC,2014-07-10,25.059999465942383,25.68000030517578,24.860000610351562,25.25,347800,25.25,0.0
SMTC,2014-07-11,25.200000762939453,25.540000915527344,25.139999389648438,25.229999542236328,288700,25.229999542236328,0.0
SMTC,2014-07-14,25.489999771118164,25.489999771118164,24.889999389648438,25.0,307900,25.0,0.0
SMTC,2014-07-15,25.049999237060547,25.280000686645508,24.559999465942383,24.84000015258789,382100,24.84000015258789,0.0
SMTC,2014-07-16,24.979999542236328,25.010000228881836,24.469999313354492,24.809999465942383,500100,24.809999465942383,0.0
SMTC,2014-07-17,24.600000381469727,24.690000534057617,24.1200008392334,24.190000534057617,318800,24.190000534057617,0.0
SMTC,2014-07-18,24.1200008392334,25.139999389648438,23.899999618530273,24.84000015258789,610400,24.84000015258789,0.0
SMTC,2014-07-21,24.700000762939453,25.06999969482422,24.700000762939453,24.81999969482422,339700,24.81999969482422,0.0
SMTC,2014-07-22,24.889999389648438,24.90999984741211,24.1200008392334,24.1299991607666,865400,24.1299991607666,0.0
SMTC,2014-07-23,24.209999084472656,24.229999542236328,22.719999313354492,22.790000915527344,1010700,22.790000915527344,0.0
SMTC,2014-07-24,22.950000762939453,23.190000534057617,22.639999389648438,22.770000457763672,378100,22.770000457763672,0.0
SMTC,2014-07-25,22.559999465942383,22.559999465942383,21.690000534057617,21.799999237060547,667300,21.799999237060547,0.0
SMTC,2014-07-28,22.65999984741211,23.110000610351562,21.940000534057617,22.950000762939453,1075100,22.950000762939453,0.0
SMTC,2014-07-29,22.979999542236328,23.260000228881836,22.649999618530273,22.670000076293945,612700,22.670000076293945,0.0
SMTC,2014-07-30,22.8799991607666,23.209999084472656,22.719999313354492,23.079999923706055,544800,23.079999923706055,0.0
SMTC,2014-07-31,22.75,22.850000381469727,22.299999237060547,22.329999923706055,725100,22.329999923706055,0.0
SMTC,2014-08-01,22.329999923706055,22.709999084472656,22.110000610351562,22.40999984741211,611300,22.40999984741211,0.0
SMTC,2014-08-04,22.530000686645508,22.709999084472656,21.84000015258789,22.31999969482422,501700,22.31999969482422,0.0
SMTC,2014-08-05,22.170000076293945,22.600000381469727,21.969999313354492,22.43000030517578,354000,22.43000030517578,0.0
SMTC,2014-08-06,22.290000915527344,22.75,22.1200008392334,22.549999237060547,215100,22.549999237060547,0.0
SMTC,2014-08-07,22.670000076293945,22.709999084472656,22.270000457763672,22.34000015258789,378000,22.34000015258789,0.0
SMTC,2014-08-08,22.40999984741211,22.649999618530273,22.190000534057617,22.530000686645508,261900,22.530000686645508,0.0
SMTC,2014-08-11,22.639999389648438,23.170000076293945,22.350000381469727,23.09000015258789,457400,23.09000015258789,0.0
SMTC,2014-08-12,22.989999771118164,23.299999237060547,22.739999771118164,22.989999771118164,340400,22.989999771118164,0.0
SMTC,2014-08-13,23.110000610351562,23.610000610351562,23.110000610351562,23.559999465942383,517200,23.559999465942383,0.0
SMTC,2014-08-14,23.59000015258789,23.780000686645508,23.290000915527344,23.389999389648438,492200,23.389999389648438,0.0
SMTC,2014-08-15,23.600000381469727,23.829999923706055,23.1299991607666,23.469999313354492,324400,23.469999313354492,0.0
SMTC,2014-08-18,23.709999084472656,23.790000915527344,23.360000610351562,23.700000762939453,256400,23.700000762939453,0.0
SMTC,2014-08-19,23.670000076293945,23.670000076293945,23.149999618530273,23.360000610351562,637800,23.360000610351562,0.0
SMTC,2014-08-20,24.200000762939453,25.809999465942383,23.299999237060547,24.0,2510700,24.0,0.0
SMTC,2014-08-21,25.030000686645508,25.549999237060547,24.459999084472656,25.149999618530273,1739200,25.149999618530273,0.0
SMTC,2014-08-22,25.030000686645508,25.43000030517578,24.780000686645508,24.889999389648438,715600,24.889999389648438,0.0
SMTC,2014-08-25,24.989999771118164,24.989999771118164,24.639999389648438,24.719999313354492,519200,24.719999313354492,0.0
SMTC,2014-08-26,24.709999084472656,25.0,24.709999084472656,24.959999084472656,454500,24.959999084472656,0.0
SMTC,2014-08-27,24.969999313354492,25.010000228881836,24.75,24.899999618530273,401900,24.899999618530273,0.0
SMTC,2014-08-28,24.899999618530273,25.739999771118164,24.899999618530273,25.65999984741211,604500,25.65999984741211,0.0
SMTC,2014-08-29,25.780000686645508,26.100000381469727,25.59000015258789,26.059999465942383,538900,26.059999465942383,0.0
SMTC,2014-09-02,26.059999465942383,26.479999542236328,25.950000762939453,26.450000762939453,993700,26.450000762939453,0.0
SMTC,2014-09-03,26.549999237060547,26.780000686645508,26.350000381469727,26.6200008392334,855300,26.6200008392334,0.0
SMTC,2014-09-04,26.68000030517578,27.059999465942383,26.3799991607666,26.860000610351562,686700,26.860000610351562,0.0
SMTC,2014-09-05,26.84000015258789,27.239999771118164,26.760000228881836,26.989999771118164,872300,26.989999771118164,0.0
SMTC,2014-09-08,27.040000915527344,27.280000686645508,26.670000076293945,27.010000228881836,486500,27.010000228881836,0.0
SMTC,2014-09-09,26.93000030517578,27.15999984741211,26.3799991607666,27.149999618530273,600500,27.149999618530273,0.0
SMTC,2014-09-10,27.110000610351562,27.309999465942383,26.940000534057617,27.270000457763672,361500,27.270000457763672,0.0
SMTC,2014-09-11,27.1299991607666,27.440000534057617,27.0,27.3700008392334,370400,27.3700008392334,0.0
SMTC,2014-09-12,27.420000076293945,27.420000076293945,27.100000381469727,27.329999923706055,597900,27.329999923706055,0.0
SMTC,2014-09-15,27.3700008392334,27.559999465942383,27.020000457763672,27.399999618530273,713100,27.399999618530273,0.0
SMTC,2014-09-16,27.299999237060547,27.670000076293945,25.40999984741211,27.540000915527344,504000,27.540000915527344,0.0
SMTC,2014-09-17,27.559999465942383,27.950000762939453,27.299999237060547,27.75,392500,27.75,0.0
SMTC,2014-09-18,27.899999618530273,28.15999984741211,27.700000762939453,28.06999969482422,392500,28.06999969482422,0.0
SMTC,2014-09-19,28.1299991607666,28.25,27.399999618530273,27.59000015258789,739000,27.59000015258789,0.0
SMTC,2014-09-22,27.40999984741211,27.469999313354492,27.079999923706055,27.25,394000,27.25,0.0
SMTC,2014-09-23,27.200000762939453,27.790000915527344,27.200000762939453,27.389999389648438,599500,27.389999389648438,0.0
SMTC,2014-09-24,27.3799991607666,27.739999771118164,27.329999923706055,27.530000686645508,363500,27.530000686645508,0.0
SMTC,2014-09-25,27.43000030517578,27.530000686645508,27.06999969482422,27.5,1097600,27.5,0.0
SMTC,2014-09-26,27.6299991607666,27.6299991607666,27.3799991607666,27.510000228881836,515000,27.510000228881836,0.0
SMTC,2014-09-29,27.190000534057617,27.709999084472656,27.15999984741211,27.540000915527344,627600,27.540000915527344,0.0
SMTC,2014-09-30,27.530000686645508,27.530000686645508,27.139999389648438,27.149999618530273,622800,27.149999618530273,0.0
SMTC,2014-10-01,27.149999618530273,27.530000686645508,26.889999389648438,27.25,993200,27.25,0.0
SMTC,2014-10-02,27.25,27.65999984741211,27.040000915527344,27.549999237060547,799700,27.549999237060547,0.0
SMTC,2014-10-03,27.790000915527344,27.790000915527344,27.389999389648438,27.399999618530273,639200,27.399999618530273,0.0
SMTC,2014-10-06,27.489999771118164,27.700000762939453,26.6200008392334,26.68000030517578,628700,26.68000030517578,0.0
SMTC,2014-10-07,26.440000534057617,26.520000457763672,25.190000534057617,25.270000457763672,1047000,25.270000457763672,0.0
SMTC,2014-10-08,25.219999313354492,25.59000015258789,24.84000015258789,25.399999618530273,749500,25.399999618530273,0.0
SMTC,2014-10-09,25.31999969482422,25.549999237060547,24.520000457763672,24.540000915527344,567200,24.540000915527344,0.0
SMTC,2014-10-10,24.280000686645508,24.31999969482422,22.6299991607666,22.639999389648438,1281300,22.639999389648438,0.0
SMTC,2014-10-13,22.56999969482422,23.18000030517578,22.209999084472656,22.56999969482422,748200,22.56999969482422,0.0
SMTC,2014-10-14,22.790000915527344,23.010000228881836,22.399999618530273,22.520000457763672,655500,22.520000457763672,0.0
SMTC,2014-10-15,22.1200008392334,22.940000534057617,22.010000228881836,22.81999969482422,786800,22.81999969482422,0.0
SMTC,2014-10-16,22.3700008392334,23.420000076293945,22.270000457763672,22.899999618530273,873500,22.899999618530273,0.0
SMTC,2014-10-17,23.219999313354492,23.389999389648438,22.809999465942383,22.84000015258789,590100,22.84000015258789,0.0
SMTC,2014-10-20,22.75,23.299999237060547,22.56999969482422,23.260000228881836,429400,23.260000228881836,0.0
SMTC,2014-10-21,23.549999237060547,23.84000015258789,23.440000534057617,23.700000762939453,485200,23.700000762939453,0.0
SMTC,2014-10-22,23.770000457763672,24.040000915527344,23.200000762939453,23.219999313354492,358900,23.219999313354492,0.0
SMTC,2014-10-23,23.540000915527344,24.06999969482422,23.450000762939453,23.809999465942383,340100,23.809999465942383,0.0
SMTC,2014-10-24,23.84000015258789,24.06999969482422,23.739999771118164,23.889999389648438,238300,23.889999389648438,0.0
SMTC,2014-10-27,23.739999771118164,24.200000762939453,23.459999084472656,24.139999389648438,280900,24.139999389648438,0.0
SMTC,2014-10-28,24.360000610351562,24.850000381469727,24.18000030517578,24.81999969482422,360500,24.81999969482422,0.0
SMTC,2014-10-29,24.790000915527344,25.030000686645508,24.479999542236328,24.850000381469727,274200,24.850000381469727,0.0
SMTC,2014-10-30,24.790000915527344,24.889999389648438,23.81999969482422,24.600000381469727,457000,24.600000381469727,0.0
SMTC,2014-10-31,25.200000762939453,25.799999237060547,25.049999237060547,25.3799991607666,511900,25.3799991607666,0.0
SMTC,2014-11-03,24.989999771118164,25.81999969482422,24.989999771118164,25.3799991607666,432500,25.3799991607666,0.0
SMTC,2014-11-04,25.360000610351562,25.760000228881836,25.049999237060547,25.299999237060547,379200,25.299999237060547,0.0
SMTC,2014-11-05,25.510000228881836,26.09000015258789,24.940000534057617,25.8799991607666,428300,25.8799991607666,0.0
SMTC,2014-11-06,25.860000610351562,26.149999618530273,25.610000610351562,25.829999923706055,373100,25.829999923706055,0.0
SMTC,2014-11-07,25.770000457763672,26.079999923706055,25.049999237060547,25.260000228881836,465600,25.260000228881836,0.0
SMTC,2014-11-10,25.200000762939453,25.709999084472656,24.940000534057617,25.350000381469727,330100,25.350000381469727,0.0
SMTC,2014-11-11,25.389999389648438,25.90999984741211,25.010000228881836,25.829999923706055,328400,25.829999923706055,0.0
SMTC,2014-11-12,25.760000228881836,25.860000610351562,25.520000457763672,25.770000457763672,256300,25.770000457763672,0.0
SMTC,2014-11-13,25.799999237060547,25.979999542236328,25.0,25.010000228881836,430500,25.010000228881836,0.0
SMTC,2014-11-14,24.93000030517578,25.280000686645508,24.6299991607666,24.989999771118164,273000,24.989999771118164,0.0
SMTC,2014-11-17,24.950000762939453,25.059999465942383,24.350000381469727,24.399999618530273,325500,24.399999618530273,0.0
SMTC,2014-11-18,24.489999771118164,24.979999542236328,24.440000534057617,24.84000015258789,462400,24.84000015258789,0.0
SMTC,2014-11-19,24.790000915527344,24.809999465942383,23.8799991607666,24.280000686645508,604900,24.280000686645508,0.0
SMTC,2014-11-20,23.200000762939453,24.770000457763672,22.84000015258789,24.450000762939453,753200,24.450000762939453,0.0
SMTC,2014-11-21,24.860000610351562,24.989999771118164,24.3700008392334,24.860000610351562,1123400,24.860000610351562,0.0
SMTC,2014-11-24,25.0,25.1200008392334,24.93000030517578,25.079999923706055,332000,25.079999923706055,0.0
SMTC,2014-11-25,25.110000610351562,25.329999923706055,24.979999542236328,25.030000686645508,264300,25.030000686645508,0.0
SMTC,2014-11-26,25.1200008392334,25.899999618530273,25.1200008392334,25.780000686645508,261500,25.780000686645508,0.0
SMTC,2014-11-28,25.81999969482422,25.84000015258789,25.3700008392334,25.459999084472656,134300,25.459999084472656,0.0
SMTC,2014-12-01,25.450000762939453,25.719999313354492,24.899999618530273,24.969999313354492,394400,24.969999313354492,0.0
SMTC,2014-12-02,25.079999923706055,25.420000076293945,24.979999542236328,25.40999984741211,228200,25.40999984741211,0.0
SMTC,2014-12-03,25.489999771118164,26.200000762939453,25.450000762939453,26.040000915527344,256500,26.040000915527344,0.0
SMTC,2014-12-04,25.989999771118164,26.579999923706055,25.920000076293945,26.469999313354492,618400,26.469999313354492,0.0
SMTC,2014-12-05,26.489999771118164,27.049999237060547,26.459999084472656,27.020000457763672,305200,27.020000457763672,0.0
SMTC,2014-12-08,26.979999542236328,27.329999923706055,26.850000381469727,27.030000686645508,718900,27.030000686645508,0.0
SMTC,2014-12-09,26.6200008392334,27.559999465942383,26.6200008392334,27.3700008392334,455800,27.3700008392334,0.0
SMTC,2014-12-10,27.25,27.450000762939453,26.6200008392334,26.700000762939453,449300,26.700000762939453,0.0
SMTC,2014-12-11,26.860000610351562,27.440000534057617,26.610000610351562,27.030000686645508,292100,27.030000686645508,0.0
SMTC,2014-12-12,26.65999984741211,27.329999923706055,26.520000457763672,27.149999618530273,490100,27.149999618530273,0.0
SMTC,2014-12-15,27.260000228881836,27.649999618530273,26.639999389648438,26.649999618530273,577500,26.649999618530273,0.0
SMTC,2014-12-16,26.479999542236328,26.989999771118164,26.190000534057617,26.260000228881836,433900,26.260000228881836,0.0
SMTC,2014-12-17,26.260000228881836,26.790000915527344,25.65999984741211,26.790000915527344,466800,26.790000915527344,0.0
SMTC,2014-12-18,27.079999923706055,27.3700008392334,26.799999237060547,27.309999465942383,355000,27.309999465942383,0.0
SMTC,2014-12-19,27.309999465942383,27.34000015258789,26.770000457763672,27.290000915527344,730900,27.290000915527344,0.0
SMTC,2014-12-22,27.25,28.09000015258789,27.25,27.84000015258789,315100,27.84000015258789,0.0
SMTC,2014-12-23,27.989999771118164,28.260000228881836,27.559999465942383,27.6299991607666,204500,27.6299991607666,0.0
SMTC,2014-12-24,27.729999542236328,28.079999923706055,27.600000381469727,28.0,85300,28.0,0.0
SMTC,2014-12-26,28.079999923706055,28.25,27.729999542236328,27.8799991607666,161700,27.8799991607666,0.0
SMTC,2014-12-29,27.899999618530273,28.059999465942383,27.65999984741211,27.899999618530273,236400,27.899999618530273,0.0
SMTC,2014-12-30,27.84000015258789,27.989999771118164,27.549999237060547,27.780000686645508,234300,27.780000686645508,0.0
SMTC,2014-12-31,27.850000381469727,28.139999389648438,27.549999237060547,27.56999969482422,254900,27.56999969482422,0.0
SMTC,2015-01-02,27.780000686645508,28.489999771118164,27.5,28.059999465942383,463700,28.059999465942383,0.0
SMTC,2015-01-05,28.040000915527344,28.200000762939453,26.989999771118164,27.030000686645508,384000,27.030000686645508,0.0
SMTC,2015-01-06,26.989999771118164,27.079999923706055,25.93000030517578,26.149999618530273,326600,26.149999618530273,0.0
SMTC,2015-01-07,26.309999465942383,26.469999313354492,25.899999618530273,26.31999969482422,294800,26.31999969482422,0.0
SMTC,2015-01-08,26.6200008392334,27.350000381469727,26.389999389648438,27.270000457763672,375900,27.270000457763672,0.0
SMTC,2015-01-09,27.25,27.450000762939453,26.790000915527344,27.18000030517578,217100,27.18000030517578,0.0
SMTC,2015-01-12,27.079999923706055,27.239999771118164,26.59000015258789,27.040000915527344,266800,27.040000915527344,0.0
SMTC,2015-01-13,27.31999969482422,27.809999465942383,26.459999084472656,26.729999542236328,256700,26.729999542236328,0.0
SMTC,2015-01-14,26.530000686645508,27.149999618530273,26.280000686645508,26.530000686645508,197400,26.530000686645508,0.0
SMTC,2015-01-15,26.649999618530273,26.8799991607666,25.760000228881836,25.780000686645508,331900,25.780000686645508,0.0
SMTC,2015-01-16,25.690000534057617,26.31999969482422,25.6299991607666,26.260000228881836,335800,26.260000228881836,0.0
SMTC,2015-01-20,26.350000381469727,26.719999313354492,25.90999984741211,26.399999618530273,224900,26.399999618530273,0.0
SMTC,2015-01-21,26.360000610351562,26.989999771118164,26.280000686645508,26.770000457763672,218600,26.770000457763672,0.0
SMTC,2015-01-22,26.850000381469727,27.290000915527344,25.989999771118164,27.290000915527344,252300,27.290000915527344,0.0
SMTC,2015-01-23,27.31999969482422,27.639999389648438,26.950000762939453,27.06999969482422,276500,27.06999969482422,0.0
SMTC,2015-01-26,27.049999237060547,27.479999542236328,26.709999084472656,27.3799991607666,251300,27.3799991607666,0.0
SMTC,2015-01-27,26.969999313354492,27.149999618530273,26.59000015258789,26.739999771118164,235700,26.739999771118164,0.0
SMTC,2015-01-28,26.979999542236328,27.1200008392334,26.020000457763672,26.06999969482422,354800,26.06999969482422,0.0
SMTC,2015-01-29,26.079999923706055,26.450000762939453,25.68000030517578,26.34000015258789,783400,26.34000015258789,0.0
SMTC,2015-01-30,26.100000381469727,26.3700008392334,25.440000534057617,25.459999084472656,426100,25.459999084472656,0.0
SMTC,2015-02-02,25.5,25.850000381469727,24.84000015258789,25.75,440800,25.75,0.0
SMTC,2015-02-03,25.90999984741211,26.649999618530273,25.90999984741211,26.5,412500,26.5,0.0
SMTC,2015-02-04,26.280000686645508,26.860000610351562,26.219999313354492,26.510000228881836,254700,26.510000228881836,0.0
SMTC,2015-02-05,26.59000015258789,26.760000228881836,26.420000076293945,26.670000076293945,166700,26.670000076293945,0.0
SMTC,2015-02-06,26.729999542236328,27.440000534057617,26.729999542236328,26.889999389648438,227500,26.889999389648438,0.0
SMTC,2015-02-09,26.709999084472656,26.93000030517578,26.399999618530273,26.709999084472656,178300,26.709999084472656,0.0
SMTC,2015-02-10,27.030000686645508,27.170000076293945,26.600000381469727,26.959999084472656,211800,26.959999084472656,0.0
SMTC,2015-02-11,26.8799991607666,27.15999984741211,26.68000030517578,27.0,336300,27.0,0.0
SMTC,2015-02-12,27.15999984741211,27.43000030517578,27.100000381469727,27.149999618530273,216300,27.149999618530273,0.0
SMTC,2015-02-13,27.110000610351562,27.6200008392334,26.860000610351562,27.1200008392334,264500,27.1200008392334,0.0
SMTC,2015-02-17,27.049999237060547,27.360000610351562,26.90999984741211,27.1200008392334,191200,27.1200008392334,0.0
SMTC,2015-02-18,27.06999969482422,27.549999237060547,27.0,27.1299991607666,302700,27.1299991607666,0.0
SMTC,2015-02-19,27.020000457763672,27.479999542236328,26.829999923706055,27.469999313354492,568600,27.469999313354492,0.0
SMTC,2015-02-20,27.360000610351562,27.770000457763672,27.020000457763672,27.579999923706055,307600,27.579999923706055,0.0
SMTC,2015-02-23,27.559999465942383,27.809999465942383,27.049999237060547,27.770000457763672,373300,27.770000457763672,0.0
SMTC,2015-02-24,27.799999237060547,28.6200008392334,27.719999313354492,28.600000381469727,343300,28.600000381469727,0.0
SMTC,2015-02-25,28.510000228881836,28.770000457763672,28.079999923706055,28.270000457763672,203900,28.270000457763672,0.0
SMTC,2015-02-26,28.280000686645508,28.6299991607666,28.0,28.600000381469727,329600,28.600000381469727,0.0
SMTC,2015-02-27,28.520000457763672,29.18000030517578,28.469999313354492,28.93000030517578,393400,28.93000030517578,0.0
SMTC,2015-03-02,28.989999771118164,29.899999618530273,28.780000686645508,29.84000015258789,564600,29.84000015258789,0.0
SMTC,2015-03-03,29.649999618530273,29.989999771118164,29.34000015258789,29.899999618530273,513800,29.899999618530273,0.0
SMTC,2015-03-04,29.829999923706055,30.010000228881836,29.18000030517578,29.290000915527344,731300,29.290000915527344,0.0
SMTC,2015-03-05,28.049999237060547,28.3700008392334,25.959999084472656,26.299999237060547,2510000,26.299999237060547,0.0
SMTC,2015-03-06,26.049999237060547,27.149999618530273,26.020000457763672,27.059999465942383,936700,27.059999465942383,0.0
SMTC,2015-03-09,27.25,27.450000762939453,26.770000457763672,27.260000228881836,655000,27.260000228881836,0.0
SMTC,2015-03-10,27.09000015258789,27.290000915527344,26.510000228881836,27.06999969482422,566100,27.06999969482422,0.0
SMTC,2015-03-11,27.170000076293945,27.68000030517578,26.979999542236328,27.600000381469727,611200,27.600000381469727,0.0
SMTC,2015-03-12,27.479999542236328,28.030000686645508,27.219999313354492,28.020000457763672,495700,28.020000457763672,0.0
SMTC,2015-03-13,28.030000686645508,28.049999237060547,27.459999084472656,27.829999923706055,396700,27.829999923706055,0.0
SMTC,2015-03-16,28.0,28.219999313354492,27.75,28.030000686645508,329300,28.030000686645508,0.0
SMTC,2015-03-17,27.889999389648438,28.0,27.40999984741211,27.719999313354492,365200,27.719999313354492,0.0
SMTC,2015-03-18,27.559999465942383,27.989999771118164,27.209999084472656,27.920000076293945,302400,27.920000076293945,0.0
SMTC,2015-03-19,27.920000076293945,28.3700008392334,27.850000381469727,28.229999542236328,243000,28.229999542236328,0.0
SMTC,2015-03-20,28.290000915527344,28.559999465942383,28.100000381469727,28.469999313354492,1028400,28.469999313354492,0.0
SMTC,2015-03-23,28.489999771118164,28.520000457763672,28.040000915527344,28.09000015258789,228300,28.09000015258789,0.0
SMTC,2015-03-24,28.010000228881836,28.270000457763672,27.729999542236328,27.809999465942383,295500,27.809999465942383,0.0
SMTC,2015-03-25,27.799999237060547,27.81999969482422,26.940000534057617,27.010000228881836,466100,27.010000228881836,0.0
SMTC,2015-03-26,26.760000228881836,27.229999542236328,26.700000762939453,27.010000228881836,531400,27.010000228881836,0.0
SMTC,2015-03-27,26.469999313354492,26.799999237060547,25.5,26.639999389648438,1206800,26.639999389648438,0.0
SMTC,2015-03-30,26.760000228881836,27.079999923706055,26.43000030517578,27.030000686645508,579000,27.030000686645508,0.0
SMTC,2015-03-31,26.889999389648438,27.010000228881836,26.450000762939453,26.649999618530273,396000,26.649999618530273,0.0
SMTC,2015-04-01,26.520000457763672,26.690000534057617,26.110000610351562,26.40999984741211,405600,26.40999984741211,0.0
SMTC,2015-04-02,26.40999984741211,26.950000762939453,26.309999465942383,26.440000534057617,418800,26.440000534057617,0.0
SMTC,2015-04-06,26.18000030517578,26.729999542236328,25.90999984741211,26.559999465942383,425300,26.559999465942383,0.0
SMTC,2015-04-07,26.43000030517578,26.559999465942383,26.139999389648438,26.170000076293945,335700,26.170000076293945,0.0
SMTC,2015-04-08,26.260000228881836,26.489999771118164,26.139999389648438,26.399999618530273,206000,26.399999618530273,0.0
SMTC,2015-04-09,26.290000915527344,26.739999771118164,26.25,26.639999389648438,262200,26.639999389648438,0.0
SMTC,2015-04-10,26.719999313354492,26.799999237060547,26.350000381469727,26.459999084472656,353500,26.459999084472656,0.0
SMTC,2015-04-13,26.450000762939453,26.729999542236328,26.219999313354492,26.280000686645508,251800,26.280000686645508,0.0
SMTC,2015-04-14,26.34000015258789,26.34000015258789,25.549999237060547,25.760000228881836,501500,25.760000228881836,0.0
SMTC,2015-04-15,25.969999313354492,26.190000534057617,25.850000381469727,25.93000030517578,602100,25.93000030517578,0.0
SMTC,2015-04-16,25.75,26.260000228881836,25.520000457763672,26.0,328000,26.0,0.0
SMTC,2015-04-17,25.780000686645508,25.899999618530273,25.200000762939453,25.40999984741211,391600,25.40999984741211,0.0
SMTC,2015-04-20,25.639999389648438,25.920000076293945,25.469999313354492,25.700000762939453,258700,25.700000762939453,0.0
SMTC,2015-04-21,25.959999084472656,26.25,25.649999618530273,25.719999313354492,253600,25.719999313354492,0.0
SMTC,2015-04-22,25.829999923706055,25.889999389648438,25.40999984741211,25.780000686645508,393700,25.780000686645508,0.0
SMTC,2015-04-23,25.469999313354492,26.0,25.31999969482422,25.5,482800,25.5,0.0
SMTC,2015-04-24,25.450000762939453,25.760000228881836,23.43000030517578,23.600000381469727,1015400,23.600000381469727,0.0
SMTC,2015-04-27,23.540000915527344,24.65999984741211,23.15999984741211,23.440000534057617,737900,23.440000534057617,0.0
SMTC,2015-04-28,23.3700008392334,23.760000228881836,22.760000228881836,23.510000228881836,340000,23.510000228881836,0.0
SMTC,2015-04-29,23.399999618530273,23.719999313354492,23.219999313354492,23.450000762939453,289300,23.450000762939453,0.0
SMTC,2015-04-30,23.329999923706055,23.6299991607666,23.0,23.290000915527344,533600,23.290000915527344,0.0
SMTC,2015-05-01,23.450000762939453,23.829999923706055,23.440000534057617,23.649999618530273,398800,23.649999618530273,0.0
SMTC,2015-05-04,23.75,23.8799991607666,23.5,23.56999969482422,362500,23.56999969482422,0.0
SMTC,2015-05-05,23.43000030517578,23.719999313354492,22.850000381469727,22.920000076293945,334100,22.920000076293945,0.0
SMTC,2015-05-06,23.040000915527344,23.260000228881836,22.770000457763672,23.020000457763672,366400,23.020000457763672,0.0
SMTC,2015-05-07,23.020000457763672,23.459999084472656,23.020000457763672,23.200000762939453,244100,23.200000762939453,0.0
SMTC,2015-05-08,23.520000457763672,23.719999313354492,22.950000762939453,23.25,251700,23.25,0.0
SMTC,2015-05-11,23.260000228881836,23.68000030517578,23.260000228881836,23.299999237060547,259600,23.299999237060547,0.0
SMTC,2015-05-12,23.270000457763672,23.389999389648438,22.8799991607666,23.209999084472656,225500,23.209999084472656,0.0
SMTC,2015-05-13,23.25,23.6299991607666,23.139999389648438,23.280000686645508,213300,23.280000686645508,0.0
SMTC,2015-05-14,23.510000228881836,23.6299991607666,23.280000686645508,23.6200008392334,322100,23.6200008392334,0.0
SMTC,2015-05-15,23.670000076293945,23.760000228881836,23.450000762939453,23.549999237060547,287900,23.549999237060547,0.0
SMTC,2015-05-18,23.540000915527344,23.889999389648438,23.18000030517578,23.829999923706055,508100,23.829999923706055,0.0
SMTC,2015-05-19,23.829999923706055,24.059999465942383,23.790000915527344,23.899999618530273,213800,23.899999618530273,0.0
SMTC,2015-05-20,24.09000015258789,24.34000015258789,23.639999389648438,23.799999237060547,250100,23.799999237060547,0.0
SMTC,2015-05-21,23.780000686645508,23.799999237060547,23.489999771118164,23.510000228881836,358800,23.510000228881836,0.0
SMTC,2015-05-22,23.5,23.809999465942383,23.5,23.6299991607666,284900,23.6299991607666,0.0
SMTC,2015-05-26,23.489999771118164,23.530000686645508,23.010000228881836,23.350000381469727,444000,23.350000381469727,0.0
SMTC,2015-05-27,23.389999389648438,24.68000030517578,23.25,24.6200008392334,827100,24.6200008392334,0.0
SMTC,2015-05-28,22.200000762939453,22.799999237060547,21.020000457763672,21.469999313354492,4580500,21.469999313354492,0.0
SMTC,2015-05-29,21.440000534057617,22.0,21.079999923706055,21.360000610351562,1231500,21.360000610351562,0.0
SMTC,2015-06-01,21.350000381469727,21.889999389648438,21.139999389648438,21.6200008392334,916100,21.6200008392334,0.0
SMTC,2015-06-02,21.489999771118164,21.59000015258789,21.270000457763672,21.3799991607666,743000,21.3799991607666,0.0
SMTC,2015-06-03,21.43000030517578,21.729999542236328,21.350000381469727,21.600000381469727,624700,21.600000381469727,0.0
SMTC,2015-06-04,21.469999313354492,21.809999465942383,21.40999984741211,21.799999237060547,890700,21.799999237060547,0.0
SMTC,2015-06-05,21.809999465942383,21.8700008392334,21.469999313354492,21.6200008392334,649000,21.6200008392334,0.0
SMTC,2015-06-08,21.559999465942383,21.65999984741211,21.200000762939453,21.459999084472656,805400,21.459999084472656,0.0
SMTC,2015-06-09,21.389999389648438,21.450000762939453,20.90999984741211,21.079999923706055,998300,21.079999923706055,0.0
SMTC,2015-06-10,21.149999618530273,21.329999923706055,21.049999237060547,21.170000076293945,606300,21.170000076293945,0.0
SMTC,2015-06-11,21.239999771118164,21.239999771118164,20.90999984741211,21.100000381469727,815000,21.100000381469727,0.0
SMTC,2015-06-12,21.040000915527344,21.100000381469727,20.81999969482422,20.989999771118164,498700,20.989999771118164,0.0
SMTC,2015-06-15,20.84000015258789,21.540000915527344,20.549999237060547,21.360000610351562,799600,21.360000610351562,0.0
SMTC,2015-06-16,21.280000686645508,21.479999542236328,21.040000915527344,21.09000015258789,664500,21.09000015258789,0.0
SMTC,2015-06-17,21.079999923706055,21.299999237060547,21.020000457763672,21.09000015258789,725400,21.09000015258789,0.0
SMTC,2015-06-18,21.1299991607666,21.489999771118164,21.020000457763672,21.3799991607666,405100,21.3799991607666,0.0
SMTC,2015-06-19,21.399999618530273,21.540000915527344,20.950000762939453,21.469999313354492,1125700,21.469999313354492,0.0
SMTC,2015-06-22,21.56999969482422,21.6200008392334,21.239999771118164,21.520000457763672,481400,21.520000457763672,0.0
SMTC,2015-06-23,21.489999771118164,21.739999771118164,21.31999969482422,21.600000381469727,581200,21.600000381469727,0.0
SMTC,2015-06-24,21.510000228881836,21.739999771118164,21.110000610351562,21.219999313354492,720300,21.219999313354492,0.0
SMTC,2015-06-25,21.309999465942383,21.3700008392334,21.010000228881836,21.15999984741211,740500,21.15999984741211,0.0
SMTC,2015-06-26,21.149999618530273,21.270000457763672,21.030000686645508,21.100000381469727,2802600,21.100000381469727,0.0
SMTC,2015-06-29,20.93000030517578,21.1200008392334,20.280000686645508,20.299999237060547,1070500,20.299999237060547,0.0
SMTC,2015-06-30,20.440000534057617,20.440000534057617,19.700000762939453,19.850000381469727,8636900,19.850000381469727,0.0
SMTC,2015-07-01,20.0,20.25,19.6299991607666,19.700000762939453,769000,19.700000762939453,0.0
SMTC,2015-07-02,19.65999984741211,20.010000228881836,19.540000915527344,19.950000762939453,556300,19.950000762939453,0.0
SMTC,2015-07-06,19.75,19.979999542236328,19.329999923706055,19.600000381469727,733700,19.600000381469727,0.0
SMTC,2015-07-07,19.540000915527344,19.540000915527344,18.979999542236328,19.3700008392334,950400,19.3700008392334,0.0
SMTC,2015-07-08,19.25,19.34000015258789,18.59000015258789,19.0,854100,19.0,0.0
SMTC,2015-07-09,19.280000686645508,19.459999084472656,18.68000030517578,18.700000762939453,884100,18.700000762939453,0.0
SMTC,2015-07-10,18.889999389648438,19.0,18.670000076293945,18.719999313354492,689400,18.719999313354492,0.0
SMTC,2015-07-13,18.829999923706055,18.829999923706055,18.530000686645508,18.75,527100,18.75,0.0
SMTC,2015-07-14,18.809999465942383,18.889999389648438,18.610000610351562,18.860000610351562,451400,18.860000610351562,0.0
SMTC,2015-07-15,18.90999984741211,19.040000915527344,18.329999923706055,18.40999984741211,470200,18.40999984741211,0.0
SMTC,2015-07-16,18.420000076293945,18.530000686645508,18.18000030517578,18.399999618530273,806000,18.399999618530273,0.0
SMTC,2015-07-17,18.420000076293945,18.510000228881836,18.219999313354492,18.40999984741211,694700,18.40999984741211,0.0
SMTC,2015-07-20,18.479999542236328,18.479999542236328,18.1200008392334,18.18000030517578,664300,18.18000030517578,0.0
SMTC,2015-07-21,18.209999084472656,18.420000076293945,18.1299991607666,18.15999984741211,570700,18.15999984741211,0.0
SMTC,2015-07-22,17.93000030517578,17.93000030517578,17.479999542236328,17.799999237060547,526400,17.799999237060547,0.0
SMTC,2015-07-23,17.899999618530273,18.399999618530273,17.899999618530273,18.170000076293945,508600,18.170000076293945,0.0
SMTC,2015-07-24,18.209999084472656,18.360000610351562,17.799999237060547,17.93000030517578,941700,17.93000030517578,0.0
SMTC,2015-07-27,17.780000686645508,18.079999923706055,17.649999618530273,17.81999969482422,600600,17.81999969482422,0.0
SMTC,2015-07-28,17.920000076293945,18.309999465942383,17.59000015258789,18.100000381469727,549100,18.100000381469727,0.0
SMTC,2015-07-29,18.1299991607666,18.280000686645508,17.950000762939453,17.959999084472656,573700,17.959999084472656,0.0
SMTC,2015-07-30,17.8799991607666,18.020000457763672,17.68000030517578,17.809999465942383,534400,17.809999465942383,0.0
SMTC,2015-07-31,17.809999465942383,17.8799991607666,17.399999618530273,17.59000015258789,738500,17.59000015258789,0.0
SMTC,2015-08-03,17.610000610351562,17.6299991607666,17.209999084472656,17.25,595200,17.25,0.0
SMTC,2015-08-04,17.200000762939453,17.329999923706055,16.81999969482422,17.020000457763672,378200,17.020000457763672,0.0
SMTC,2015-08-05,17.049999237060547,17.649999618530273,17.049999237060547,17.229999542236328,431100,17.229999542236328,0.0
SMTC,2015-08-06,17.239999771118164,17.280000686645508,16.860000610351562,17.020000457763672,400200,17.020000457763672,0.0
SMTC,2015-08-07,16.93000030517578,17.229999542236328,16.93000030517578,17.18000030517578,351300,17.18000030517578,0.0
SMTC,2015-08-10,17.25,17.889999389648438,17.200000762939453,17.600000381469727,561100,17.600000381469727,0.0
SMTC,2015-08-11,17.440000534057617,17.56999969482422,17.059999465942383,17.079999923706055,385300,17.079999923706055,0.0
SMTC,2015-08-12,16.799999237060547,17.290000915527344,16.600000381469727,17.139999389648438,506000,17.139999389648438,0.0
SMTC,2015-08-13,17.149999618530273,17.420000076293945,16.700000762939453,17.139999389648438,563300,17.139999389648438,0.0
SMTC,2015-08-14,17.479999542236328,17.479999542236328,16.690000534057617,17.1299991607666,480800,17.1299991607666,0.0
SMTC,2015-08-17,17.010000228881836,17.360000610351562,16.780000686645508,17.350000381469727,647800,17.350000381469727,0.0
SMTC,2015-08-18,17.190000534057617,17.329999923706055,16.100000381469727,16.510000228881836,514400,16.510000228881836,0.0
SMTC,2015-08-19,16.510000228881836,16.610000610351562,16.020000457763672,16.059999465942383,715000,16.059999465942383,0.0
SMTC,2015-08-20,15.5,17.25,15.5,16.139999389648438,1965700,16.139999389648438,0.0
SMTC,2015-08-21,15.760000228881836,16.520000457763672,15.529999732971191,16.200000762939453,627700,16.200000762939453,0.0
SMTC,2015-08-24,15.699999809265137,16.559999465942383,15.369999885559082,15.869999885559082,910100,15.869999885559082,0.0
SMTC,2015-08-25,16.31999969482422,16.31999969482422,15.579999923706055,15.6899995803833,684900,15.6899995803833,0.0
SMTC,2015-08-26,15.979999542236328,16.329999923706055,15.65999984741211,16.31999969482422,606300,16.31999969482422,0.0
SMTC,2015-08-27,16.450000762939453,17.049999237060547,16.420000076293945,16.950000762939453,521800,16.950000762939453,0.0
SMTC,2015-08-28,16.899999618530273,17.229999542236328,16.790000915527344,17.020000457763672,333600,17.020000457763672,0.0
SMTC,2015-08-31,16.90999984741211,17.200000762939453,16.84000015258789,16.950000762939453,347100,16.950000762939453,0.0
SMTC,2015-09-01,16.549999237060547,16.950000762939453,16.239999771118164,16.31999969482422,377000,16.31999969482422,0.0
SMTC,2015-09-02,16.56999969482422,16.56999969482422,16.219999313354492,16.540000915527344,379100,16.540000915527344,0.0
SMTC,2015-09-03,16.6299991607666,17.030000686645508,16.530000686645508,16.81999969482422,497100,16.81999969482422,0.0
SMTC,2015-09-04,16.56999969482422,16.760000228881836,16.479999542236328,16.510000228881836,316100,16.510000228881836,0.0
SMTC,2015-09-08,16.850000381469727,17.149999618530273,16.770000457763672,17.110000610351562,543400,17.110000610351562,0.0
SMTC,2015-09-09,17.219999313354492,17.469999313354492,16.8799991607666,17.1200008392334,452300,17.1200008392334,0.0
SMTC,2015-09-10,17.059999465942383,17.1299991607666,16.75,16.93000030517578,341800,16.93000030517578,0.0
SMTC,2015-09-11,16.75,17.059999465942383,16.59000015258789,16.950000762939453,254200,16.950000762939453,0.0
SMTC,2015-09-14,16.979999542236328,17.079999923706055,16.709999084472656,16.8700008392334,192600,16.8700008392334,0.0
SMTC,2015-09-15,16.940000534057617,17.3799991607666,16.940000534057617,17.170000076293945,467300,17.170000076293945,0.0
SMTC,2015-09-16,17.229999542236328,17.389999389648438,17.1200008392334,17.219999313354492,338300,17.219999313354492,0.0
SMTC,2015-09-17,17.15999984741211,17.18000030517578,16.719999313354492,16.790000915527344,481700,16.790000915527344,0.0
SMTC,2015-09-18,16.479999542236328,16.649999618530273,16.1200008392334,16.18000030517578,952400,16.18000030517578,0.0
SMTC,2015-09-21,16.360000610351562,16.6299991607666,16.110000610351562,16.190000534057617,550700,16.190000534057617,0.0
SMTC,2015-09-22,16.010000228881836,16.010000228881836,15.510000228881836,15.579999923706055,639000,15.579999923706055,0.0
SMTC,2015-09-23,15.640000343322754,15.84000015258789,15.420000076293945,15.449999809265137,377400,15.449999809265137,0.0
SMTC,2015-09-24,15.279999732971191,15.40999984741211,14.989999771118164,15.3100004196167,805200,15.3100004196167,0.0
SMTC,2015-09-25,15.130000114440918,15.130000114440918,14.619999885559082,15.069999694824219,1405800,15.069999694824219,0.0
SMTC,2015-09-28,14.949999809265137,15.050000190734863,14.479999542236328,14.520000457763672,731700,14.520000457763672,0.0
SMTC,2015-09-29,14.600000381469727,14.8100004196167,14.460000038146973,14.520000457763672,477100,14.520000457763672,0.0
SMTC,2015-09-30,14.630000114440918,15.34000015258789,14.630000114440918,15.100000381469727,1085200,15.100000381469727,0.0
SMTC,2015-10-01,15.069999694824219,15.100000381469727,14.039999961853027,14.390000343322754,1021900,14.390000343322754,0.0
SMTC,2015-10-02,14.270000457763672,14.880000114440918,14.140000343322754,14.869999885559082,500700,14.869999885559082,0.0
SMTC,2015-10-05,15.039999961853027,15.770000457763672,15.039999961853027,15.6899995803833,709300,15.6899995803833,0.0
SMTC,2015-10-06,15.729999542236328,16.030000686645508,15.479999542236328,15.720000267028809,546800,15.720000267028809,0.0
SMTC,2015-10-07,15.779999732971191,16.420000076293945,15.779999732971191,16.420000076293945,505100,16.420000076293945,0.0
SMTC,2015-10-08,16.350000381469727,16.790000915527344,16.219999313354492,16.780000686645508,360500,16.780000686645508,0.0
SMTC,2015-10-09,16.81999969482422,17.0,16.639999389648438,16.729999542236328,349800,16.729999542236328,0.0
SMTC,2015-10-12,16.75,16.790000915527344,16.530000686645508,16.690000534057617,246300,16.690000534057617,0.0
SMTC,2015-10-13,16.549999237060547,16.940000534057617,16.469999313354492,16.530000686645508,587500,16.530000686645508,0.0
SMTC,2015-10-14,16.670000076293945,17.700000762939453,16.290000915527344,17.43000030517578,1174000,17.43000030517578,0.0
SMTC,2015-10-15,17.709999084472656,17.760000228881836,17.200000762939453,17.469999313354492,525600,17.469999313354492,0.0
SMTC,2015-10-16,17.520000457763672,17.530000686645508,17.06999969482422,17.200000762939453,515000,17.200000762939453,0.0
SMTC,2015-10-19,17.170000076293945,17.360000610351562,17.030000686645508,17.31999969482422,346200,17.31999969482422,0.0
SMTC,2015-10-20,17.270000457763672,17.5,17.100000381469727,17.31999969482422,406300,17.31999969482422,0.0
SMTC,2015-10-21,17.450000762939453,17.479999542236328,16.940000534057617,16.969999313354492,386100,16.969999313354492,0.0
SMTC,2015-10-22,17.209999084472656,17.510000228881836,17.110000610351562,17.420000076293945,725100,17.420000076293945,0.0
SMTC,2015-10-23,17.420000076293945,17.780000686645508,17.229999542236328,17.739999771118164,509500,17.739999771118164,0.0
SMTC,2015-10-26,17.649999618530273,17.649999618530273,17.1299991607666,17.239999771118164,532800,17.239999771118164,0.0
SMTC,2015-10-27,17.270000457763672,17.34000015258789,16.989999771118164,17.100000381469727,374400,17.100000381469727,0.0
SMTC,2015-10-28,17.209999084472656,17.670000076293945,17.209999084472656,17.489999771118164,960200,17.489999771118164,0.0
SMTC,2015-10-29,17.280000686645508,17.520000457763672,17.229999542236328,17.360000610351562,520100,17.360000610351562,0.0
SMTC,2015-10-30,17.350000381469727,17.65999984741211,17.260000228881836,17.5,712300,17.5,0.0
SMTC,2015-11-02,17.520000457763672,17.969999313354492,17.350000381469727,17.920000076293945,599300,17.920000076293945,0.0
SMTC,2015-11-03,17.90999984741211,18.25,17.84000015258789,18.100000381469727,407500,18.100000381469727,0.0
SMTC,2015-11-04,18.1200008392334,18.190000534057617,17.950000762939453,18.15999984741211,313000,18.15999984741211,0.0
SMTC,2015-11-05,18.1299991607666,18.350000381469727,17.93000030517578,18.139999389648438,305100,18.139999389648438,0.0
SMTC,2015-11-06,18.110000610351562,19.219999313354492,18.110000610351562,19.1200008392334,651600,19.1200008392334,0.0
SMTC,2015-11-09,19.1200008392334,19.149999618530273,18.6299991607666,18.719999313354492,583400,18.719999313354492,0.0
SMTC,2015-11-10,18.479999542236328,18.65999984741211,18.18000030517578,18.209999084472656,462000,18.209999084472656,0.0
SMTC,2015-11-11,18.299999237060547,18.469999313354492,18.040000915527344,18.079999923706055,442300,18.079999923706055,0.0
SMTC,2015-11-12,17.950000762939453,18.09000015258789,17.81999969482422,18.040000915527344,431500,18.040000915527344,0.0
SMTC,2015-11-13,17.940000534057617,18.389999389648438,17.84000015258789,18.209999084472656,463600,18.209999084472656,0.0
SMTC,2015-11-16,18.709999084472656,19.139999389648438,18.600000381469727,18.93000030517578,1164400,18.93000030517578,0.0
SMTC,2015-11-17,19.040000915527344,19.06999969482422,18.719999313354492,18.959999084472656,595000,18.959999084472656,0.0
SMTC,2015-11-18,19.110000610351562,19.540000915527344,18.920000076293945,19.25,845300,19.25,0.0
SMTC,2015-11-19,18.049999237060547,19.530000686645508,18.049999237060547,19.040000915527344,1087500,19.040000915527344,0.0
SMTC,2015-11-20,19.1200008392334,19.450000762939453,18.899999618530273,19.290000915527344,428800,19.290000915527344,0.0
SMTC,2015-11-23,19.219999313354492,19.299999237060547,18.950000762939453,19.06999969482422,443200,19.06999969482422,0.0
SMTC,2015-11-24,19.020000457763672,19.389999389648438,18.940000534057617,19.190000534057617,512700,19.190000534057617,0.0
SMTC,2015-11-25,19.18000030517578,19.31999969482422,19.100000381469727,19.25,508400,19.25,0.0
SMTC,2015-11-27,19.200000762939453,19.31999969482422,19.06999969482422,19.25,242700,19.25,0.0
SMTC,2015-11-30,19.3799991607666,20.149999618530273,19.329999923706055,20.100000381469727,463500,20.100000381469727,0.0
SMTC,2015-12-01,20.139999389648438,20.31999969482422,19.959999084472656,20.139999389648438,401500,20.139999389648438,0.0
SMTC,2015-12-02,20.190000534057617,20.190000534057617,19.979999542236328,20.010000228881836,322600,20.010000228881836,0.0
SMTC,2015-12-03,20.18000030517578,20.3700008392334,19.770000457763672,19.860000610351562,307100,19.860000610351562,0.0
SMTC,2015-12-04,19.8700008392334,20.079999923706055,19.790000915527344,20.040000915527344,288700,20.040000915527344,0.0
SMTC,2015-12-07,20.010000228881836,20.010000228881836,19.459999084472656,19.540000915527344,330200,19.540000915527344,0.0
SMTC,2015-12-08,19.34000015258789,19.610000610351562,19.06999969482422,19.43000030517578,263300,19.43000030517578,0.0
SMTC,2015-12-09,19.420000076293945,19.780000686645508,19.059999465942383,19.149999618530273,276300,19.149999618530273,0.0
SMTC,2015-12-10,19.110000610351562,19.43000030517578,19.020000457763672,19.389999389648438,282700,19.389999389648438,0.0
SMTC,2015-12-11,19.059999465942383,19.280000686645508,18.950000762939453,19.010000228881836,262700,19.010000228881836,0.0
SMTC,2015-12-14,18.979999542236328,19.0,18.530000686645508,18.690000534057617,353000,18.690000534057617,0.0
SMTC,2015-12-15,18.829999923706055,19.1299991607666,18.6200008392334,18.850000381469727,313500,18.850000381469727,0.0
SMTC,2015-12-16,19.06999969482422,19.8799991607666,18.760000228881836,19.190000534057617,478400,19.190000534057617,0.0
SMTC,2015-12-17,19.31999969482422,19.829999923706055,19.31999969482422,19.479999542236328,577800,19.479999542236328,0.0
SMTC,2015-12-18,19.360000610351562,19.459999084472656,18.719999313354492,18.84000015258789,1522800,18.84000015258789,0.0
SMTC,2015-12-21,18.979999542236328,19.34000015258789,18.770000457763672,19.110000610351562,441300,19.110000610351562,0.0
SMTC,2015-12-22,19.170000076293945,19.56999969482422,18.809999465942383,19.440000534057617,580800,19.440000534057617,0.0
SMTC,2015-12-23,19.530000686645508,19.639999389648438,19.309999465942383,19.3700008392334,454500,19.3700008392334,0.0
SMTC,2015-12-24,19.309999465942383,19.6299991607666,19.229999542236328,19.329999923706055,161000,19.329999923706055,0.0
SMTC,2015-12-28,19.219999313354492,19.290000915527344,18.81999969482422,19.139999389648438,271300,19.139999389648438,0.0
SMTC,2015-12-29,19.229999542236328,19.3700008392334,19.110000610351562,19.299999237060547,229500,19.299999237060547,0.0
SMTC,2015-12-30,19.280000686645508,19.459999084472656,19.06999969482422,19.34000015258789,314900,19.34000015258789,0.0
SMTC,2015-12-31,19.260000228881836,19.290000915527344,18.920000076293945,18.920000076293945,411800,18.920000076293945,0.0
SMTC,2016-01-04,18.700000762939453,19.040000915527344,18.25,18.90999984741211,626700,18.90999984741211,0.0
SMTC,2016-01-05,18.959999084472656,19.139999389648438,18.700000762939453,19.100000381469727,431800,19.100000381469727,0.0
SMTC,2016-01-06,18.760000228881836,18.760000228881836,18.43000030517578,18.65999984741211,463100,18.65999984741211,0.0
SMTC,2016-01-07,18.290000915527344,18.639999389648438,18.06999969482422,18.420000076293945,493800,18.420000076293945,0.0
SMTC,2016-01-08,18.450000762939453,18.780000686645508,18.15999984741211,18.25,456600,18.25,0.0
SMTC,2016-01-11,18.40999984741211,18.770000457763672,18.139999389648438,18.68000030517578,456500,18.68000030517578,0.0
SMTC,2016-01-12,18.829999923706055,19.18000030517578,18.530000686645508,18.770000457763672,433800,18.770000457763672,0.0
SMTC,2016-01-13,18.790000915527344,19.1200008392334,18.56999969482422,18.65999984741211,448800,18.65999984741211,0.0
SMTC,2016-01-14,18.729999542236328,18.889999389648438,18.389999389648438,18.690000534057617,400100,18.690000534057617,0.0
SMTC,2016-01-15,18.110000610351562,18.649999618530273,17.809999465942383,18.6200008392334,935200,18.6200008392334,0.0
SMTC,2016-01-19,18.8799991607666,19.0,17.860000610351562,17.959999084472656,605900,17.959999084472656,0.0
SMTC,2016-01-20,17.75,18.040000915527344,16.81999969482422,17.780000686645508,1006900,17.780000686645508,0.0
SMTC,2016-01-21,18.020000457763672,18.190000534057617,17.649999618530273,18.020000457763672,906200,18.020000457763672,0.0
SMTC,2016-01-22,18.34000015258789,18.489999771118164,17.979999542236328,18.3799991607666,434700,18.3799991607666,0.0
SMTC,2016-01-25,18.299999237060547,18.8700008392334,18.200000762939453,18.81999969482422,608800,18.81999969482422,0.0
SMTC,2016-01-26,18.989999771118164,19.920000076293945,18.829999923706055,19.700000762939453,888200,19.700000762939453,0.0
SMTC,2016-01-27,19.559999465942383,19.84000015258789,18.700000762939453,18.760000228881836,847300,18.760000228881836,0.0
SMTC,2016-01-28,17.8799991607666,19.31999969482422,17.8799991607666,19.110000610351562,791100,19.110000610351562,0.0
SMTC,2016-01-29,19.239999771118164,20.139999389648438,19.239999771118164,20.100000381469727,1098000,20.100000381469727,0.0
SMTC,2016-02-01,19.950000762939453,20.950000762939453,19.760000228881836,20.639999389648438,962800,20.639999389648438,0.0
SMTC,2016-02-02,20.559999465942383,20.690000534057617,19.299999237060547,19.360000610351562,896700,19.360000610351562,0.0
SMTC,2016-02-03,19.610000610351562,19.920000076293945,18.1200008392334,18.479999542236328,756700,18.479999542236328,0.0
SMTC,2016-02-04,18.540000915527344,19.260000228881836,18.459999084472656,19.030000686645508,563900,19.030000686645508,0.0
SMTC,2016-02-05,18.8799991607666,19.030000686645508,17.309999465942383,17.309999465942383,881500,17.309999465942383,0.0
SMTC,2016-02-08,17.049999237060547,17.100000381469727,16.459999084472656,16.81999969482422,545800,16.81999969482422,0.0
SMTC,2016-02-09,16.59000015258789,16.899999618530273,16.149999618530273,16.219999313354492,604600,16.219999313354492,0.0
SMTC,2016-02-10,16.290000915527344,16.700000762939453,16.049999237060547,16.079999923706055,392400,16.079999923706055,0.0
SMTC,2016-02-11,15.800000190734863,16.56999969482422,15.75,15.949999809265137,310100,15.949999809265137,0.0
SMTC,2016-02-12,16.170000076293945,16.40999984741211,15.699999809265137,16.25,294200,16.25,0.0
SMTC,2016-02-16,16.440000534057617,16.979999542236328,16.440000534057617,16.770000457763672,236700,16.770000457763672,0.0
SMTC,2016-02-17,16.84000015258789,17.450000762939453,16.809999465942383,17.360000610351562,416200,17.360000610351562,0.0
SMTC,2016-02-18,17.68000030517578,17.709999084472656,17.139999389648438,17.299999237060547,323500,17.299999237060547,0.0
SMTC,2016-02-19,17.239999771118164,17.649999618530273,17.100000381469727,17.6299991607666,288900,17.6299991607666,0.0
SMTC,2016-02-22,17.850000381469727,18.149999618530273,17.760000228881836,17.93000030517578,313300,17.93000030517578,0.0
SMTC,2016-02-23,17.799999237060547,18.059999465942383,17.510000228881836,17.510000228881836,187800,17.510000228881836,0.0
SMTC,2016-02-24,17.299999237060547,18.15999984741211,17.139999389648438,18.139999389648438,298200,18.139999389648438,0.0
SMTC,2016-02-25,18.15999984741211,18.510000228881836,17.920000076293945,18.5,366500,18.5,0.0
SMTC,2016-02-26,18.6200008392334,18.920000076293945,18.510000228881836,18.59000015258789,253300,18.59000015258789,0.0
SMTC,2016-02-29,18.56999969482422,19.290000915527344,18.530000686645508,19.15999984741211,473500,19.15999984741211,0.0
SMTC,2016-03-01,19.3799991607666,20.030000686645508,19.18000030517578,19.989999771118164,554800,19.989999771118164,0.0
SMTC,2016-03-02,20.149999618530273,20.290000915527344,19.270000457763672,19.329999923706055,606900,19.329999923706055,0.0
SMTC,2016-03-03,22.0,22.5,20.739999771118164,21.0,2210900,21.0,0.0
SMTC,2016-03-04,21.020000457763672,21.5,19.959999084472656,21.010000228881836,1279100,21.010000228881836,0.0
SMTC,2016-03-07,21.0,21.270000457763672,20.579999923706055,21.030000686645508,631000,21.030000686645508,0.0
SMTC,2016-03-08,20.860000610351562,20.860000610351562,20.079999923706055,20.1200008392334,723800,20.1200008392334,0.0
SMTC,2016-03-09,20.200000762939453,20.670000076293945,20.170000076293945,20.530000686645508,342800,20.530000686645508,0.0
SMTC,2016-03-10,20.600000381469727,20.81999969482422,20.030000686645508,20.299999237060547,373800,20.299999237060547,0.0
SMTC,2016-03-11,20.639999389648438,20.969999313354492,20.5,20.899999618530273,481800,20.899999618530273,0.0
SMTC,2016-03-14,20.899999618530273,20.979999542236328,20.649999618530273,20.760000228881836,364700,20.760000228881836,0.0
SMTC,2016-03-15,20.639999389648438,20.84000015258789,20.34000015258789,20.639999389648438,323700,20.639999389648438,0.0
SMTC,2016-03-16,20.510000228881836,20.90999984741211,20.18000030517578,20.780000686645508,304700,20.780000686645508,0.0
SMTC,2016-03-17,20.59000015258789,21.5,20.31999969482422,21.459999084472656,570200,21.459999084472656,0.0
SMTC,2016-03-18,21.600000381469727,22.0,21.059999465942383,21.920000076293945,648100,21.920000076293945,0.0
SMTC,2016-03-21,21.90999984741211,22.020000457763672,21.56999969482422,21.950000762939453,536900,21.950000762939453,0.0
SMTC,2016-03-22,21.809999465942383,22.219999313354492,21.0,21.90999984741211,448900,21.90999984741211,0.0
SMTC,2016-03-23,21.809999465942383,21.93000030517578,21.049999237060547,21.200000762939453,368600,21.200000762939453,0.0
SMTC,2016-03-24,21.100000381469727,21.450000762939453,20.850000381469727,21.450000762939453,274700,21.450000762939453,0.0
SMTC,2016-03-28,21.530000686645508,21.889999389648438,21.290000915527344,21.850000381469727,318900,21.850000381469727,0.0
SMTC,2016-03-29,21.809999465942383,22.200000762939453,21.56999969482422,21.989999771118164,550600,21.989999771118164,0.0
SMTC,2016-03-30,22.040000915527344,22.420000076293945,21.889999389648438,21.940000534057617,473400,21.940000534057617,0.0
SMTC,2016-03-31,21.989999771118164,22.219999313354492,21.799999237060547,21.989999771118164,288000,21.989999771118164,0.0
SMTC,2016-04-01,21.81999969482422,22.600000381469727,21.75,22.56999969482422,297800,22.56999969482422,0.0
SMTC,2016-04-04,22.489999771118164,22.649999618530273,22.270000457763672,22.440000534057617,306800,22.440000534057617,0.0
SMTC,2016-04-05,22.219999313354492,22.469999313354492,22.110000610351562,22.1200008392334,262800,22.1200008392334,0.0
SMTC,2016-04-06,22.049999237060547,22.5,21.739999771118164,22.3700008392334,243900,22.3700008392334,0.0
SMTC,2016-04-07,22.31999969482422,22.31999969482422,21.770000457763672,21.899999618530273,206300,21.899999618530273,0.0
SMTC,2016-04-08,22.110000610351562,22.34000015258789,21.860000610351562,21.93000030517578,194700,21.93000030517578,0.0
SMTC,2016-04-11,22.110000610351562,22.6200008392334,22.020000457763672,22.3700008392334,437000,22.3700008392334,0.0
SMTC,2016-04-12,22.329999923706055,22.399999618530273,21.93000030517578,22.229999542236328,319400,22.229999542236328,0.0
SMTC,2016-04-13,22.420000076293945,23.299999237060547,22.270000457763672,23.290000915527344,511800,23.290000915527344,0.0
SMTC,2016-04-14,23.190000534057617,23.219999313354492,22.709999084472656,23.219999313354492,322500,23.219999313354492,0.0
SMTC,2016-04-15,23.079999923706055,23.15999984741211,22.850000381469727,23.0,500300,23.0,0.0
SMTC,2016-04-18,23.0,23.399999618530273,22.979999542236328,23.399999618530273,285000,23.399999618530273,0.0
SMTC,2016-04-19,23.479999542236328,23.479999542236328,22.280000686645508,22.299999237060547,551500,22.299999237060547,0.0
SMTC,2016-04-20,22.3700008392334,22.739999771118164,22.270000457763672,22.5,339900,22.5,0.0
SMTC,2016-04-21,22.649999618530273,22.829999923706055,22.389999389648438,22.520000457763672,325700,22.520000457763672,0.0
SMTC,2016-04-22,22.610000610351562,23.040000915527344,22.530000686645508,22.75,223500,22.75,0.0
SMTC,2016-04-25,22.6200008392334,22.790000915527344,22.270000457763672,22.399999618530273,390800,22.399999618530273,0.0
SMTC,2016-04-26,22.549999237060547,23.06999969482422,22.34000015258789,22.889999389648438,415100,22.889999389648438,0.0
SMTC,2016-04-27,22.670000076293945,23.25,22.5,22.850000381469727,345100,22.850000381469727,0.0
SMTC,2016-04-28,22.649999618530273,23.049999237060547,22.25,22.309999465942383,293200,22.309999465942383,0.0
SMTC,2016-04-29,22.329999923706055,22.579999923706055,21.479999542236328,21.639999389648438,845800,21.639999389648438,0.0
SMTC,2016-05-02,21.770000457763672,21.8799991607666,21.389999389648438,21.760000228881836,390600,21.760000228881836,0.0
SMTC,2016-05-03,21.540000915527344,21.889999389648438,21.459999084472656,21.790000915527344,228500,21.790000915527344,0.0
SMTC,2016-05-04,21.709999084472656,22.049999237060547,21.389999389648438,21.520000457763672,316900,21.520000457763672,0.0
SMTC,2016-05-05,21.600000381469727,21.75,21.389999389648438,21.459999084472656,196000,21.459999084472656,0.0
SMTC,2016-05-06,21.329999923706055,21.68000030517578,21.0,21.670000076293945,299800,21.670000076293945,0.0
SMTC,2016-05-09,21.670000076293945,21.829999923706055,21.459999084472656,21.65999984741211,163700,21.65999984741211,0.0
SMTC,2016-05-10,21.729999542236328,22.1200008392334,21.670000076293945,21.860000610351562,291200,21.860000610351562,0.0
SMTC,2016-05-11,21.760000228881836,22.059999465942383,21.65999984741211,21.860000610351562,170400,21.860000610351562,0.0
SMTC,2016-05-12,21.920000076293945,21.920000076293945,20.739999771118164,21.030000686645508,327400,21.030000686645508,0.0
SMTC,2016-05-13,21.020000457763672,21.290000915527344,20.09000015258789,20.969999313354492,255800,20.969999313354492,0.0
SMTC,2016-05-16,21.06999969482422,21.450000762939453,21.06999969482422,21.260000228881836,343600,21.260000228881836,0.0
SMTC,2016-05-17,21.280000686645508,21.350000381469727,20.15999984741211,20.559999465942383,377700,20.559999465942383,0.0
SMTC,2016-05-18,20.520000457763672,21.239999771118164,20.520000457763672,21.010000228881836,549500,21.010000228881836,0.0
SMTC,2016-05-19,20.889999389648438,21.229999542236328,20.270000457763672,20.459999084472656,365600,20.459999084472656,0.0
SMTC,2016-05-20,20.610000610351562,21.239999771118164,20.610000610351562,21.229999542236328,331500,21.229999542236328,0.0
SMTC,2016-05-23,21.309999465942383,21.770000457763672,21.270000457763672,21.59000015258789,360300,21.59000015258789,0.0
SMTC,2016-05-24,21.799999237060547,22.350000381469727,21.799999237060547,22.209999084472656,265800,22.209999084472656,0.0
SMTC,2016-05-25,22.5,22.510000228881836,22.09000015258789,22.270000457763672,164500,22.270000457763672,0.0
SMTC,2016-05-26,22.360000610351562,22.6299991607666,22.239999771118164,22.489999771118164,242100,22.489999771118164,0.0
SMTC,2016-05-27,22.530000686645508,23.149999618530273,22.479999542236328,23.010000228881836,356200,23.010000228881836,0.0
SMTC,2016-05-31,23.110000610351562,23.610000610351562,23.030000686645508,23.540000915527344,495300,23.540000915527344,0.0
SMTC,2016-06-01,23.479999542236328,24.510000228881836,23.3700008392334,24.3700008392334,1061900,24.3700008392334,0.0
SMTC,2016-06-02,24.530000686645508,24.68000030517578,23.079999923706055,24.139999389648438,812200,24.139999389648438,0.0
SMTC,2016-06-03,24.190000534057617,24.190000534057617,23.600000381469727,23.899999618530273,380100,23.899999618530273,0.0
SMTC,2016-06-06,23.850000381469727,24.3700008392334,23.850000381469727,24.15999984741211,670600,24.15999984741211,0.0
SMTC,2016-06-07,24.260000228881836,24.450000762939453,24.040000915527344,24.299999237060547,785700,24.299999237060547,0.0
SMTC,2016-06-08,24.239999771118164,24.739999771118164,24.200000762939453,24.510000228881836,765200,24.510000228881836,0.0
SMTC,2016-06-09,24.420000076293945,24.510000228881836,24.15999984741211,24.469999313354492,598800,24.469999313354492,0.0
SMTC,2016-06-10,24.06999969482422,24.100000381469727,23.75,23.799999237060547,381700,23.799999237060547,0.0
SMTC,2016-06-13,23.6200008392334,24.030000686645508,23.549999237060547,23.690000534057617,501100,23.690000534057617,0.0
SMTC,2016-06-14,23.600000381469727,24.239999771118164,23.600000381469727,24.15999984741211,195800,24.15999984741211,0.0
SMTC,2016-06-15,24.299999237060547,24.440000534057617,24.06999969482422,24.25,201400,24.25,0.0
SMTC,2016-06-16,24.020000457763672,24.1200008392334,23.6299991607666,24.049999237060547,224600,24.049999237060547,0.0
SMTC,2016-06-17,24.0,24.15999984741211,23.420000076293945,24.079999923706055,601900,24.079999923706055,0.0
SMTC,2016-06-20,24.459999084472656,24.760000228881836,24.219999313354492,24.280000686645508,201000,24.280000686645508,0.0
SMTC,2016-06-21,24.360000610351562,24.389999389648438,24.010000228881836,24.100000381469727,212400,24.100000381469727,0.0
SMTC,2016-06-22,24.059999465942383,24.450000762939453,24.0,24.030000686645508,150500,24.030000686645508,0.0
SMTC,2016-06-23,24.3700008392334,24.6200008392334,24.260000228881836,24.610000610351562,475300,24.610000610351562,0.0
SMTC,2016-06-24,23.350000381469727,23.790000915527344,22.899999618530273,23.15999984741211,1704000,23.15999984741211,0.0
SMTC,2016-06-27,22.81999969482422,22.850000381469727,21.350000381469727,21.610000610351562,666000,21.610000610351562,0.0
SMTC,2016-06-28,21.850000381469727,22.34000015258789,21.719999313354492,22.209999084472656,481400,22.209999084472656,0.0
SMTC,2016-06-29,22.43000030517578,23.34000015258789,22.40999984741211,23.260000228881836,566300,23.260000228881836,0.0
SMTC,2016-06-30,23.34000015258789,23.860000610351562,23.239999771118164,23.860000610351562,407300,23.860000610351562,0.0
SMTC,2016-07-01,23.75,24.170000076293945,23.40999984741211,23.670000076293945,285100,23.670000076293945,0.0
SMTC,2016-07-05,23.40999984741211,23.5,23.049999237060547,23.200000762939453,233000,23.200000762939453,0.0
SMTC,2016-07-06,22.989999771118164,23.34000015258789,22.649999618530273,23.09000015258789,299700,23.09000015258789,0.0
SMTC,2016-07-07,23.219999313354492,23.68000030517578,23.18000030517578,23.3799991607666,164200,23.3799991607666,0.0
SMTC,2016-07-08,23.649999618530273,24.270000457763672,23.649999618530273,24.209999084472656,531900,24.209999084472656,0.0
SMTC,2016-07-11,24.350000381469727,24.600000381469727,24.229999542236328,24.350000381469727,261100,24.350000381469727,0.0
SMTC,2016-07-12,24.600000381469727,24.84000015258789,24.3799991607666,24.43000030517578,382500,24.43000030517578,0.0
SMTC,2016-07-13,24.579999923706055,24.739999771118164,24.350000381469727,24.489999771118164,277300,24.489999771118164,0.0
SMTC,2016-07-14,24.469999313354492,24.59000015258789,24.15999984741211,24.3799991607666,189900,24.3799991607666,0.0
SMTC,2016-07-15,24.489999771118164,24.56999969482422,24.299999237060547,24.440000534057617,295500,24.440000534057617,0.0
SMTC,2016-07-18,24.690000534057617,24.690000534057617,24.3799991607666,24.3799991607666,269000,24.3799991607666,0.0
SMTC,2016-07-19,24.3700008392334,24.56999969482422,24.360000610351562,24.40999984741211,228500,24.40999984741211,0.0
SMTC,2016-07-20,24.540000915527344,24.649999618530273,24.31999969482422,24.520000457763672,356900,24.520000457763672,0.0
SMTC,2016-07-21,24.469999313354492,24.600000381469727,24.06999969482422,24.110000610351562,193700,24.110000610351562,0.0
SMTC,2016-07-22,24.100000381469727,24.190000534057617,23.809999465942383,24.0,312200,24.0,0.0
SMTC,2016-07-25,23.979999542236328,24.34000015258789,23.8799991607666,24.190000534057617,328200,24.190000534057617,0.0
SMTC,2016-07-26,24.190000534057617,25.309999465942383,24.190000534057617,25.309999465942383,617200,25.309999465942383,0.0
SMTC,2016-07-27,25.479999542236328,25.549999237060547,25.020000457763672,25.520000457763672,536500,25.520000457763672,0.0
SMTC,2016-07-28,25.399999618530273,25.559999465942383,25.149999618530273,25.420000076293945,338800,25.420000076293945,0.0
SMTC,2016-07-29,25.420000076293945,25.68000030517578,25.06999969482422,25.420000076293945,443600,25.420000076293945,0.0
SMTC,2016-08-01,25.510000228881836,25.579999923706055,25.260000228881836,25.479999542236328,316600,25.479999542236328,0.0
SMTC,2016-08-02,25.479999542236328,25.479999542236328,24.280000686645508,24.280000686645508,450700,24.280000686645508,0.0
SMTC,2016-08-03,24.25,24.489999771118164,24.09000015258789,24.25,360300,24.25,0.0
SMTC,2016-08-04,24.31999969482422,24.479999542236328,24.200000762939453,24.25,480000,24.25,0.0
SMTC,2016-08-05,24.459999084472656,24.829999923706055,24.34000015258789,24.809999465942383,325300,24.809999465942383,0.0
SMTC,2016-08-08,24.899999618530273,25.079999923706055,24.709999084472656,25.030000686645508,319700,25.030000686645508,0.0
SMTC,2016-08-09,25.200000762939453,25.420000076293945,25.010000228881836,25.360000610351562,295800,25.360000610351562,0.0
SMTC,2016-08-10,25.3799991607666,25.3799991607666,24.780000686645508,25.1200008392334,182800,25.1200008392334,0.0
SMTC,2016-08-11,25.219999313354492,25.350000381469727,24.90999984741211,25.280000686645508,208500,25.280000686645508,0.0
SMTC,2016-08-12,25.270000457763672,25.510000228881836,25.229999542236328,25.479999542236328,234900,25.479999542236328,0.0
SMTC,2016-08-15,25.56999969482422,26.149999618530273,25.479999542236328,26.110000610351562,307300,26.110000610351562,0.0
SMTC,2016-08-16,25.969999313354492,26.229999542236328,25.59000015258789,25.850000381469727,300800,25.850000381469727,0.0
SMTC,2016-08-17,26.030000686645508,26.030000686645508,25.579999923706055,25.850000381469727,173100,25.850000381469727,0.0
SMTC,2016-08-18,25.90999984741211,26.020000457763672,25.6299991607666,25.920000076293945,287700,25.920000076293945,0.0
SMTC,2016-08-19,25.93000030517578,26.510000228881836,25.93000030517578,26.219999313354492,288900,26.219999313354492,0.0
SMTC,2016-08-22,26.049999237060547,26.68000030517578,25.8799991607666,26.420000076293945,255300,26.420000076293945,0.0
SMTC,2016-08-23,26.540000915527344,26.540000915527344,26.25,26.299999237060547,325600,26.299999237060547,0.0
SMTC,2016-08-24,26.270000457763672,26.440000534057617,26.09000015258789,26.18000030517578,359100,26.18000030517578,0.0
SMTC,2016-08-25,26.139999389648438,26.459999084472656,26.100000381469727,26.440000534057617,405800,26.440000534057617,0.0
SMTC,2016-08-26,26.549999237060547,26.6299991607666,26.079999923706055,26.209999084472656,500100,26.209999084472656,0.0
SMTC,2016-08-29,26.329999923706055,26.540000915527344,26.1299991607666,26.15999984741211,329800,26.15999984741211,0.0
SMTC,2016-08-30,26.149999618530273,26.420000076293945,25.989999771118164,26.260000228881836,697500,26.260000228881836,0.0
SMTC,2016-08-31,26.260000228881836,26.6299991607666,25.770000457763672,26.600000381469727,584000,26.600000381469727,0.0
SMTC,2016-09-01,26.700000762939453,28.170000076293945,26.540000915527344,27.489999771118164,981800,27.489999771118164,0.0
SMTC,2016-09-02,27.559999465942383,28.06999969482422,27.40999984741211,28.06999969482422,547000,28.06999969482422,0.0
SMTC,2016-09-06,27.989999771118164,27.989999771118164,27.31999969482422,27.649999618530273,379400,27.649999618530273,0.0
SMTC,2016-09-07,27.68000030517578,27.75,27.020000457763672,27.559999465942383,364400,27.559999465942383,0.0
SMTC,2016-09-08,27.40999984741211,27.469999313354492,27.149999618530273,27.239999771118164,285000,27.239999771118164,0.0
SMTC,2016-09-09,27.110000610351562,27.110000610351562,25.93000030517578,26.110000610351562,326800,26.110000610351562,0.0
SMTC,2016-09-12,25.799999237060547,26.56999969482422,25.799999237060547,26.540000915527344,367500,26.540000915527344,0.0
SMTC,2016-09-13,26.520000457763672,26.75,25.889999389648438,26.030000686645508,288500,26.030000686645508,0.0
SMTC,2016-09-14,26.09000015258789,26.729999542236328,25.93000030517578,26.6200008392334,454900,26.6200008392334,0.0
SMTC,2016-09-15,26.6200008392334,27.040000915527344,26.389999389648438,27.040000915527344,213700,27.040000915527344,0.0
SMTC,2016-09-16,27.1299991607666,27.25,26.68000030517578,27.1200008392334,690500,27.1200008392334,0.0
SMTC,2016-09-19,27.229999542236328,27.6299991607666,26.8700008392334,27.110000610351562,227000,27.110000610351562,0.0
SMTC,2016-09-20,27.290000915527344,27.329999923706055,26.940000534057617,26.979999542236328,278400,26.979999542236328,0.0
SMTC,2016-09-21,27.1299991607666,27.520000457763672,27.010000228881836,27.479999542236328,430300,27.479999542236328,0.0
SMTC,2016-09-22,27.469999313354492,28.0,27.049999237060547,27.93000030517578,399600,27.93000030517578,0.0
SMTC,2016-09-23,27.850000381469727,27.969999313354492,27.389999389648438,27.579999923706055,422900,27.579999923706055,0.0
SMTC,2016-09-26,27.3700008392334,27.520000457763672,27.1200008392334,27.260000228881836,230000,27.260000228881836,0.0
SMTC,2016-09-27,27.139999389648438,27.510000228881836,27.139999389648438,27.489999771118164,255000,27.489999771118164,0.0
SMTC,2016-09-28,27.59000015258789,27.809999465942383,27.450000762939453,27.719999313354492,202200,27.719999313354492,0.0
SMTC,2016-09-29,27.579999923706055,27.989999771118164,27.200000762939453,27.719999313354492,223700,27.719999313354492,0.0
SMTC,2016-09-30,27.90999984741211,28.209999084472656,27.690000534057617,27.729999542236328,667700,27.729999542236328,0.0
SMTC,2016-10-03,27.600000381469727,27.899999618530273,27.450000762939453,27.6200008392334,314100,27.6200008392334,0.0
SMTC,2016-10-04,27.65999984741211,27.8799991607666,27.459999084472656,27.5,381300,27.5,0.0
SMTC,2016-10-05,27.709999084472656,28.079999923706055,27.469999313354492,27.739999771118164,701000,27.739999771118164,0.0
SMTC,2016-10-06,27.75,28.170000076293945,27.239999771118164,27.65999984741211,732900,27.65999984741211,0.0
SMTC,2016-10-07,27.649999618530273,27.81999969482422,27.139999389648438,27.530000686645508,349500,27.530000686645508,0.0
SMTC,2016-10-10,27.600000381469727,27.989999771118164,26.760000228881836,26.780000686645508,381500,26.780000686645508,0.0
SMTC,2016-10-11,26.610000610351562,26.670000076293945,25.81999969482422,25.979999542236328,454700,25.979999542236328,0.0
SMTC,2016-10-12,25.829999923706055,26.420000076293945,25.399999618530273,25.479999542236328,369000,25.479999542236328,0.0
SMTC,2016-10-13,25.280000686645508,25.34000015258789,24.559999465942383,24.950000762939453,716900,24.950000762939453,0.0
SMTC,2016-10-14,24.950000762939453,25.34000015258789,24.540000915527344,25.149999618530273,539000,25.149999618530273,0.0
SMTC,2016-10-17,25.049999237060547,25.200000762939453,24.5,24.649999618530273,263200,24.649999618530273,0.0
SMTC,2016-10-18,24.899999618530273,25.350000381469727,24.75,24.850000381469727,371200,24.850000381469727,0.0
SMTC,2016-10-19,24.799999237060547,25.350000381469727,24.600000381469727,25.100000381469727,489300,25.100000381469727,0.0
SMTC,2016-10-20,24.950000762939453,25.100000381469727,24.649999618530273,25.0,358100,25.0,0.0
SMTC,2016-10-21,24.799999237060547,25.0,24.5,24.75,230900,24.75,0.0
SMTC,2016-10-24,25.0,25.549999237060547,25.0,25.200000762939453,525100,25.200000762939453,0.0
SMTC,2016-10-25,25.350000381469727,25.68000030517578,25.1299991607666,25.149999618530273,232600,25.149999618530273,0.0
SMTC,2016-10-26,25.049999237060547,25.25,24.649999618530273,24.850000381469727,369000,24.850000381469727,0.0
SMTC,2016-10-27,25.100000381469727,25.399999618530273,24.610000610351562,24.700000762939453,476800,24.700000762939453,0.0
SMTC,2016-10-28,24.75,25.0,24.049999237060547,24.200000762939453,397100,24.200000762939453,0.0
SMTC,2016-10-31,24.25,24.3799991607666,23.850000381469727,24.200000762939453,463100,24.200000762939453,0.0
SMTC,2016-11-01,24.350000381469727,24.399999618530273,23.729999542236328,24.100000381469727,445900,24.100000381469727,0.0
SMTC,2016-11-02,24.25,24.450000762939453,23.950000762939453,23.950000762939453,351200,23.950000762939453,0.0
SMTC,2016-11-03,24.049999237060547,24.700000762939453,22.809999465942383,24.450000762939453,458000,24.450000762939453,0.0
SMTC,2016-11-04,24.399999618530273,24.850000381469727,24.25,24.43000030517578,306400,24.43000030517578,0.0
SMTC,2016-11-07,24.950000762939453,25.549999237060547,24.799999237060547,25.350000381469727,324800,25.350000381469727,0.0
SMTC,2016-11-08,25.450000762939453,25.649999618530273,24.950000762939453,25.350000381469727,197900,25.350000381469727,0.0
SMTC,2016-11-09,25.0,25.950000762939453,24.399999618530273,25.799999237060547,368400,25.799999237060547,0.0
SMTC,2016-11-10,26.100000381469727,26.350000381469727,25.350000381469727,25.799999237060547,474300,25.799999237060547,0.0
SMTC,2016-11-11,25.950000762939453,26.5,25.950000762939453,26.299999237060547,751400,26.299999237060547,0.0
SMTC,2016-11-14,26.450000762939453,26.530000686645508,25.799999237060547,26.0,413000,26.0,0.0
SMTC,2016-11-15,26.100000381469727,26.5,25.850000381469727,25.950000762939453,672400,25.950000762939453,0.0
SMTC,2016-11-16,25.950000762939453,27.43000030517578,25.950000762939453,27.25,1009500,27.25,0.0
SMTC,2016-11-17,27.049999237060547,27.149999618530273,26.700000762939453,26.899999618530273,409200,26.899999618530273,0.0
SMTC,2016-11-18,26.799999237060547,27.75,26.799999237060547,27.75,339300,27.75,0.0
SMTC,2016-11-21,27.799999237060547,27.950000762939453,27.100000381469727,27.450000762939453,334500,27.450000762939453,0.0
SMTC,2016-11-22,27.75,28.399999618530273,27.649999618530273,28.350000381469727,482200,28.350000381469727,0.0
SMTC,2016-11-23,28.350000381469727,28.450000762939453,27.899999618530273,28.200000762939453,248900,28.200000762939453,0.0
SMTC,2016-11-25,28.200000762939453,28.350000381469727,27.899999618530273,28.299999237060547,112600,28.299999237060547,0.0
SMTC,2016-11-28,28.399999618530273,28.450000762939453,27.899999618530273,28.149999618530273,329200,28.149999618530273,0.0
SMTC,2016-11-29,28.149999618530273,28.799999237060547,27.950000762939453,28.299999237060547,512500,28.299999237060547,0.0
SMTC,2016-11-30,28.5,28.75,27.549999237060547,28.100000381469727,647700,28.100000381469727,0.0
SMTC,2016-12-01,30.049999237060547,31.850000381469727,28.850000381469727,29.100000381469727,2681300,29.100000381469727,0.0
SMTC,2016-12-02,29.149999618530273,30.299999237060547,29.0,30.299999237060547,785700,30.299999237060547,0.0
SMTC,2016-12-05,30.0,30.950000762939453,30.0,30.899999618530273,954000,30.899999618530273,0.0
SMTC,2016-12-06,30.899999618530273,31.649999618530273,30.850000381469727,31.049999237060547,718900,31.049999237060547,0.0
SMTC,2016-12-07,31.049999237060547,32.25,30.950000762939453,31.850000381469727,474200,31.850000381469727,0.0
SMTC,2016-12-08,31.950000762939453,32.75,31.799999237060547,32.54999923706055,483900,32.54999923706055,0.0
SMTC,2016-12-09,32.5,32.650001525878906,31.600000381469727,31.899999618530273,481900,31.899999618530273,0.0
SMTC,2016-12-12,31.850000381469727,32.150001525878906,31.309999465942383,31.799999237060547,391200,31.799999237060547,0.0
SMTC,2016-12-13,31.899999618530273,32.45000076293945,30.600000381469727,32.099998474121094,572800,32.099998474121094,0.0
SMTC,2016-12-14,32.099998474121094,32.349998474121094,30.799999237060547,32.150001525878906,354700,32.150001525878906,0.0
SMTC,2016-12-15,32.150001525878906,33.25,32.0,32.54999923706055,486500,32.54999923706055,0.0
SMTC,2016-12-16,32.79999923706055,33.04999923706055,32.099998474121094,32.20000076293945,852200,32.20000076293945,0.0
SMTC,2016-12-19,32.25,33.20000076293945,32.09000015258789,32.70000076293945,361800,32.70000076293945,0.0
SMTC,2016-12-20,32.650001525878906,33.20000076293945,32.400001525878906,32.75,364500,32.75,0.0
SMTC,2016-12-21,32.70000076293945,33.150001525878906,32.54999923706055,32.70000076293945,266400,32.70000076293945,0.0
SMTC,2016-12-22,32.599998474121094,32.75,31.399999618530273,31.5,778300,31.5,0.0
SMTC,2016-12-23,31.600000381469727,32.25,31.399999618530273,32.25,559200,32.25,0.0
SMTC,2016-12-27,32.150001525878906,32.70000076293945,31.950000762939453,32.5,315200,32.5,0.0
SMTC,2016-12-28,32.599998474121094,32.599998474121094,32.04999923706055,32.25,399500,32.25,0.0
SMTC,2016-12-29,32.25,32.54999923706055,31.649999618530273,32.04999923706055,330800,32.04999923706055,0.0
SMTC,2016-12-30,32.099998474121094,32.22999954223633,31.200000762939453,31.549999237060547,456900,31.549999237060547,0.0
SMTC,2017-01-03,31.799999237060547,32.25,31.299999237060547,31.850000381469727,343200,31.850000381469727,0.0
SMTC,2017-01-04,31.799999237060547,31.950000762939453,31.010000228881836,31.399999618530273,417700,31.399999618530273,0.0
SMTC,2017-01-05,31.200000762939453,31.899999618530273,31.0,31.25,334000,31.25,0.0
SMTC,2017-01-06,31.399999618530273,31.799999237060547,31.049999237060547,31.799999237060547,340900,31.799999237060547,0.0
SMTC,2017-01-09,31.700000762939453,32.29999923706055,31.399999618530273,32.0,454800,32.0,0.0
SMTC,2017-01-10,31.950000762939453,32.5,31.850000381469727,32.29999923706055,286400,32.29999923706055,0.0
SMTC,2017-01-11,32.150001525878906,32.70000076293945,32.04999923706055,32.70000076293945,268700,32.70000076293945,0.0
SMTC,2017-01-12,32.54999923706055,32.54999923706055,31.75,32.0,386600,32.0,0.0
SMTC,2017-01-13,32.0,33.150001525878906,32.0,32.900001525878906,314900,32.900001525878906,0.0
SMTC,2017-01-17,33.0,33.150001525878906,32.349998474121094,32.599998474121094,590100,32.599998474121094,0.0
SMTC,2017-01-18,32.900001525878906,33.29999923706055,32.29999923706055,32.599998474121094,354500,32.599998474121094,0.0
SMTC,2017-01-19,32.45000076293945,32.650001525878906,32.04999923706055,32.20000076293945,310300,32.20000076293945,0.0
SMTC,2017-01-20,32.25,32.650001525878906,32.04999923706055,32.20000076293945,539300,32.20000076293945,0.0
SMTC,2017-01-23,32.0,32.29999923706055,31.850000381469727,32.099998474121094,301300,32.099998474121094,0.0
SMTC,2017-01-24,32.150001525878906,33.04999923706055,31.950000762939453,33.0,769200,33.0,0.0
SMTC,2017-01-25,33.349998474121094,33.79999923706055,33.150001525878906,33.70000076293945,361800,33.70000076293945,0.0
SMTC,2017-01-26,33.79999923706055,33.880001068115234,33.130001068115234,33.25,462700,33.25,0.0
SMTC,2017-01-27,33.400001525878906,33.900001525878906,33.400001525878906,33.70000076293945,224800,33.70000076293945,0.0
SMTC,2017-01-30,33.5,33.5,32.79999923706055,33.099998474121094,302600,33.099998474121094,0.0
SMTC,2017-01-31,32.900001525878906,33.4900016784668,32.47999954223633,32.95000076293945,279000,32.95000076293945,0.0
SMTC,2017-02-01,33.45000076293945,33.5,32.900001525878906,33.45000076293945,500400,33.45000076293945,0.0
SMTC,2017-02-02,33.45000076293945,33.95000076293945,33.0,33.650001525878906,447600,33.650001525878906,0.0
SMTC,2017-02-03,33.849998474121094,34.400001525878906,33.150001525878906,34.349998474121094,307400,34.349998474121094,0.0
SMTC,2017-02-06,34.20000076293945,34.70000076293945,33.5,33.75,433300,33.75,0.0
SMTC,2017-02-07,33.79999923706055,34.20000076293945,33.2599983215332,34.20000076293945,275900,34.20000076293945,0.0
SMTC,2017-02-08,34.25,34.25,33.279998779296875,33.29999923706055,363100,33.29999923706055,0.0
SMTC,2017-02-09,33.29999923706055,33.70000076293945,33.099998474121094,33.25,299700,33.25,0.0
SMTC,2017-02-10,33.349998474121094,33.849998474121094,33.08000183105469,33.599998474121094,350700,33.599998474121094,0.0
SMTC,2017-02-13,34.0,34.0,33.349998474121094,33.70000076293945,361000,33.70000076293945,0.0
SMTC,2017-02-14,33.75,33.91999816894531,33.20000076293945,33.849998474121094,281500,33.849998474121094,0.0
SMTC,2017-02-15,33.95000076293945,34.95000076293945,33.54999923706055,34.650001525878906,323700,34.650001525878906,0.0
SMTC,2017-02-16,34.75,34.95000076293945,34.25,34.95000076293945,318800,34.95000076293945,0.0
SMTC,2017-02-17,34.95000076293945,35.150001525878906,34.650001525878906,34.900001525878906,387000,34.900001525878906,0.0
SMTC,2017-02-21,35.04999923706055,35.45000076293945,34.70000076293945,35.400001525878906,300200,35.400001525878906,0.0
SMTC,2017-02-22,35.25,35.900001525878906,35.099998474121094,35.900001525878906,280200,35.900001525878906,0.0
SMTC,2017-02-23,36.0,36.150001525878906,34.650001525878906,34.75,415800,34.75,0.0
SMTC,2017-02-24,34.400001525878906,34.599998474121094,33.97999954223633,34.400001525878906,443100,34.400001525878906,0.0
SMTC,2017-02-27,34.0,34.54999923706055,33.91999816894531,34.0,736400,34.0,0.0
SMTC,2017-02-28,34.04999923706055,34.400001525878906,33.349998474121094,33.45000076293945,579300,33.45000076293945,0.0
SMTC,2017-03-01,33.900001525878906,34.20000076293945,33.70000076293945,34.04999923706055,371800,34.04999923706055,0.0
SMTC,2017-03-02,34.0,34.25,33.5,33.650001525878906,267700,33.650001525878906,0.0
SMTC,2017-03-03,33.70000076293945,33.95000076293945,33.29999923706055,33.599998474121094,288900,33.599998474121094,0.0
SMTC,2017-03-06,33.5,33.900001525878906,33.04999923706055,33.79999923706055,338000,33.79999923706055,0.0
SMTC,2017-03-07,33.75,34.25,33.5,33.5,527600,33.5,0.0
SMTC,2017-03-08,33.79999923706055,34.650001525878906,33.599998474121094,34.29999923706055,958800,34.29999923706055,0.0
SMTC,2017-03-09,37.04999923706055,37.349998474121094,33.29999923706055,34.04999923706055,2873100,34.04999923706055,0.0
SMTC,2017-03-10,34.20000076293945,34.66999816894531,33.5,34.349998474121094,666500,34.349998474121094,0.0
SMTC,2017-03-13,34.29999923706055,34.79999923706055,34.20000076293945,34.29999923706055,425700,34.29999923706055,0.0
SMTC,2017-03-14,34.150001525878906,34.400001525878906,33.54999923706055,33.70000076293945,574000,33.70000076293945,0.0
SMTC,2017-03-15,33.849998474121094,34.400001525878906,33.58000183105469,34.25,484100,34.25,0.0
SMTC,2017-03-16,34.349998474121094,34.54999923706055,33.97999954223633,34.25,384300,34.25,0.0
SMTC,2017-03-17,34.0,34.650001525878906,34.0,34.54999923706055,857000,34.54999923706055,0.0
SMTC,2017-03-20,34.5,35.0,34.20000076293945,34.400001525878906,569900,34.400001525878906,0.0
SMTC,2017-03-21,34.5,34.54999923706055,33.349998474121094,33.45000076293945,734200,33.45000076293945,0.0
SMTC,2017-03-22,33.54999923706055,33.95000076293945,33.22999954223633,33.70000076293945,380900,33.70000076293945,0.0
SMTC,2017-03-23,33.75,34.20000076293945,33.70000076293945,33.849998474121094,247000,33.849998474121094,0.0
SMTC,2017-03-24,34.04999923706055,34.70000076293945,34.04999923706055,34.349998474121094,562800,34.349998474121094,0.0
SMTC,2017-03-27,33.900001525878906,34.529998779296875,33.70000076293945,34.20000076293945,288100,34.20000076293945,0.0
SMTC,2017-03-28,34.04999923706055,34.20000076293945,33.650001525878906,34.0,349000,34.0,0.0
SMTC,2017-03-29,33.849998474121094,33.95000076293945,33.599998474121094,33.849998474121094,366400,33.849998474121094,0.0
SMTC,2017-03-30,33.95000076293945,34.20000076293945,33.650001525878906,33.849998474121094,430000,33.849998474121094,0.0
SMTC,2017-03-31,33.900001525878906,34.0,33.400001525878906,33.79999923706055,429100,33.79999923706055,0.0
SMTC,2017-04-03,33.95000076293945,34.04999923706055,32.900001525878906,33.04999923706055,543900,33.04999923706055,0.0
SMTC,2017-04-04,32.95000076293945,33.5,32.650001525878906,33.099998474121094,447900,33.099998474121094,0.0
SMTC,2017-04-05,33.29999923706055,33.599998474121094,32.349998474121094,32.400001525878906,756500,32.400001525878906,0.0
SMTC,2017-04-06,32.25,33.029998779296875,32.20000076293945,32.75,528300,32.75,0.0
SMTC,2017-04-07,32.79999923706055,33.5,32.599998474121094,33.45000076293945,533300,33.45000076293945,0.0
SMTC,2017-04-10,33.45000076293945,33.630001068115234,32.599998474121094,32.95000076293945,486100,32.95000076293945,0.0
SMTC,2017-04-11,32.849998474121094,32.849998474121094,32.25,32.70000076293945,462700,32.70000076293945,0.0
SMTC,2017-04-12,32.70000076293945,32.79999923706055,31.850000381469727,32.099998474121094,618500,32.099998474121094,0.0
SMTC,2017-04-13,32.0,32.5,31.5,31.600000381469727,354600,31.600000381469727,0.0
SMTC,2017-04-17,31.850000381469727,32.599998474121094,31.799999237060547,32.54999923706055,590700,32.54999923706055,0.0
SMTC,2017-04-18,32.349998474121094,33.099998474121094,32.150001525878906,33.04999923706055,396900,33.04999923706055,0.0
SMTC,2017-04-19,33.25,33.5,33.04999923706055,33.25,389400,33.25,0.0
SMTC,2017-04-20,33.45000076293945,33.95000076293945,33.20000076293945,33.900001525878906,384300,33.900001525878906,0.0
SMTC,2017-04-21,33.79999923706055,33.95000076293945,33.380001068115234,33.54999923706055,342200,33.54999923706055,0.0
SMTC,2017-04-24,34.0,34.400001525878906,33.630001068115234,34.29999923706055,656800,34.29999923706055,0.0
SMTC,2017-04-25,34.54999923706055,35.75,34.150001525878906,35.349998474121094,787900,35.349998474121094,0.0
SMTC,2017-04-26,35.20000076293945,35.33000183105469,34.20000076293945,34.349998474121094,1014500,34.349998474121094,0.0
SMTC,2017-04-27,34.599998474121094,34.79999923706055,34.349998474121094,34.5,368000,34.5,0.0
SMTC,2017-04-28,34.5,34.54999923706055,33.900001525878906,34.150001525878906,416300,34.150001525878906,0.0
SMTC,2017-05-01,34.150001525878906,35.0,33.880001068115234,34.79999923706055,593500,34.79999923706055,0.0
SMTC,2017-05-02,34.79999923706055,34.95000076293945,34.150001525878906,34.349998474121094,403400,34.349998474121094,0.0
SMTC,2017-05-03,34.0,34.25,33.5099983215332,33.70000076293945,371900,33.70000076293945,0.0
SMTC,2017-05-04,33.900001525878906,34.08000183105469,33.45000076293945,33.95000076293945,257300,33.95000076293945,0.0
SMTC,2017-05-05,34.04999923706055,34.400001525878906,33.95000076293945,34.04999923706055,252000,34.04999923706055,0.0
SMTC,2017-05-08,34.099998474121094,34.29999923706055,33.650001525878906,33.75,306200,33.75,0.0
SMTC,2017-05-09,33.75,34.400001525878906,33.75,34.25,326800,34.25,0.0
SMTC,2017-05-10,34.75,35.849998474121094,34.599998474121094,35.45000076293945,442400,35.45000076293945,0.0
SMTC,2017-05-11,35.29999923706055,35.900001525878906,34.849998474121094,35.54999923706055,357300,35.54999923706055,0.0
SMTC,2017-05-12,35.5,35.900001525878906,35.25,35.54999923706055,255500,35.54999923706055,0.0
SMTC,2017-05-15,35.75,36.650001525878906,35.75,36.45000076293945,329800,36.45000076293945,0.0
SMTC,2017-05-16,36.5,37.0,36.25,36.95000076293945,277900,36.95000076293945,0.0
SMTC,2017-05-17,36.349998474121094,36.650001525878906,34.630001068115234,34.70000076293945,534200,34.70000076293945,0.0
SMTC,2017-05-18,34.650001525878906,35.54999923706055,34.5,35.45000076293945,349800,35.45000076293945,0.0
SMTC,2017-05-19,35.650001525878906,35.849998474121094,35.150001525878906,35.25,322400,35.25,0.0
SMTC,2017-05-22,35.349998474121094,36.45000076293945,35.25,36.45000076293945,292000,36.45000076293945,0.0
SMTC,2017-05-23,36.599998474121094,36.599998474121094,35.900001525878906,36.400001525878906,187900,36.400001525878906,0.0
SMTC,2017-05-24,36.54999923706055,36.75,36.25,36.70000076293945,182600,36.70000076293945,0.0
SMTC,2017-05-25,36.849998474121094,37.0,36.54999923706055,36.70000076293945,241100,36.70000076293945,0.0
SMTC,2017-05-26,36.70000076293945,37.150001525878906,36.29999923706055,37.099998474121094,207900,37.099998474121094,0.0
SMTC,2017-05-30,37.04999923706055,37.5,36.70000076293945,37.150001525878906,544400,37.150001525878906,0.0
SMTC,2017-05-31,37.650001525878906,38.400001525878906,37.0,38.20000076293945,1184700,38.20000076293945,0.0
SMTC,2017-06-01,36.5,37.650001525878906,35.29999923706055,36.650001525878906,1558400,36.650001525878906,0.0
SMTC,2017-06-02,36.900001525878906,37.70000076293945,36.25,37.04999923706055,680900,37.04999923706055,0.0
SMTC,2017-06-05,36.849998474121094,37.349998474121094,35.79999923706055,35.849998474121094,471600,35.849998474121094,0.0
SMTC,2017-06-06,35.650001525878906,36.54999923706055,35.349998474121094,36.349998474121094,435500,36.349998474121094,0.0
SMTC,2017-06-07,36.45000076293945,36.75,35.95000076293945,36.400001525878906,427800,36.400001525878906,0.0
SMTC,2017-06-08,36.45000076293945,37.45000076293945,36.0,37.400001525878906,417600,37.400001525878906,0.0
SMTC,2017-06-09,37.400001525878906,37.75,35.150001525878906,35.45000076293945,583500,35.45000076293945,0.0
SMTC,2017-06-12,35.04999923706055,35.79999923706055,34.099998474121094,35.54999923706055,531000,35.54999923706055,0.0
SMTC,2017-06-13,35.849998474121094,36.54999923706055,35.849998474121094,36.5,621000,36.5,0.0
SMTC,2017-06-14,36.54999923706055,36.70000076293945,35.650001525878906,36.0,793300,36.0,0.0
SMTC,2017-06-15,35.349998474121094,35.849998474121094,35.150001525878906,35.70000076293945,440700,35.70000076293945,0.0
SMTC,2017-06-16,35.650001525878906,35.900001525878906,35.099998474121094,35.70000076293945,978100,35.70000076293945,0.0
SMTC,2017-06-19,36.04999923706055,36.650001525878906,35.5,36.20000076293945,348200,36.20000076293945,0.0
SMTC,2017-06-20,35.95000076293945,36.349998474121094,35.400001525878906,35.70000076293945,565900,35.70000076293945,0.0
SMTC,2017-06-21,35.95000076293945,36.0,35.45000076293945,35.75,359300,35.75,0.0
SMTC,2017-06-22,35.599998474121094,35.849998474121094,35.099998474121094,35.400001525878906,271300,35.400001525878906,0.0
SMTC,2017-06-23,35.5,36.20000076293945,35.45000076293945,35.79999923706055,443700,35.79999923706055,0.0
SMTC,2017-06-26,36.0,36.25,35.29999923706055,35.45000076293945,266200,35.45000076293945,0.0
SMTC,2017-06-27,35.25,35.54999923706055,34.599998474121094,34.849998474121094,498800,34.849998474121094,0.0
SMTC,2017-06-28,35.25,36.349998474121094,34.68000030517578,36.25,364300,36.25,0.0
SMTC,2017-06-29,36.04999923706055,36.2400016784668,35.25,36.0,834400,36.0,0.0
SMTC,2017-06-30,36.099998474121094,36.349998474121094,35.70000076293945,35.75,540300,35.75,0.0
SMTC,2017-07-03,36.04999923706055,36.04999923706055,34.5,34.72999954223633,300100,34.72999954223633,0.0
SMTC,2017-07-05,34.849998474121094,35.349998474121094,34.29999923706055,34.900001525878906,414300,34.900001525878906,0.0
SMTC,2017-07-06,34.45000076293945,35.20000076293945,34.099998474121094,34.849998474121094,442200,34.849998474121094,0.0
SMTC,2017-07-07,35.099998474121094,36.099998474121094,35.0,36.0,392100,36.0,0.0
SMTC,2017-07-10,36.0,36.25,35.650001525878906,36.0,554600,36.0,0.0
SMTC,2017-07-11,35.79999923706055,36.650001525878906,35.79999923706055,36.54999923706055,515500,36.54999923706055,0.0
SMTC,2017-07-12,37.0,37.33000183105469,36.70000076293945,37.20000076293945,727100,37.20000076293945,0.0
SMTC,2017-07-13,37.150001525878906,37.599998474121094,37.0,37.5,409200,37.5,0.0
SMTC,2017-07-14,37.54999923706055,37.70000076293945,37.25,37.349998474121094,358300,37.349998474121094,0.0
SMTC,2017-07-17,37.349998474121094,37.5,36.95000076293945,37.150001525878906,436300,37.150001525878906,0.0
SMTC,2017-07-18,36.79999923706055,37.400001525878906,36.5,37.349998474121094,220300,37.349998474121094,0.0
SMTC,2017-07-19,37.599998474121094,38.95000076293945,37.54999923706055,38.900001525878906,508800,38.900001525878906,0.0
SMTC,2017-07-20,38.900001525878906,39.95000076293945,38.58000183105469,39.70000076293945,546500,39.70000076293945,0.0
SMTC,2017-07-21,39.75,40.25,38.7400016784668,39.75,547800,39.75,0.0
SMTC,2017-07-24,39.79999923706055,39.95000076293945,39.099998474121094,39.70000076293945,295400,39.70000076293945,0.0
SMTC,2017-07-25,39.650001525878906,40.54999923706055,39.13999938964844,40.20000076293945,454900,40.20000076293945,0.0
SMTC,2017-07-26,40.45000076293945,41.08000183105469,40.25,40.75,568700,40.75,0.0
SMTC,2017-07-27,41.099998474121094,41.150001525878906,39.849998474121094,40.400001525878906,795100,40.400001525878906,0.0
SMTC,2017-07-28,40.20000076293945,40.45000076293945,39.5,39.75,312200,39.75,0.0
SMTC,2017-07-31,39.79999923706055,40.0,39.45000076293945,39.599998474121094,355900,39.599998474121094,0.0
SMTC,2017-08-01,39.849998474121094,40.29999923706055,39.54999923706055,40.20000076293945,170700,40.20000076293945,0.0
SMTC,2017-08-02,40.400001525878906,40.400001525878906,38.150001525878906,38.25,654100,38.25,0.0
SMTC,2017-08-03,38.349998474121094,38.75,37.70000076293945,37.900001525878906,283500,37.900001525878906,0.0
SMTC,2017-08-04,37.900001525878906,38.599998474121094,37.599998474121094,38.400001525878906,350700,38.400001525878906,0.0
SMTC,2017-08-07,38.45000076293945,39.29999923706055,38.29999923706055,39.20000076293945,280600,39.20000076293945,0.0
SMTC,2017-08-08,39.25,39.5,38.45000076293945,38.54999923706055,810300,38.54999923706055,0.0
SMTC,2017-08-09,38.150001525878906,38.79999923706055,38.130001068115234,38.79999923706055,368000,38.79999923706055,0.0
SMTC,2017-08-10,38.5,38.599998474121094,37.650001525878906,37.75,388300,37.75,0.0
SMTC,2017-08-11,37.95000076293945,38.25,37.54999923706055,38.20000076293945,313000,38.20000076293945,0.0
SMTC,2017-08-14,38.70000076293945,39.0,38.150001525878906,38.349998474121094,510100,38.349998474121094,0.0
SMTC,2017-08-15,38.54999923706055,38.61000061035156,37.95000076293945,38.150001525878906,311000,38.150001525878906,0.0
SMTC,2017-08-16,38.20000076293945,38.25,37.5,37.70000076293945,662400,37.70000076293945,0.0
SMTC,2017-08-17,37.5,37.75,36.0,36.04999923706055,439400,36.04999923706055,0.0
SMTC,2017-08-18,35.900001525878906,36.400001525878906,35.79999923706055,35.79999923706055,363300,35.79999923706055,0.0
SMTC,2017-08-21,35.75,35.849998474121094,35.349998474121094,35.5,498200,35.5,0.0
SMTC,2017-08-22,35.75,37.29999923706055,35.75,37.25,525400,37.25,0.0
SMTC,2017-08-23,36.70000076293945,37.45000076293945,36.650001525878906,37.349998474121094,352600,37.349998474121094,0.0
SMTC,2017-08-24,37.650001525878906,38.54999923706055,37.29999923706055,38.099998474121094,647400,38.099998474121094,0.0
SMTC,2017-08-25,38.04999923706055,38.04999923706055,37.25,37.45000076293945,331700,37.45000076293945,0.0
SMTC,2017-08-28,37.54999923706055,37.66999816894531,37.0,37.20000076293945,441900,37.20000076293945,0.0
SMTC,2017-08-29,36.70000076293945,37.95000076293945,36.70000076293945,37.650001525878906,769200,37.650001525878906,0.0
SMTC,2017-08-30,37.900001525878906,39.150001525878906,37.70000076293945,39.04999923706055,806500,39.04999923706055,0.0
SMTC,2017-08-31,36.0,38.5,35.97999954223633,37.599998474121094,1803000,37.599998474121094,0.0
SMTC,2017-09-01,37.900001525878906,38.150001525878906,36.91999816894531,37.04999923706055,605100,37.04999923706055,0.0
SMTC,2017-09-05,36.70000076293945,37.79999923706055,35.95000076293945,36.29999923706055,601600,36.29999923706055,0.0
SMTC,2017-09-06,36.400001525878906,36.54999923706055,35.95000076293945,36.20000076293945,638100,36.20000076293945,0.0
SMTC,2017-09-07,36.400001525878906,36.459999084472656,35.97999954223633,36.20000076293945,424900,36.20000076293945,0.0
SMTC,2017-09-08,36.0,36.25,35.849998474121094,35.900001525878906,456400,35.900001525878906,0.0
SMTC,2017-09-11,36.099998474121094,36.54999923706055,36.0,36.29999923706055,336500,36.29999923706055,0.0
SMTC,2017-09-12,36.5,36.720001220703125,35.70000076293945,35.79999923706055,470100,35.79999923706055,0.0
SMTC,2017-09-13,35.79999923706055,36.04999923706055,35.54999923706055,35.70000076293945,357900,35.70000076293945,0.0
SMTC,2017-09-14,35.54999923706055,35.900001525878906,35.29999923706055,35.45000076293945,352300,35.45000076293945,0.0
SMTC,2017-09-15,35.5,35.849998474121094,35.349998474121094,35.75,761700,35.75,0.0
SMTC,2017-09-18,35.900001525878906,36.099998474121094,35.70000076293945,35.900001525878906,455200,35.900001525878906,0.0
SMTC,2017-09-19,36.0,36.20000076293945,35.099998474121094,35.20000076293945,575200,35.20000076293945,0.0
SMTC,2017-09-20,35.099998474121094,35.400001525878906,34.900001525878906,35.29999923706055,463300,35.29999923706055,0.0
SMTC,2017-09-21,35.20000076293945,35.529998779296875,35.0,35.04999923706055,376800,35.04999923706055,0.0
SMTC,2017-09-22,35.0,35.70000076293945,35.0,35.400001525878906,250900,35.400001525878906,0.0
SMTC,2017-09-25,35.150001525878906,35.75,34.810001373291016,35.650001525878906,463500,35.650001525878906,0.0
SMTC,2017-09-26,35.95000076293945,35.95000076293945,35.380001068115234,35.75,367500,35.75,0.0
SMTC,2017-09-27,36.04999923706055,37.25,36.0,36.849998474121094,427000,36.849998474121094,0.0
SMTC,2017-09-28,36.70000076293945,37.5,36.630001068115234,37.25,314100,37.25,0.0
SMTC,2017-09-29,37.400001525878906,37.650001525878906,37.04999923706055,37.54999923706055,308600,37.54999923706055,0.0
SMTC,2017-10-02,37.599998474121094,38.25,37.400001525878906,38.20000076293945,300600,38.20000076293945,0.0
SMTC,2017-10-03,38.20000076293945,38.45000076293945,37.310001373291016,38.29999923706055,362400,38.29999923706055,0.0
SMTC,2017-10-04,38.349998474121094,38.380001068115234,37.599998474121094,37.849998474121094,216800,37.849998474121094,0.0
SMTC,2017-10-05,38.04999923706055,38.29999923706055,37.45000076293945,37.5,394200,37.5,0.0
SMTC,2017-10-06,37.349998474121094,38.349998474121094,37.04999923706055,38.29999923706055,498600,38.29999923706055,0.0
SMTC,2017-10-09,38.29999923706055,38.599998474121094,38.150001525878906,38.5,297800,38.5,0.0
SMTC,2017-10-10,38.650001525878906,40.04999923706055,38.45000076293945,40.0,647000,40.0,0.0
SMTC,2017-10-11,39.70000076293945,40.650001525878906,39.150001525878906,40.150001525878906,701800,40.150001525878906,0.0
SMTC,2017-10-12,40.04999923706055,40.75,40.0,40.400001525878906,384200,40.400001525878906,0.0
SMTC,2017-10-13,40.349998474121094,40.400001525878906,38.29999923706055,39.45000076293945,463100,39.45000076293945,0.0
SMTC,2017-10-16,39.599998474121094,40.25,38.95000076293945,39.0,249800,39.0,0.0
SMTC,2017-10-17,38.849998474121094,39.20000076293945,38.599998474121094,39.04999923706055,439100,39.04999923706055,0.0
SMTC,2017-10-18,39.0,39.25,38.25,38.75,370400,38.75,0.0
SMTC,2017-10-19,38.70000076293945,38.70000076293945,37.650001525878906,38.349998474121094,236700,38.349998474121094,0.0
SMTC,2017-10-20,38.900001525878906,38.900001525878906,38.29999923706055,38.349998474121094,325100,38.349998474121094,0.0
SMTC,2017-10-23,38.349998474121094,38.45000076293945,37.75,38.29999923706055,307400,38.29999923706055,0.0
SMTC,2017-10-24,38.599998474121094,39.150001525878906,38.349998474121094,39.0,390700,39.0,0.0
SMTC,2017-10-25,38.849998474121094,39.349998474121094,38.04999923706055,39.04999923706055,342000,39.04999923706055,0.0
SMTC,2017-10-26,39.25,39.54999923706055,38.650001525878906,39.54999923706055,338700,39.54999923706055,0.0
SMTC,2017-10-27,39.70000076293945,40.599998474121094,39.349998474121094,40.349998474121094,360800,40.349998474121094,0.0
SMTC,2017-10-30,40.29999923706055,40.54999923706055,39.599998474121094,39.79999923706055,331700,39.79999923706055,0.0
SMTC,2017-10-31,40.0,41.400001525878906,39.95000076293945,41.04999923706055,446500,41.04999923706055,0.0
SMTC,2017-11-01,41.599998474121094,41.95000076293945,40.150001525878906,40.5,345600,40.5,0.0
SMTC,2017-11-02,40.45000076293945,40.72999954223633,39.54999923706055,39.599998474121094,236100,39.599998474121094,0.0
SMTC,2017-11-03,39.54999923706055,40.16999816894531,38.099998474121094,38.25,1061500,38.25,0.0
SMTC,2017-11-06,38.849998474121094,40.72999954223633,38.58000183105469,40.400001525878906,725700,40.400001525878906,0.0
SMTC,2017-11-07,40.45000076293945,40.66999816894531,39.900001525878906,39.95000076293945,369100,39.95000076293945,0.0
SMTC,2017-11-08,39.70000076293945,40.650001525878906,38.04999923706055,40.599998474121094,336800,40.599998474121094,0.0
SMTC,2017-11-09,40.150001525878906,40.29999923706055,37.95000076293945,39.099998474121094,549200,39.099998474121094,0.0
SMTC,2017-11-10,39.04999923706055,39.5,38.95000076293945,39.22999954223633,236100,39.22999954223633,0.0
SMTC,2017-11-13,38.68000030517578,39.04999923706055,38.5,38.70000076293945,308700,38.70000076293945,0.0
SMTC,2017-11-14,38.400001525878906,38.79999923706055,38.04999923706055,38.599998474121094,405600,38.599998474121094,0.0
SMTC,2017-11-15,38.099998474121094,38.099998474121094,37.150001525878906,37.900001525878906,519000,37.900001525878906,0.0
SMTC,2017-11-16,38.099998474121094,39.29999923706055,38.04999923706055,39.0,388800,39.0,0.0
SMTC,2017-11-17,38.849998474121094,39.400001525878906,38.650001525878906,38.650001525878906,297600,38.650001525878906,0.0
SMTC,2017-11-20,38.849998474121094,39.29999923706055,36.849998474121094,39.0,617700,39.0,0.0
SMTC,2017-11-21,39.5,40.5,39.380001068115234,40.5,522300,40.5,0.0
SMTC,2017-11-22,40.5,40.599998474121094,39.650001525878906,40.04999923706055,301400,40.04999923706055,0.0
SMTC,2017-11-24,40.04999923706055,40.650001525878906,39.599998474121094,40.650001525878906,145400,40.650001525878906,0.0
SMTC,2017-11-27,40.29999923706055,40.29999923706055,38.349998474121094,38.79999923706055,475700,38.79999923706055,0.0
SMTC,2017-11-28,39.150001525878906,39.22999954223633,38.5,38.75,375100,38.75,0.0
SMTC,2017-11-29,38.75,38.75,35.95000076293945,36.54999923706055,1485100,36.54999923706055,0.0
SMTC,2017-11-30,34.29999923706055,36.29999923706055,33.29999923706055,34.04999923706055,2771300,34.04999923706055,0.0
SMTC,2017-12-01,33.900001525878906,34.2400016784668,32.95000076293945,34.04999923706055,1062900,34.04999923706055,0.0
SMTC,2017-12-04,34.599998474121094,34.779998779296875,33.400001525878906,33.79999923706055,891500,33.79999923706055,0.0
SMTC,2017-12-05,33.599998474121094,34.150001525878906,33.20000076293945,33.5,677200,33.5,0.0
SMTC,2017-12-06,33.20000076293945,33.70000076293945,32.400001525878906,32.5,622500,32.5,0.0
SMTC,2017-12-07,32.54999923706055,33.70000076293945,32.54999923706055,33.54999923706055,657200,33.54999923706055,0.0
SMTC,2017-12-08,33.79999923706055,34.45000076293945,33.70000076293945,34.0,610700,34.0,0.0
SMTC,2017-12-11,34.099998474121094,34.400001525878906,33.099998474121094,33.45000076293945,606800,33.45000076293945,0.0
SMTC,2017-12-12,33.79999923706055,34.650001525878906,33.58000183105469,34.400001525878906,602500,34.400001525878906,0.0
SMTC,2017-12-13,34.54999923706055,34.790000915527344,34.150001525878906,34.5,711900,34.5,0.0
SMTC,2017-12-14,34.5,34.900001525878906,34.20000076293945,34.20000076293945,680300,34.20000076293945,0.0
SMTC,2017-12-15,34.04999923706055,34.83000183105469,33.849998474121094,34.400001525878906,932300,34.400001525878906,0.0
SMTC,2017-12-18,34.599998474121094,35.54999923706055,34.5,35.25,530300,35.25,0.0
SMTC,2017-12-19,35.150001525878906,35.54999923706055,33.70000076293945,33.75,846200,33.75,0.0
SMTC,2017-12-20,34.099998474121094,34.29999923706055,33.45000076293945,34.20000076293945,409600,34.20000076293945,0.0
SMTC,2017-12-21,34.349998474121094,34.349998474121094,33.599998474121094,33.650001525878906,327300,33.650001525878906,0.0
SMTC,2017-12-22,33.79999923706055,34.04999923706055,33.54999923706055,34.0,339700,34.0,0.0
SMTC,2017-12-26,33.599998474121094,34.599998474121094,33.29999923706055,34.400001525878906,430900,34.400001525878906,0.0
SMTC,2017-12-27,34.349998474121094,34.45000076293945,33.650001525878906,34.099998474121094,378000,34.099998474121094,0.0
SMTC,2017-12-28,34.150001525878906,34.54999923706055,34.04999923706055,34.45000076293945,263400,34.45000076293945,0.0
SMTC,2017-12-29,34.5,34.70000076293945,34.150001525878906,34.20000076293945,331500,34.20000076293945,0.0
SMTC,2018-01-02,34.45000076293945,34.97999954223633,34.20000076293945,34.79999923706055,353100,34.79999923706055,0.0
SMTC,2018-01-03,34.95000076293945,35.45000076293945,34.45000076293945,35.29999923706055,249900,35.29999923706055,0.0
SMTC,2018-01-04,35.599998474121094,36.0,35.0,35.75,375500,35.75,0.0
SMTC,2018-01-05,36.04999923706055,36.5,35.599998474121094,35.599998474121094,509100,35.599998474121094,0.0
SMTC,2018-01-08,35.5,36.04999923706055,35.20000076293945,35.79999923706055,582600,35.79999923706055,0.0
SMTC,2018-01-09,35.79999923706055,36.650001525878906,35.75,36.5,542800,36.5,0.0
SMTC,2018-01-10,36.150001525878906,36.599998474121094,35.400001525878906,36.54999923706055,717700,36.54999923706055,0.0
SMTC,2018-01-11,36.599998474121094,37.45000076293945,36.45000076293945,37.29999923706055,625800,37.29999923706055,0.0
SMTC,2018-01-12,37.400001525878906,39.150001525878906,37.0,38.79999923706055,911100,38.79999923706055,0.0
SMTC,2018-01-16,39.0,39.400001525878906,38.25,38.25,754100,38.25,0.0
SMTC,2018-01-17,38.650001525878906,38.900001525878906,37.650001525878906,37.95000076293945,702300,37.95000076293945,0.0
SMTC,2018-01-18,37.95000076293945,38.29999923706055,37.849998474121094,38.0,885800,38.0,0.0
SMTC,2018-01-19,38.04999923706055,38.150001525878906,37.45000076293945,37.849998474121094,494100,37.849998474121094,0.0
SMTC,2018-01-22,37.900001525878906,38.099998474121094,37.29999923706055,37.95000076293945,391000,37.95000076293945,0.0
SMTC,2018-01-23,37.95000076293945,38.0,36.27000045776367,37.79999923706055,347100,37.79999923706055,0.0
SMTC,2018-01-24,37.599998474121094,38.45000076293945,36.099998474121094,37.25,475100,37.25,0.0
SMTC,2018-01-25,37.70000076293945,37.79999923706055,36.130001068115234,36.25,321500,36.25,0.0
SMTC,2018-01-26,36.75,36.849998474121094,36.08000183105469,36.45000076293945,587400,36.45000076293945,0.0
SMTC,2018-01-29,36.400001525878906,36.900001525878906,36.22999954223633,36.650001525878906,504300,36.650001525878906,0.0
SMTC,2018-01-30,36.0,36.70000076293945,35.900001525878906,36.099998474121094,344500,36.099998474121094,0.0
SMTC,2018-01-31,36.5,36.75,35.54999923706055,35.79999923706055,410900,35.79999923706055,0.0
SMTC,2018-02-01,35.650001525878906,36.25,35.47999954223633,35.650001525878906,338000,35.650001525878906,0.0
SMTC,2018-02-02,35.20000076293945,35.75,34.59000015258789,35.400001525878906,518800,35.400001525878906,0.0
SMTC,2018-02-05,35.099998474121094,35.849998474121094,34.25,34.349998474121094,779400,34.349998474121094,0.0
SMTC,2018-02-06,33.599998474121094,35.0,33.0,34.70000076293945,949700,34.70000076293945,0.0
SMTC,2018-02-07,34.5,34.599998474121094,33.650001525878906,33.849998474121094,905600,33.849998474121094,0.0
SMTC,2018-02-08,33.79999923706055,33.900001525878906,32.04999923706055,32.099998474121094,1019500,32.099998474121094,0.0
SMTC,2018-02-09,32.599998474121094,33.130001068115234,31.299999237060547,32.79999923706055,1027000,32.79999923706055,0.0
SMTC,2018-02-12,32.95000076293945,33.20000076293945,31.979999542236328,32.5,628700,32.5,0.0
SMTC,2018-02-13,32.25,33.150001525878906,32.25,32.5,534800,32.5,0.0
SMTC,2018-02-14,32.29999923706055,33.04999923706055,32.29999923706055,32.849998474121094,777400,32.849998474121094,0.0
SMTC,2018-02-15,33.0,33.54999923706055,32.400001525878906,33.5,611200,33.5,0.0
SMTC,2018-02-16,33.349998474121094,33.650001525878906,32.79999923706055,32.849998474121094,569600,32.849998474121094,0.0
SMTC,2018-02-20,32.70000076293945,34.70000076293945,32.349998474121094,33.79999923706055,885400,33.79999923706055,0.0
SMTC,2018-02-21,34.04999923706055,34.54999923706055,33.45000076293945,33.54999923706055,482600,33.54999923706055,0.0
SMTC,2018-02-22,33.599998474121094,33.849998474121094,33.349998474121094,33.54999923706055,296200,33.54999923706055,0.0
SMTC,2018-02-23,33.75,34.099998474121094,33.20000076293945,34.04999923706055,265000,34.04999923706055,0.0
SMTC,2018-02-26,34.099998474121094,34.880001068115234,34.04999923706055,34.79999923706055,266400,34.79999923706055,0.0
SMTC,2018-02-27,34.79999923706055,35.349998474121094,34.400001525878906,34.45000076293945,271000,34.45000076293945,0.0
SMTC,2018-02-28,34.70000076293945,34.70000076293945,33.599998474121094,33.650001525878906,469700,33.650001525878906,0.0
SMTC,2018-03-01,33.599998474121094,33.75,32.650001525878906,32.79999923706055,618100,32.79999923706055,0.0
SMTC,2018-03-02,32.54999923706055,35.45000076293945,32.349998474121094,33.54999923706055,354500,33.54999923706055,0.0
SMTC,2018-03-05,33.45000076293945,34.25,33.400001525878906,34.04999923706055,385200,34.04999923706055,0.0
SMTC,2018-03-06,34.349998474121094,34.79999923706055,33.95000076293945,34.75,377600,34.75,0.0
SMTC,2018-03-07,34.349998474121094,35.0,34.04999923706055,34.29999923706055,549200,34.29999923706055,0.0
SMTC,2018-03-08,34.349998474121094,34.95000076293945,34.099998474121094,34.900001525878906,545400,34.900001525878906,0.0
SMTC,2018-03-09,35.150001525878906,35.400001525878906,34.45000076293945,34.599998474121094,630000,34.599998474121094,0.0
SMTC,2018-03-12,34.70000076293945,35.849998474121094,34.70000076293945,35.0,764600,35.0,0.0
SMTC,2018-03-13,34.70000076293945,35.849998474121094,34.70000076293945,34.95000076293945,472400,34.95000076293945,0.0
SMTC,2018-03-14,35.150001525878906,35.29999923706055,34.650001525878906,34.900001525878906,1394500,34.900001525878906,0.0
SMTC,2018-03-15,38.54999923706055,40.75,37.70000076293945,38.70000076293945,3339300,38.70000076293945,0.0
SMTC,2018-03-16,38.79999923706055,41.04999923706055,38.400001525878906,40.95000076293945,1731200,40.95000076293945,0.0
SMTC,2018-03-19,40.599998474121094,40.849998474121094,39.150001525878906,39.70000076293945,1301200,39.70000076293945,0.0
SMTC,2018-03-20,39.849998474121094,41.630001068115234,39.849998474121094,41.400001525878906,853100,41.400001525878906,0.0
SMTC,2018-03-21,41.20000076293945,41.79999923706055,41.0,41.099998474121094,549300,41.099998474121094,0.0
SMTC,2018-03-22,40.5,41.79999923706055,40.45000076293945,40.75,798700,40.75,0.0
SMTC,2018-03-23,40.75,40.95000076293945,39.25,39.29999923706055,615600,39.29999923706055,0.0
SMTC,2018-03-26,39.95000076293945,40.650001525878906,39.400001525878906,40.54999923706055,611800,40.54999923706055,0.0
SMTC,2018-03-27,40.849998474121094,41.349998474121094,39.349998474121094,39.5,572800,39.5,0.0
SMTC,2018-03-28,39.5,39.75,38.400001525878906,38.599998474121094,538000,38.599998474121094,0.0
SMTC,2018-03-29,38.900001525878906,39.400001525878906,38.29999923706055,39.04999923706055,527400,39.04999923706055,0.0
SMTC,2018-04-02,38.04999923706055,39.06999969482422,37.599998474121094,37.849998474121094,652800,37.849998474121094,0.0
SMTC,2018-04-03,38.20000076293945,38.599998474121094,37.79999923706055,38.349998474121094,692300,38.349998474121094,0.0
SMTC,2018-04-04,38.29999923706055,40.349998474121094,38.20000076293945,40.0,978000,40.0,0.0
SMTC,2018-04-05,40.20000076293945,41.029998779296875,39.95000076293945,40.97999954223633,1105600,40.97999954223633,0.0
SMTC,2018-04-06,40.650001525878906,41.20000076293945,40.25,40.900001525878906,1494800,40.900001525878906,0.0
SMTC,2018-04-09,41.29999923706055,41.349998474121094,40.5,40.650001525878906,1003900,40.650001525878906,0.0
SMTC,2018-04-10,41.5,43.349998474121094,41.150001525878906,42.79999923706055,1219600,42.79999923706055,0.0
SMTC,2018-04-11,42.099998474121094,43.79999923706055,42.04999923706055,43.650001525878906,861000,43.650001525878906,0.0
SMTC,2018-04-12,44.349998474121094,44.849998474121094,43.599998474121094,44.099998474121094,2347800,44.099998474121094,0.0
SMTC,2018-04-13,44.400001525878906,44.400001525878906,43.130001068115234,43.25,713700,43.25,0.0
SMTC,2018-04-16,43.5,43.5,42.25,43.29999923706055,520800,43.29999923706055,0.0
SMTC,2018-04-17,43.54999923706055,44.400001525878906,43.45000076293945,43.95000076293945,482400,43.95000076293945,0.0
SMTC,2018-04-18,43.849998474121094,44.54999923706055,43.45000076293945,43.75,586400,43.75,0.0
SMTC,2018-04-19,43.45000076293945,43.70000076293945,42.70000076293945,42.79999923706055,590300,42.79999923706055,0.0
SMTC,2018-04-20,42.650001525878906,43.20000076293945,42.099998474121094,42.75,361400,42.75,0.0
SMTC,2018-04-23,42.900001525878906,43.150001525878906,41.95000076293945,42.150001525878906,292400,42.150001525878906,0.0
SMTC,2018-04-24,42.5,43.04999923706055,41.349998474121094,41.54999923706055,703500,41.54999923706055,0.0
SMTC,2018-04-25,41.70000076293945,41.900001525878906,40.47999954223633,40.650001525878906,566500,40.650001525878906,0.0
SMTC,2018-04-26,41.04999923706055,41.29999923706055,40.47999954223633,40.75,643400,40.75,0.0
SMTC,2018-04-27,40.900001525878906,41.099998474121094,39.650001525878906,39.95000076293945,500900,39.95000076293945,0.0
SMTC,2018-04-30,40.20000076293945,40.2599983215332,38.95000076293945,39.29999923706055,510700,39.29999923706055,0.0
SMTC,2018-05-01,39.29999923706055,40.599998474121094,39.099998474121094,40.349998474121094,412800,40.349998474121094,0.0
SMTC,2018-05-02,40.29999923706055,40.599998474121094,39.72999954223633,40.25,299600,40.25,0.0
SMTC,2018-05-03,39.900001525878906,40.75,39.45000076293945,40.54999923706055,544000,40.54999923706055,0.0
SMTC,2018-05-04,40.45000076293945,41.650001525878906,40.150001525878906,41.5,208000,41.5,0.0
SMTC,2018-05-07,41.650001525878906,42.150001525878906,41.45000076293945,41.70000076293945,275600,41.70000076293945,0.0
SMTC,2018-05-08,41.54999923706055,42.20000076293945,41.54999923706055,42.20000076293945,250600,42.20000076293945,0.0
SMTC,2018-05-09,43.150001525878906,44.099998474121094,43.0,43.5,460600,43.5,0.0
SMTC,2018-05-10,43.599998474121094,43.75,43.099998474121094,43.400001525878906,284700,43.400001525878906,0.0
SMTC,2018-05-11,43.349998474121094,43.400001525878906,42.650001525878906,42.900001525878906,329900,42.900001525878906,0.0
SMTC,2018-05-14,43.25,44.099998474121094,43.20000076293945,43.400001525878906,523800,43.400001525878906,0.0
SMTC,2018-05-15,43.29999923706055,43.599998474121094,41.709999084472656,42.95000076293945,270700,42.95000076293945,0.0
SMTC,2018-05-16,43.0,44.04999923706055,42.79999923706055,43.849998474121094,503900,43.849998474121094,0.0
SMTC,2018-05-17,43.54999923706055,44.5,43.400001525878906,43.900001525878906,253900,43.900001525878906,0.0
SMTC,2018-05-18,43.95000076293945,43.95000076293945,43.400001525878906,43.45000076293945,316600,43.45000076293945,0.0
SMTC,2018-05-21,43.95000076293945,44.45000076293945,43.20000076293945,43.75,334500,43.75,0.0
SMTC,2018-05-22,44.04999923706055,44.529998779296875,43.5,43.54999923706055,213700,43.54999923706055,0.0
SMTC,2018-05-23,43.25,43.900001525878906,43.150001525878906,43.75,252400,43.75,0.0
SMTC,2018-05-24,43.95000076293945,44.20000076293945,43.45000076293945,43.900001525878906,318500,43.900001525878906,0.0
SMTC,2018-05-25,44.04999923706055,45.45000076293945,43.95000076293945,45.150001525878906,542700,45.150001525878906,0.0
SMTC,2018-05-29,44.900001525878906,45.5,44.400001525878906,44.79999923706055,474900,44.79999923706055,0.0
SMTC,2018-05-30,45.0,45.400001525878906,44.540000915527344,45.29999923706055,967700,45.29999923706055,0.0
SMTC,2018-05-31,45.5,49.099998474121094,45.20000076293945,48.400001525878906,1465600,48.400001525878906,0.0
SMTC,2018-06-01,49.04999923706055,49.45000076293945,48.06999969482422,49.349998474121094,518900,49.349998474121094,0.0
SMTC,2018-06-04,49.349998474121094,49.720001220703125,48.900001525878906,49.5,464200,49.5,0.0
SMTC,2018-06-05,49.599998474121094,50.25,49.18000030517578,50.0,524300,50.0,0.0
SMTC,2018-06-06,50.099998474121094,51.349998474121094,50.0,51.25,505300,51.25,0.0
SMTC,2018-06-07,51.04999923706055,51.400001525878906,49.779998779296875,50.099998474121094,428000,50.099998474121094,0.0
SMTC,2018-06-08,49.70000076293945,50.130001068115234,49.400001525878906,49.79999923706055,456600,49.79999923706055,0.0
SMTC,2018-06-11,49.95000076293945,50.349998474121094,49.70000076293945,50.099998474121094,307100,50.099998474121094,0.0
SMTC,2018-06-12,50.0,50.849998474121094,49.75,50.5,252300,50.5,0.0
SMTC,2018-06-13,50.650001525878906,50.79999923706055,49.849998474121094,49.95000076293945,354700,49.95000076293945,0.0
SMTC,2018-06-14,50.150001525878906,51.150001525878906,50.04999923706055,50.5,474500,50.5,0.0
SMTC,2018-06-15,50.150001525878906,50.900001525878906,50.150001525878906,50.70000076293945,452700,50.70000076293945,0.0
SMTC,2018-06-18,50.29999923706055,50.83000183105469,49.70000076293945,50.79999923706055,271200,50.79999923706055,0.0
SMTC,2018-06-19,49.95000076293945,50.20000076293945,48.400001525878906,49.95000076293945,591300,49.95000076293945,0.0
SMTC,2018-06-20,50.20000076293945,50.54999923706055,49.75,50.099998474121094,359500,50.099998474121094,0.0
SMTC,2018-06-21,51.0,51.849998474121094,50.5,51.20000076293945,1007400,51.20000076293945,0.0
SMTC,2018-06-22,51.900001525878906,51.900001525878906,49.650001525878906,49.75,541400,49.75,0.0
SMTC,2018-06-25,49.150001525878906,49.31999969482422,47.75,48.599998474121094,570100,48.599998474121094,0.0
SMTC,2018-06-26,48.54999923706055,49.70000076293945,48.04999923706055,49.400001525878906,696100,49.400001525878906,0.0
SMTC,2018-06-27,49.400001525878906,49.650001525878906,47.099998474121094,47.20000076293945,543500,47.20000076293945,0.0
SMTC,2018-06-28,47.04999923706055,47.5,46.400001525878906,47.04999923706055,394000,47.04999923706055,0.0
SMTC,2018-06-29,47.349998474121094,47.849998474121094,46.599998474121094,47.04999923706055,935400,47.04999923706055,0.0
SMTC,2018-07-02,46.79999923706055,48.150001525878906,46.54999923706055,48.150001525878906,369100,48.150001525878906,0.0
SMTC,2018-07-03,48.20000076293945,48.54999923706055,47.650001525878906,47.79999923706055,259000,47.79999923706055,0.0
SMTC,2018-07-05,48.20000076293945,48.95000076293945,48.099998474121094,48.75,457600,48.75,0.0
SMTC,2018-07-06,48.70000076293945,49.20000076293945,48.45000076293945,49.04999923706055,222200,49.04999923706055,0.0
SMTC,2018-07-09,49.20000076293945,49.849998474121094,48.5,48.54999923706055,259000,48.54999923706055,0.0
SMTC,2018-07-10,48.75,49.5,48.400001525878906,49.5,264700,49.5,0.0
SMTC,2018-07-11,49.150001525878906,49.29999923706055,48.5,48.849998474121094,462900,48.849998474121094,0.0
SMTC,2018-07-12,49.04999923706055,50.0,48.5,49.95000076293945,408700,49.95000076293945,0.0
SMTC,2018-07-13,49.900001525878906,50.54999923706055,49.5,50.150001525878906,540900,50.150001525878906,0.0
SMTC,2018-07-16,50.099998474121094,50.45000076293945,49.75,49.79999923706055,173000,49.79999923706055,0.0
SMTC,2018-07-17,49.599998474121094,50.849998474121094,49.599998474121094,50.650001525878906,240800,50.650001525878906,0.0
SMTC,2018-07-18,50.70000076293945,51.22999954223633,50.29999923706055,50.75,247700,50.75,0.0
SMTC,2018-07-19,50.75,50.95000076293945,50.29999923706055,50.79999923706055,232600,50.79999923706055,0.0
SMTC,2018-07-20,51.04999923706055,51.54999923706055,50.54999923706055,51.0,222700,51.0,0.0
SMTC,2018-07-23,50.75,50.95000076293945,50.0,50.849998474121094,247500,50.849998474121094,0.0
SMTC,2018-07-24,51.0,51.29999923706055,49.099998474121094,49.349998474121094,398900,49.349998474121094,0.0
SMTC,2018-07-25,49.20000076293945,49.45000076293945,48.04999923706055,48.79999923706055,319200,48.79999923706055,0.0
SMTC,2018-07-26,48.849998474121094,50.25,48.75,50.04999923706055,341000,50.04999923706055,0.0
SMTC,2018-07-27,50.04999923706055,50.25,48.25,48.75,275000,48.75,0.0
SMTC,2018-07-30,48.650001525878906,49.029998779296875,46.79999923706055,47.29999923706055,337100,47.29999923706055,0.0
SMTC,2018-07-31,47.599998474121094,48.34000015258789,47.0,47.45000076293945,373800,47.45000076293945,0.0
SMTC,2018-08-01,47.400001525878906,47.95000076293945,47.04999923706055,47.79999923706055,238900,47.79999923706055,0.0
SMTC,2018-08-02,47.29999923706055,48.70000076293945,46.5,48.650001525878906,211400,48.650001525878906,0.0
SMTC,2018-08-03,48.70000076293945,48.70000076293945,47.5,47.79999923706055,202100,47.79999923706055,0.0
SMTC,2018-08-06,47.900001525878906,49.08000183105469,47.400001525878906,48.849998474121094,253300,48.849998474121094,0.0
SMTC,2018-08-07,49.0,50.45000076293945,48.75,50.25,233500,50.25,0.0
SMTC,2018-08-08,50.150001525878906,51.95000076293945,49.849998474121094,51.45000076293945,368900,51.45000076293945,0.0
SMTC,2018-08-09,51.45000076293945,51.75,50.95000076293945,51.349998474121094,186700,51.349998474121094,0.0
SMTC,2018-08-10,50.650001525878906,51.0,49.849998474121094,49.900001525878906,313100,49.900001525878906,0.0
SMTC,2018-08-13,50.0,50.54999923706055,49.099998474121094,49.150001525878906,350500,49.150001525878906,0.0
SMTC,2018-08-14,49.400001525878906,49.459999084472656,48.779998779296875,48.849998474121094,239400,48.849998474121094,0.0
SMTC,2018-08-15,48.70000076293945,49.29999923706055,47.54999923706055,48.5,509000,48.5,0.0
SMTC,2018-08-16,48.75,49.349998474121094,48.45000076293945,48.70000076293945,295900,48.70000076293945,0.0
SMTC,2018-08-17,48.349998474121094,48.79999923706055,47.75,48.54999923706055,319800,48.54999923706055,0.0
SMTC,2018-08-20,48.54999923706055,48.880001068115234,47.849998474121094,48.5,214100,48.5,0.0
SMTC,2018-08-21,48.75,50.54999923706055,48.75,50.45000076293945,658300,50.45000076293945,0.0
SMTC,2018-08-22,50.20000076293945,50.95000076293945,49.75,50.70000076293945,281700,50.70000076293945,0.0
SMTC,2018-08-23,50.349998474121094,51.20000076293945,49.900001525878906,49.95000076293945,343200,49.95000076293945,0.0
SMTC,2018-08-24,50.29999923706055,51.20000076293945,50.25,50.45000076293945,429300,50.45000076293945,0.0
SMTC,2018-08-27,51.25,51.29999923706055,49.849998474121094,50.25,552100,50.25,0.0
SMTC,2018-08-28,50.29999923706055,50.630001068115234,49.54999923706055,49.900001525878906,365100,49.900001525878906,0.0
SMTC,2018-08-29,50.0,50.29999923706055,49.400001525878906,49.900001525878906,663900,49.900001525878906,0.0
SMTC,2018-08-30,52.70000076293945,58.0,52.0,56.849998474121094,4041800,56.849998474121094,0.0
SMTC,2018-08-31,56.900001525878906,60.04999923706055,56.900001525878906,59.75,1303800,59.75,0.0
SMTC,2018-09-04,57.150001525878906,59.849998474121094,56.099998474121094,59.75,1151800,59.75,0.0
SMTC,2018-09-05,59.5,59.70000076293945,57.900001525878906,58.650001525878906,651100,58.650001525878906,0.0
SMTC,2018-09-06,58.599998474121094,58.75,57.650001525878906,57.70000076293945,507100,57.70000076293945,0.0
SMTC,2018-09-07,57.900001525878906,58.650001525878906,56.45000076293945,56.75,439300,56.75,0.0
SMTC,2018-09-10,57.5,57.869998931884766,56.5,57.70000076293945,464100,57.70000076293945,0.0
SMTC,2018-09-11,57.650001525878906,58.70000076293945,57.130001068115234,58.5,346600,58.5,0.0
SMTC,2018-09-12,57.70000076293945,58.95000076293945,57.04999923706055,58.849998474121094,536400,58.849998474121094,0.0
SMTC,2018-09-13,58.95000076293945,59.650001525878906,58.25,58.5,387500,58.5,0.0
SMTC,2018-09-14,58.5,59.599998474121094,58.5,59.5,435500,59.5,0.0
SMTC,2018-09-17,59.29999923706055,59.95000076293945,58.95000076293945,59.45000076293945,798500,59.45000076293945,0.0
SMTC,2018-09-18,59.5,60.0,59.099998474121094,59.95000076293945,563800,59.95000076293945,0.0
SMTC,2018-09-19,59.900001525878906,60.54999923706055,59.650001525878906,59.79999923706055,601800,59.79999923706055,0.0
SMTC,2018-09-20,60.04999923706055,60.25,58.849998474121094,58.900001525878906,364800,58.900001525878906,0.0
SMTC,2018-09-21,58.849998474121094,59.150001525878906,57.04999923706055,57.29999923706055,948400,57.29999923706055,0.0
SMTC,2018-09-24,57.20000076293945,57.900001525878906,56.45000076293945,56.900001525878906,486300,56.900001525878906,0.0
SMTC,2018-09-25,57.0,57.380001068115234,56.0,56.45000076293945,528000,56.45000076293945,0.0
SMTC,2018-09-26,56.5,58.650001525878906,55.20000076293945,55.5,398100,55.5,0.0
SMTC,2018-09-27,55.5,56.0,55.349998474121094,55.5,324700,55.5,0.0
SMTC,2018-09-28,55.5,56.0,54.95000076293945,55.599998474121094,397800,55.599998474121094,0.0
SMTC,2018-10-01,55.7599983215332,56.38999938964844,54.52000045776367,54.70000076293945,421600,54.70000076293945,0.0
SMTC,2018-10-02,54.54999923706055,55.77000045776367,54.349998474121094,54.5,295900,54.5,0.0
SMTC,2018-10-03,54.599998474121094,54.81999969482422,53.79999923706055,54.689998626708984,559600,54.689998626708984,0.0
SMTC,2018-10-04,54.2400016784668,54.65999984741211,53.400001525878906,54.11000061035156,474900,54.11000061035156,0.0
SMTC,2018-10-05,54.09000015258789,54.45000076293945,51.709999084472656,52.2400016784668,523000,52.2400016784668,0.0
SMTC,2018-10-08,51.95000076293945,52.38999938964844,50.90999984741211,51.630001068115234,501400,51.630001068115234,0.0
SMTC,2018-10-09,51.619998931884766,52.45000076293945,50.45000076293945,50.7599983215332,641700,50.7599983215332,0.0
SMTC,2018-10-10,50.2599983215332,50.459999084472656,49.290000915527344,49.40999984741211,538200,49.40999984741211,0.0
SMTC,2018-10-11,48.83000183105469,50.400001525878906,48.029998779296875,49.0099983215332,539400,49.0099983215332,0.0
SMTC,2018-10-12,50.02000045776367,50.810001373291016,48.88999938964844,49.5,462700,49.5,0.0
SMTC,2018-10-15,49.5099983215332,50.04999923706055,48.630001068115234,49.470001220703125,319900,49.470001220703125,0.0
SMTC,2018-10-16,49.91999816894531,51.4900016784668,49.779998779296875,51.369998931884766,381600,51.369998931884766,0.0
SMTC,2018-10-17,51.560001373291016,51.720001220703125,50.2599983215332,50.849998474121094,331000,50.849998474121094,0.0
SMTC,2018-10-18,50.34000015258789,50.459999084472656,49.099998474121094,49.65999984741211,388300,49.65999984741211,0.0
SMTC,2018-10-19,49.61000061035156,50.130001068115234,48.439998626708984,48.599998474121094,265300,48.599998474121094,0.0
SMTC,2018-10-22,48.90999984741211,49.15999984741211,48.34000015258789,48.72999954223633,298800,48.72999954223633,0.0
SMTC,2018-10-23,47.77000045776367,48.439998626708984,47.06999969482422,48.060001373291016,411800,48.060001373291016,0.0
SMTC,2018-10-24,47.099998474121094,47.5099983215332,42.90999984741211,42.91999816894531,999400,42.91999816894531,0.0
SMTC,2018-10-25,43.11000061035156,44.54999923706055,41.900001525878906,44.130001068115234,502600,44.130001068115234,0.0
SMTC,2018-10-26,43.33000183105469,44.56999969482422,42.0,43.93000030517578,398800,43.93000030517578,0.0
SMTC,2018-10-29,44.369998931884766,45.099998474121094,42.45000076293945,43.119998931884766,280300,43.119998931884766,0.0
SMTC,2018-10-30,43.08000183105469,44.27000045776367,42.880001068115234,44.0,340900,44.0,0.0
SMTC,2018-10-31,44.70000076293945,45.65999984741211,43.81999969482422,44.939998626708984,644700,44.939998626708984,0.0
SMTC,2018-11-01,45.150001525878906,47.2400016784668,43.61000061035156,47.02000045776367,612000,47.02000045776367,0.0
SMTC,2018-11-02,47.150001525878906,47.599998474121094,46.56999969482422,47.380001068115234,338600,47.380001068115234,0.0
SMTC,2018-11-05,47.68000030517578,47.7400016784668,46.08000183105469,47.20000076293945,414600,47.20000076293945,0.0
SMTC,2018-11-06,47.0099983215332,48.83000183105469,46.66999816894531,48.52000045776367,417700,48.52000045776367,0.0
SMTC,2018-11-07,48.68000030517578,49.650001525878906,48.29999923706055,48.77000045776367,436000,48.77000045776367,0.0
SMTC,2018-11-08,48.5,49.119998931884766,48.029998779296875,48.58000183105469,222700,48.58000183105469,0.0
SMTC,2018-11-09,48.08000183105469,48.400001525878906,46.45000076293945,46.72999954223633,381200,46.72999954223633,0.0
SMTC,2018-11-12,46.20000076293945,46.290000915527344,44.40999984741211,44.68000030517578,434600,44.68000030517578,0.0
SMTC,2018-11-13,44.880001068115234,46.29999923706055,44.720001220703125,45.5099983215332,507100,45.5099983215332,0.0
SMTC,2018-11-14,45.97999954223633,47.2599983215332,45.2400016784668,46.88999938964844,369600,46.88999938964844,0.0
SMTC,2018-11-15,46.650001525878906,49.040000915527344,46.650001525878906,48.779998779296875,324800,48.779998779296875,0.0
SMTC,2018-11-16,47.84000015258789,48.279998779296875,45.95000076293945,46.97999954223633,858700,46.97999954223633,0.0
SMTC,2018-11-19,46.75,47.41999816894531,43.75,43.900001525878906,621000,43.900001525878906,0.0
SMTC,2018-11-20,43.20000076293945,44.5,42.59000015258789,44.27000045776367,593200,44.27000045776367,0.0
SMTC,2018-11-21,44.84000015258789,45.900001525878906,44.38999938964844,45.439998626708984,356000,45.439998626708984,0.0
SMTC,2018-11-23,44.95000076293945,45.529998779296875,44.68000030517578,44.689998626708984,146600,44.689998626708984,0.0
SMTC,2018-11-26,45.209999084472656,46.220001220703125,44.150001525878906,46.08000183105469,502300,46.08000183105469,0.0
SMTC,2018-11-27,46.060001373291016,46.529998779296875,45.2599983215332,45.900001525878906,365100,45.900001525878906,0.0
SMTC,2018-11-28,47.0,48.310001373291016,45.720001220703125,48.13999938964844,859800,48.13999938964844,0.0
SMTC,2018-11-29,48.75,52.9900016784668,48.75,51.810001373291016,1392600,51.810001373291016,0.0
SMTC,2018-11-30,51.5099983215332,53.66999816894531,50.310001373291016,53.34000015258789,586700,53.34000015258789,0.0
SMTC,2018-12-03,54.20000076293945,54.20000076293945,52.09000015258789,52.13999938964844,717800,52.13999938964844,0.0
SMTC,2018-12-04,51.81999969482422,52.40999984741211,49.939998626708984,50.040000915527344,634000,50.040000915527344,0.0
SMTC,2018-12-06,48.97999954223633,50.7400016784668,48.47999954223633,50.54999923706055,774100,50.54999923706055,0.0
SMTC,2018-12-07,50.5,50.779998779296875,46.52000045776367,46.77000045776367,742800,46.77000045776367,0.0
SMTC,2018-12-10,46.900001525878906,47.709999084472656,46.470001220703125,46.810001373291016,819400,46.810001373291016,0.0
SMTC,2018-12-11,47.70000076293945,49.72999954223633,47.34000015258789,47.599998474121094,460500,47.599998474121094,0.0
SMTC,2018-12-12,48.58000183105469,49.02000045776367,47.4900016784668,48.220001220703125,492700,48.220001220703125,0.0
SMTC,2018-12-13,48.369998931884766,48.72999954223633,47.40999984741211,47.470001220703125,327400,47.470001220703125,0.0
SMTC,2018-12-14,46.83000183105469,48.189998626708984,46.75,46.81999969482422,336700,46.81999969482422,0.0
SMTC,2018-12-17,46.709999084472656,47.150001525878906,45.04999923706055,45.34000015258789,513200,45.34000015258789,0.0
SMTC,2018-12-18,45.880001068115234,47.2400016784668,45.75,46.2599983215332,387200,46.2599983215332,0.0
SMTC,2018-12-19,46.11000061035156,46.849998474121094,43.40999984741211,43.880001068115234,538000,43.880001068115234,0.0
SMTC,2018-12-20,44.04999923706055,44.83000183105469,42.22999954223633,42.84000015258789,732800,42.84000015258789,0.0
SMTC,2018-12-21,43.150001525878906,43.65999984741211,41.72999954223633,42.0,1084000,42.0,0.0
SMTC,2018-12-24,41.5099983215332,43.099998474121094,41.279998779296875,41.380001068115234,342200,41.380001068115234,0.0
SMTC,2018-12-26,41.81999969482422,44.720001220703125,41.720001220703125,44.619998931884766,302900,44.619998931884766,0.0
SMTC,2018-12-27,43.47999954223633,44.79999923706055,42.970001220703125,44.68000030517578,298300,44.68000030517578,0.0
SMTC,2018-12-28,44.790000915527344,46.209999084472656,43.56999969482422,45.220001220703125,287200,45.220001220703125,0.0
SMTC,2018-12-31,45.72999954223633,46.33000183105469,45.0,45.869998931884766,382900,45.869998931884766,0.0
SMTC,2019-01-02,44.84000015258789,46.540000915527344,44.84000015258789,46.150001525878906,315600,46.150001525878906,0.0
SMTC,2019-01-03,44.900001525878906,45.470001220703125,43.099998474121094,43.11000061035156,422100,43.11000061035156,0.0
SMTC,2019-01-04,44.029998779296875,45.91999816894531,43.5099983215332,45.810001373291016,419300,45.810001373291016,0.0
SMTC,2019-01-07,45.810001373291016,47.81999969482422,45.58000183105469,47.4900016784668,578600,47.4900016784668,0.0
SMTC,2019-01-08,47.91999816894531,48.380001068115234,47.029998779296875,47.869998931884766,496500,47.869998931884766,0.0
SMTC,2019-01-09,48.40999984741211,50.25,47.529998779296875,50.13999938964844,862900,50.13999938964844,0.0
SMTC,2019-01-10,49.5,50.900001525878906,48.849998474121094,50.84000015258789,586000,50.84000015258789,0.0
SMTC,2019-01-11,50.41999816894531,53.09000015258789,50.41999816894531,52.2400016784668,725000,52.2400016784668,0.0
SMTC,2019-01-14,51.619998931884766,52.13999938964844,50.52000045776367,50.900001525878906,353300,50.900001525878906,0.0
SMTC,2019-01-15,51.470001220703125,52.33000183105469,51.099998474121094,52.0099983215332,399700,52.0099983215332,0.0
SMTC,2019-01-16,52.279998779296875,53.08000183105469,51.34000015258789,51.400001525878906,459000,51.400001525878906,0.0
SMTC,2019-01-17,51.20000076293945,51.56999969482422,50.779998779296875,50.83000183105469,774300,50.83000183105469,0.0
SMTC,2019-01-18,51.150001525878906,51.869998931884766,50.5099983215332,51.2400016784668,1537200,51.2400016784668,0.0
SMTC,2019-01-22,51.0,51.0,46.849998474121094,47.4900016784668,738100,47.4900016784668,0.0
SMTC,2019-01-23,47.79999923706055,47.900001525878906,46.0,46.70000076293945,671000,46.70000076293945,0.0
SMTC,2019-01-24,47.150001525878906,49.38999938964844,47.119998931884766,48.400001525878906,843600,48.400001525878906,0.0
SMTC,2019-01-25,48.79999923706055,50.38999938964844,48.540000915527344,49.77000045776367,692800,49.77000045776367,0.0
SMTC,2019-01-28,48.2400016784668,49.04999923706055,47.310001373291016,47.54999923706055,447400,47.54999923706055,0.0
SMTC,2019-01-29,47.58000183105469,48.18000030517578,46.959999084472656,47.61000061035156,368500,47.61000061035156,0.0
SMTC,2019-01-30,48.099998474121094,48.5099983215332,47.27000045776367,48.0099983215332,393100,48.0099983215332,0.0
SMTC,2019-01-31,47.869998931884766,49.130001068115234,47.56999969482422,48.560001373291016,289300,48.560001373291016,0.0
SMTC,2019-02-01,48.65999984741211,49.709999084472656,48.09000015258789,48.93000030517578,444900,48.93000030517578,0.0
SMTC,2019-02-04,48.93000030517578,49.70000076293945,48.290000915527344,49.66999816894531,397100,49.66999816894531,0.0
SMTC,2019-02-05,49.650001525878906,50.59000015258789,49.650001525878906,49.79999923706055,230000,49.79999923706055,0.0
SMTC,2019-02-06,49.869998931884766,51.5,49.869998931884766,51.470001220703125,308800,51.470001220703125,0.0
SMTC,2019-02-07,50.81999969482422,50.86000061035156,49.11000061035156,49.470001220703125,410600,49.470001220703125,0.0
SMTC,2019-02-08,48.7400016784668,49.77000045776367,48.70000076293945,49.52000045776367,339900,49.52000045776367,0.0
SMTC,2019-02-11,49.709999084472656,50.150001525878906,48.61000061035156,49.83000183105469,483300,49.83000183105469,0.0
SMTC,2019-02-12,50.47999954223633,51.130001068115234,50.33000183105469,51.119998931884766,406400,51.119998931884766,0.0
SMTC,2019-02-13,51.11000061035156,52.45000076293945,50.4900016784668,51.88999938964844,492100,51.88999938964844,0.0
SMTC,2019-02-14,51.560001373291016,52.5099983215332,51.560001373291016,52.220001220703125,361300,52.220001220703125,0.0
SMTC,2019-02-15,52.619998931884766,53.43000030517578,52.279998779296875,53.400001525878906,312300,53.400001525878906,0.0
SMTC,2019-02-19,52.880001068115234,53.790000915527344,52.349998474121094,53.400001525878906,390200,53.400001525878906,0.0
SMTC,2019-02-20,53.380001068115234,54.470001220703125,53.119998931884766,54.380001068115234,444000,54.380001068115234,0.0
SMTC,2019-02-21,54.349998474121094,54.70000076293945,53.400001525878906,54.70000076293945,382200,54.70000076293945,0.0
SMTC,2019-02-22,55.0,56.189998626708984,54.900001525878906,56.09000015258789,534300,56.09000015258789,0.0
SMTC,2019-02-25,56.790000915527344,57.959999084472656,56.310001373291016,57.08000183105469,537400,57.08000183105469,0.0
SMTC,2019-02-26,57.119998931884766,57.220001220703125,55.380001068115234,55.810001373291016,375200,55.810001373291016,0.0
SMTC,2019-02-27,55.470001220703125,56.029998779296875,54.61000061035156,55.0099983215332,361300,55.0099983215332,0.0
SMTC,2019-02-28,54.75,55.380001068115234,54.0099983215332,55.040000915527344,349200,55.040000915527344,0.0
SMTC,2019-03-01,55.45000076293945,56.310001373291016,54.900001525878906,55.900001525878906,309400,55.900001525878906,0.0
SMTC,2019-03-04,56.16999816894531,56.2599983215332,54.779998779296875,55.45000076293945,373500,55.45000076293945,0.0
SMTC,2019-03-05,55.189998626708984,55.79999923706055,54.29999923706055,55.040000915527344,267100,55.040000915527344,0.0
SMTC,2019-03-06,55.029998779296875,55.04999923706055,53.38999938964844,53.709999084472656,487300,53.709999084472656,0.0
SMTC,2019-03-07,53.380001068115234,53.779998779296875,52.689998626708984,53.689998626708984,412500,53.689998626708984,0.0
SMTC,2019-03-08,52.68000030517578,53.29999923706055,51.59000015258789,52.63999938964844,710200,52.63999938964844,0.0
SMTC,2019-03-11,52.88999938964844,54.689998626708984,52.5,54.36000061035156,827900,54.36000061035156,0.0
SMTC,2019-03-12,54.470001220703125,54.900001525878906,53.7599983215332,54.599998474121094,372400,54.599998474121094,0.0
SMTC,2019-03-13,55.040000915527344,55.97999954223633,54.279998779296875,55.5,774900,55.5,0.0
SMTC,2019-03-14,52.27000045776367,55.38999938964844,51.099998474121094,51.97999954223633,2443500,51.97999954223633,0.0
SMTC,2019-03-15,52.13999938964844,55.689998626708984,52.13999938964844,54.869998931884766,1632400,54.869998931884766,0.0
SMTC,2019-03-18,54.880001068115234,55.099998474121094,53.7400016784668,54.369998931884766,877300,54.369998931884766,0.0
SMTC,2019-03-19,54.86000061035156,55.20000076293945,54.369998931884766,54.869998931884766,689000,54.869998931884766,0.0
SMTC,2019-03-20,54.810001373291016,55.349998474121094,54.18000030517578,54.41999816894531,755100,54.41999816894531,0.0
SMTC,2019-03-21,54.029998779296875,56.130001068115234,53.7599983215332,55.58000183105469,517500,55.58000183105469,0.0
SMTC,2019-03-22,55.0,55.29999923706055,52.380001068115234,52.939998626708984,641200,52.939998626708984,0.0
SMTC,2019-03-25,52.7400016784668,53.279998779296875,51.86000061035156,52.560001373291016,451400,52.560001373291016,0.0
SMTC,2019-03-26,52.849998474121094,53.279998779296875,52.349998474121094,52.72999954223633,420200,52.72999954223633,0.0
SMTC,2019-03-27,52.61000061035156,52.61000061035156,49.75,50.40999984741211,505500,50.40999984741211,0.0
SMTC,2019-03-28,50.66999816894531,51.400001525878906,50.11000061035156,50.439998626708984,403800,50.439998626708984,0.0
SMTC,2019-03-29,50.95000076293945,51.97999954223633,50.529998779296875,50.90999984741211,424100,50.90999984741211,0.0
SMTC,2019-04-01,51.66999816894531,52.54999923706055,51.619998931884766,52.43000030517578,294900,52.43000030517578,0.0
SMTC,2019-04-02,52.560001373291016,52.79999923706055,51.75,52.290000915527344,265300,52.290000915527344,0.0
SMTC,2019-04-03,53.279998779296875,55.09000015258789,53.02000045776367,54.7400016784668,560800,54.7400016784668,0.0
SMTC,2019-04-04,54.75,55.130001068115234,54.04999923706055,54.58000183105469,392300,54.58000183105469,0.0
SMTC,2019-04-05,52.95000076293945,53.66999816894531,52.040000915527344,52.90999984741211,1492700,52.90999984741211,0.0
SMTC,2019-04-08,52.61000061035156,52.720001220703125,51.83000183105469,52.56999969482422,764200,52.56999969482422,0.0
SMTC,2019-04-09,52.15999984741211,52.36000061035156,51.16999816894531,51.33000183105469,768800,51.33000183105469,0.0
SMTC,2019-04-10,51.290000915527344,52.68000030517578,50.849998474121094,52.380001068115234,12268900,52.380001068115234,0.0
SMTC,2019-04-11,52.459999084472656,53.220001220703125,52.369998931884766,52.70000076293945,762600,52.70000076293945,0.0
SMTC,2019-04-12,53.290000915527344,53.43000030517578,52.81999969482422,53.09000015258789,457700,53.09000015258789,0.0
SMTC,2019-04-15,53.040000915527344,53.560001373291016,52.599998474121094,53.040000915527344,320600,53.040000915527344,0.0
SMTC,2019-04-16,53.38999938964844,54.52000045776367,53.38999938964844,54.310001373291016,477100,54.310001373291016,0.0
SMTC,2019-04-17,55.029998779296875,55.25,54.08000183105469,54.560001373291016,510400,54.560001373291016,0.0
SMTC,2019-04-18,54.52000045776367,55.099998474121094,54.040000915527344,54.25,329900,54.25,0.0
SMTC,2019-04-22,53.97999954223633,54.22999954223633,53.45000076293945,54.099998474121094,238500,54.099998474121094,0.0
SMTC,2019-04-23,54.130001068115234,55.18000030517578,54.04999923706055,54.97999954223633,392200,54.97999954223633,0.0
SMTC,2019-04-24,54.86000061035156,56.040000915527344,54.86000061035156,55.099998474121094,460900,55.099998474121094,0.0
SMTC,2019-04-25,55.02000045776367,55.02000045776367,53.15999984741211,53.849998474121094,361800,53.849998474121094,0.0
SMTC,2019-04-26,53.22999954223633,54.189998626708984,52.880001068115234,53.91999816894531,321600,53.91999816894531,0.0
SMTC,2019-04-29,53.7599983215332,54.2400016784668,53.5,53.81999969482422,354600,53.81999969482422,0.0
SMTC,2019-04-30,53.95000076293945,54.540000915527344,53.09000015258789,53.869998931884766,328500,53.869998931884766,0.0
SMTC,2019-05-01,54.459999084472656,54.630001068115234,52.470001220703125,52.4900016784668,405000,52.4900016784668,0.0
SMTC,2019-05-02,52.5,53.90999984741211,52.349998474121094,53.439998626708984,313500,53.439998626708984,0.0
SMTC,2019-05-03,53.810001373291016,54.63999938964844,52.72999954223633,54.56999969482422,249200,54.56999969482422,0.0
SMTC,2019-05-06,52.79999923706055,53.880001068115234,52.560001373291016,53.72999954223633,275300,53.72999954223633,0.0
SMTC,2019-05-07,53.060001373291016,53.33000183105469,52.040000915527344,52.709999084472656,348900,52.709999084472656,0.0
SMTC,2019-05-08,52.22999954223633,53.029998779296875,51.86000061035156,51.93000030517578,403600,51.93000030517578,0.0
SMTC,2019-05-09,51.060001373291016,51.95000076293945,50.2400016784668,51.529998779296875,250600,51.529998779296875,0.0
SMTC,2019-05-10,51.34000015258789,51.959999084472656,49.84000015258789,51.34000015258789,222700,51.34000015258789,0.0
SMTC,2019-05-13,49.61000061035156,49.790000915527344,46.86000061035156,47.220001220703125,420500,47.220001220703125,0.0
SMTC,2019-05-14,48.0,49.560001373291016,47.38999938964844,48.029998779296875,353900,48.029998779296875,0.0
SMTC,2019-05-15,47.90999984741211,49.04999923706055,47.209999084472656,48.900001525878906,413000,48.900001525878906,0.0
SMTC,2019-05-16,48.130001068115234,48.380001068115234,46.58000183105469,46.689998626708984,494600,46.689998626708984,0.0
SMTC,2019-05-17,46.0099983215332,46.61000061035156,44.459999084472656,44.689998626708984,708400,44.689998626708984,0.0
SMTC,2019-05-20,44.08000183105469,44.66999816894531,43.54999923706055,44.369998931884766,724900,44.369998931884766,0.0
SMTC,2019-05-21,45.13999938964844,47.619998931884766,44.439998626708984,44.7599983215332,396100,44.7599983215332,0.0
SMTC,2019-05-22,44.95000076293945,45.58000183105469,44.61000061035156,45.150001525878906,670600,45.150001525878906,0.0
SMTC,2019-05-23,44.16999816894531,44.16999816894531,43.290000915527344,43.97999954223633,380800,43.97999954223633,0.0
SMTC,2019-05-24,44.15999984741211,44.900001525878906,43.97999954223633,44.040000915527344,242000,44.040000915527344,0.0
SMTC,2019-05-28,44.380001068115234,44.43000030517578,43.290000915527344,43.41999816894531,608400,43.41999816894531,0.0
SMTC,2019-05-29,42.970001220703125,44.400001525878906,42.7400016784668,44.150001525878906,885500,44.150001525878906,0.0
SMTC,2019-05-30,44.5,44.5,40.310001373291016,41.0,2105900,41.0,0.0
SMTC,2019-05-31,40.119998931884766,40.31999969482422,39.540000915527344,39.83000183105469,683000,39.83000183105469,0.0
SMTC,2019-06-03,40.04999923706055,41.18000030517578,39.79999923706055,40.0099983215332,792600,40.0099983215332,0.0
SMTC,2019-06-04,40.84000015258789,42.7599983215332,40.33000183105469,42.709999084472656,734800,42.709999084472656,0.0
SMTC,2019-06-05,42.7400016784668,42.86000061035156,40.709999084472656,41.41999816894531,437100,41.41999816894531,0.0
SMTC,2019-06-06,41.38999938964844,41.970001220703125,40.72999954223633,41.90999984741211,407300,41.90999984741211,0.0
SMTC,2019-06-07,42.310001373291016,42.40999984741211,41.0,41.939998626708984,485900,41.939998626708984,0.0
SMTC,2019-06-10,42.130001068115234,43.709999084472656,41.75,43.150001525878906,567800,43.150001525878906,0.0
SMTC,2019-06-11,44.040000915527344,44.25,42.63999938964844,43.41999816894531,495100,43.41999816894531,0.0
SMTC,2019-06-12,43.029998779296875,43.369998931884766,42.63999938964844,43.2400016784668,423000,43.2400016784668,0.0
SMTC,2019-06-13,43.619998931884766,44.22999954223633,43.18000030517578,44.02000045776367,442100,44.02000045776367,0.0
SMTC,2019-06-14,43.18000030517578,43.470001220703125,42.27000045776367,43.31999969482422,893500,43.31999969482422,0.0
SMTC,2019-06-17,43.5,43.83000183105469,42.959999084472656,43.11000061035156,463000,43.11000061035156,0.0
SMTC,2019-06-18,43.56999969482422,45.75,43.56999969482422,45.400001525878906,1031400,45.400001525878906,0.0
SMTC,2019-06-19,45.689998626708984,46.13999938964844,45.220001220703125,45.86000061035156,412900,45.86000061035156,0.0
SMTC,2019-06-20,46.0,46.81999969482422,45.66999816894531,46.5099983215332,423400,46.5099983215332,0.0
SMTC,2019-06-21,46.25,46.529998779296875,45.68000030517578,46.31999969482422,1088600,46.31999969482422,0.0
SMTC,2019-06-24,46.2599983215332,46.77000045776367,45.970001220703125,46.34000015258789,548200,46.34000015258789,0.0
SMTC,2019-06-25,46.16999816894531,46.689998626708984,45.29999923706055,45.40999984741211,643600,45.40999984741211,0.0
SMTC,2019-06-26,46.31999969482422,47.029998779296875,46.27000045776367,46.72999954223633,512700,46.72999954223633,0.0
SMTC,2019-06-27,47.029998779296875,48.25,47.029998779296875,48.220001220703125,564400,48.220001220703125,0.0
SMTC,2019-06-28,48.650001525878906,49.11000061035156,47.91999816894531,48.04999923706055,1155800,48.04999923706055,0.0
SMTC,2019-07-01,50.040000915527344,50.900001525878906,50.02000045776367,50.54999923706055,927000,50.54999923706055,0.0
SMTC,2019-07-02,50.36000061035156,50.36000061035156,48.560001373291016,48.970001220703125,636200,48.970001220703125,0.0
SMTC,2019-07-03,49.150001525878906,49.61000061035156,48.36000061035156,49.599998474121094,277600,49.599998474121094,0.0
SMTC,2019-07-05,49.040000915527344,49.209999084472656,48.45000076293945,49.02000045776367,338500,49.02000045776367,0.0
SMTC,2019-07-08,48.7400016784668,49.119998931884766,48.119998931884766,48.189998626708984,469700,48.189998626708984,0.0
SMTC,2019-07-09,47.72999954223633,48.529998779296875,45.61000061035156,48.130001068115234,904800,48.130001068115234,0.0
SMTC,2019-07-10,48.77000045776367,49.5,48.29999923706055,48.81999969482422,532500,48.81999969482422,0.0
SMTC,2019-07-11,48.849998474121094,49.0099983215332,47.720001220703125,48.5099983215332,546000,48.5099983215332,0.0
SMTC,2019-07-12,48.66999816894531,49.810001373291016,48.66999816894531,49.650001525878906,367900,49.650001525878906,0.0
SMTC,2019-07-15,50.119998931884766,50.29999923706055,49.4900016784668,50.18000030517578,559000,50.18000030517578,0.0
SMTC,2019-07-16,49.66999816894531,49.790000915527344,48.79999923706055,49.29999923706055,430200,49.29999923706055,0.0
SMTC,2019-07-17,49.65999984741211,49.880001068115234,49.09000015258789,49.279998779296875,291700,49.279998779296875,0.0
SMTC,2019-07-18,49.56999969482422,50.209999084472656,49.31999969482422,49.959999084472656,207600,49.959999084472656,0.0
SMTC,2019-07-19,49.95000076293945,50.220001220703125,49.18000030517578,49.279998779296875,329600,49.279998779296875,0.0
SMTC,2019-07-22,49.630001068115234,50.369998931884766,49.54999923706055,50.02000045776367,163500,50.02000045776367,0.0
SMTC,2019-07-23,50.470001220703125,51.25,50.189998626708984,51.13999938964844,285400,51.13999938964844,0.0
SMTC,2019-07-24,51.959999084472656,53.83000183105469,51.810001373291016,53.77000045776367,515500,53.77000045776367,0.0
SMTC,2019-07-25,53.40999984741211,53.90999984741211,52.900001525878906,53.09000015258789,516100,53.09000015258789,0.0
SMTC,2019-07-26,53.66999816894531,53.83000183105469,53.2400016784668,53.630001068115234,241700,53.630001068115234,0.0
SMTC,2019-07-29,53.4900016784668,53.75,52.90999984741211,53.66999816894531,273700,53.66999816894531,0.0
SMTC,2019-07-30,52.81999969482422,53.970001220703125,52.81999969482422,53.95000076293945,306800,53.95000076293945,0.0
SMTC,2019-07-31,54.0,54.34000015258789,52.81999969482422,52.869998931884766,498000,52.869998931884766,0.0
SMTC,2019-08-01,52.04999923706055,52.290000915527344,49.369998931884766,49.72999954223633,699900,49.72999954223633,0.0
SMTC,2019-08-02,49.06999969482422,49.33000183105469,47.59000015258789,47.970001220703125,466300,47.970001220703125,0.0
SMTC,2019-08-05,46.5,46.5,43.970001220703125,44.790000915527344,758100,44.790000915527344,0.0
SMTC,2019-08-06,45.68000030517578,46.119998931884766,44.58000183105469,45.34000015258789,366300,45.34000015258789,0.0
SMTC,2019-08-07,44.33000183105469,46.130001068115234,44.33000183105469,45.91999816894531,462800,45.91999816894531,0.0
SMTC,2019-08-08,46.599998474121094,48.189998626708984,46.130001068115234,47.970001220703125,447000,47.970001220703125,0.0
SMTC,2019-08-09,47.36000061035156,47.36000061035156,46.08000183105469,46.11000061035156,247400,46.11000061035156,0.0
SMTC,2019-08-12,45.529998779296875,45.849998474121094,45.04999923706055,45.08000183105469,241400,45.08000183105469,0.0
SMTC,2019-08-13,44.810001373291016,47.22999954223633,44.810001373291016,46.290000915527344,245900,46.290000915527344,0.0
SMTC,2019-08-14,44.47999954223633,45.4900016784668,44.060001373291016,44.099998474121094,1385900,44.099998474121094,0.0
SMTC,2019-08-15,44.220001220703125,44.72999954223633,43.689998626708984,44.060001373291016,331700,44.060001373291016,0.0
SMTC,2019-08-16,44.709999084472656,45.4900016784668,44.709999084472656,45.349998474121094,862700,45.349998474121094,0.0
SMTC,2019-08-19,46.560001373291016,46.560001373291016,45.25,45.310001373291016,537700,45.310001373291016,0.0
SMTC,2019-08-20,45.29999923706055,45.29999923706055,44.72999954223633,45.02000045776367,779000,45.02000045776367,0.0
SMTC,2019-08-21,45.88999938964844,45.88999938964844,44.95000076293945,45.290000915527344,475200,45.290000915527344,0.0
SMTC,2019-08-22,45.33000183105469,45.93000030517578,44.86000061035156,45.5099983215332,361500,45.5099983215332,0.0
SMTC,2019-08-23,44.7599983215332,45.27000045776367,43.06999969482422,43.27000045776367,367100,43.27000045776367,0.0
SMTC,2019-08-26,43.849998474121094,44.15999984741211,43.08000183105469,43.36000061035156,428000,43.36000061035156,0.0
SMTC,2019-08-27,43.939998626708984,44.02000045776367,42.709999084472656,43.150001525878906,1095700,43.150001525878906,0.0
SMTC,2019-08-28,42.7400016784668,43.25,42.0099983215332,42.95000076293945,793500,42.95000076293945,0.0
SMTC,2019-08-29,43.709999084472656,44.88999938964844,41.779998779296875,41.91999816894531,1113100,41.91999816894531,0.0
SMTC,2019-08-30,42.040000915527344,42.560001373291016,41.77000045776367,41.970001220703125,684100,41.970001220703125,0.0
SMTC,2019-09-03,41.38999938964844,42.310001373291016,40.709999084472656,40.869998931884766,678600,40.869998931884766,0.0
SMTC,2019-09-04,41.400001525878906,42.2400016784668,40.59000015258789,41.529998779296875,604300,41.529998779296875,0.0
SMTC,2019-09-05,42.27000045776367,44.400001525878906,42.0099983215332,44.08000183105469,805900,44.08000183105469,0.0
SMTC,2019-09-06,44.29999923706055,45.130001068115234,44.029998779296875,44.689998626708984,557600,44.689998626708984,0.0
SMTC,2019-09-09,44.790000915527344,45.790000915527344,44.7599983215332,45.400001525878906,607500,45.400001525878906,0.0
SMTC,2019-09-10,45.04999923706055,46.20000076293945,44.720001220703125,46.0099983215332,479100,46.0099983215332,0.0
SMTC,2019-09-11,46.220001220703125,47.40999984741211,45.189998626708984,47.310001373291016,480800,47.310001373291016,0.0
SMTC,2019-09-12,47.84000015258789,48.59000015258789,47.0099983215332,48.290000915527344,761400,48.290000915527344,0.0
SMTC,2019-09-13,48.5,49.2599983215332,47.880001068115234,48.88999938964844,610700,48.88999938964844,0.0
SMTC,2019-09-16,48.150001525878906,49.209999084472656,47.81999969482422,48.75,369500,48.75,0.0
SMTC,2019-09-17,48.439998626708984,48.75,47.81999969482422,48.720001220703125,282600,48.720001220703125,0.0
SMTC,2019-09-18,48.79999923706055,49.029998779296875,47.849998474121094,48.58000183105469,513500,48.58000183105469,0.0
SMTC,2019-09-19,48.84000015258789,49.0,47.27000045776367,47.459999084472656,465200,47.459999084472656,0.0
SMTC,2019-09-20,47.5099983215332,47.83000183105469,46.369998931884766,46.66999816894531,755500,46.66999816894531,0.0
SMTC,2019-09-23,46.36000061035156,47.849998474121094,45.470001220703125,47.45000076293945,417600,47.45000076293945,0.0
SMTC,2019-09-24,47.779998779296875,48.08000183105469,45.849998474121094,46.130001068115234,524100,46.130001068115234,0.0
SMTC,2019-09-25,46.13999938964844,47.56999969482422,45.70000076293945,47.34000015258789,382400,47.34000015258789,0.0
SMTC,2019-09-26,49.150001525878906,50.779998779296875,48.04999923706055,50.119998931884766,1277900,50.119998931884766,0.0
SMTC,2019-09-27,50.369998931884766,50.369998931884766,48.40999984741211,49.02000045776367,990200,49.02000045776367,0.0
SMTC,2019-09-30,49.47999954223633,49.709999084472656,48.04999923706055,48.61000061035156,493500,48.61000061035156,0.0
SMTC,2019-10-01,48.88999938964844,50.0,47.029998779296875,47.34000015258789,312500,47.34000015258789,0.0
SMTC,2019-10-02,46.95000076293945,47.310001373291016,46.47999954223633,47.119998931884766,336600,47.119998931884766,0.0
SMTC,2019-10-03,47.380001068115234,49.040000915527344,46.9900016784668,48.689998626708984,474100,48.689998626708984,0.0
SMTC,2019-10-04,48.91999816894531,49.529998779296875,48.689998626708984,49.5,338100,49.5,0.0
SMTC,2019-10-07,49.380001068115234,49.900001525878906,49.25,49.33000183105469,318500,49.33000183105469,0.0
SMTC,2019-10-08,48.59000015258789,48.59000015258789,47.36000061035156,47.56999969482422,291000,47.56999969482422,0.0
SMTC,2019-10-09,48.2400016784668,48.650001525878906,47.70000076293945,48.220001220703125,393400,48.220001220703125,0.0
SMTC,2019-10-10,48.529998779296875,49.2400016784668,48.040000915527344,48.779998779296875,314500,48.779998779296875,0.0
SMTC,2019-10-11,49.7400016784668,50.790000915527344,49.689998626708984,49.95000076293945,446300,49.95000076293945,0.0
SMTC,2019-10-14,49.61000061035156,50.08000183105469,48.84000015258789,49.25,186400,49.25,0.0
SMTC,2019-10-15,49.59000015258789,50.599998474121094,49.369998931884766,50.34000015258789,235200,50.34000015258789,0.0
SMTC,2019-10-16,49.849998474121094,50.29999923706055,49.06999969482422,49.11000061035156,217100,49.11000061035156,0.0
SMTC,2019-10-17,49.54999923706055,49.97999954223633,49.2400016784668,49.619998931884766,185600,49.619998931884766,0.0
SMTC,2019-10-18,49.349998474121094,49.86000061035156,48.75,49.38999938964844,279000,49.38999938964844,0.0
SMTC,2019-10-21,50.189998626708984,50.849998474121094,49.81999969482422,50.290000915527344,186100,50.290000915527344,0.0
SMTC,2019-10-22,50.279998779296875,50.529998779296875,49.59000015258789,50.040000915527344,212000,50.040000915527344,0.0
SMTC,2019-10-23,49.349998474121094,49.709999084472656,48.5099983215332,49.27000045776367,320900,49.27000045776367,0.0
SMTC,2019-10-24,49.779998779296875,50.15999984741211,49.029998779296875,49.529998779296875,200600,49.529998779296875,0.0
SMTC,2019-10-25,49.79999923706055,50.209999084472656,49.630001068115234,49.869998931884766,217300,49.869998931884766,0.0
SMTC,2019-10-28,50.209999084472656,51.349998474121094,50.209999084472656,51.119998931884766,286000,51.119998931884766,0.0
SMTC,2019-10-29,51.369998931884766,51.86000061035156,50.86000061035156,51.099998474121094,298800,51.099998474121094,0.0
SMTC,2019-10-30,51.060001373291016,51.529998779296875,50.310001373291016,51.220001220703125,375500,51.220001220703125,0.0
SMTC,2019-10-31,51.099998474121094,51.13999938964844,49.95000076293945,50.459999084472656,333900,50.459999084472656,0.0
SMTC,2019-11-01,50.970001220703125,52.56999969482422,50.81999969482422,52.540000915527344,356200,52.540000915527344,0.0
SMTC,2019-11-04,53.540000915527344,54.29999923706055,53.119998931884766,53.93000030517578,326100,53.93000030517578,0.0
SMTC,2019-11-05,54.34000015258789,55.04999923706055,54.0,54.2599983215332,438000,54.2599983215332,0.0
SMTC,2019-11-06,54.099998474121094,54.099998474121094,53.0099983215332,53.40999984741211,289100,53.40999984741211,0.0
SMTC,2019-11-07,54.189998626708984,54.56999969482422,53.380001068115234,53.54999923706055,253500,53.54999923706055,0.0
SMTC,2019-11-08,53.22999954223633,53.849998474121094,53.060001373291016,53.720001220703125,158300,53.720001220703125,0.0
SMTC,2019-11-11,53.04999923706055,53.33000183105469,52.63999938964844,53.119998931884766,198100,53.119998931884766,0.0
SMTC,2019-11-12,53.279998779296875,53.81999969482422,52.959999084472656,53.33000183105469,243300,53.33000183105469,0.0
SMTC,2019-11-13,52.83000183105469,53.369998931884766,52.27000045776367,53.279998779296875,202000,53.279998779296875,0.0
SMTC,2019-11-14,52.93000030517578,53.11000061035156,52.40999984741211,52.900001525878906,190400,52.900001525878906,0.0
SMTC,2019-11-15,53.20000076293945,53.529998779296875,51.95000076293945,52.400001525878906,248100,52.400001525878906,0.0
SMTC,2019-11-18,52.040000915527344,52.04999923706055,50.65999984741211,50.70000076293945,387200,50.70000076293945,0.0
SMTC,2019-11-19,51.20000076293945,51.380001068115234,50.58000183105469,50.779998779296875,340600,50.779998779296875,0.0
SMTC,2019-11-20,50.52000045776367,51.040000915527344,49.189998626708984,49.29999923706055,461300,49.29999923706055,0.0
SMTC,2019-11-21,49.31999969482422,49.31999969482422,48.189998626708984,48.65999984741211,365200,48.65999984741211,0.0
SMTC,2019-11-22,49.130001068115234,49.709999084472656,48.790000915527344,48.91999816894531,258800,48.91999816894531,0.0
SMTC,2019-11-25,49.33000183105469,50.31999969482422,49.0,49.880001068115234,342600,49.880001068115234,0.0
SMTC,2019-11-26,50.04999923706055,50.459999084472656,49.0,49.15999984741211,432400,49.15999984741211,0.0
SMTC,2019-11-27,49.310001373291016,50.16999816894531,49.310001373291016,49.93000030517578,302400,49.93000030517578,0.0
SMTC,2019-11-29,49.540000915527344,49.540000915527344,48.38999938964844,48.459999084472656,194000,48.459999084472656,0.0
SMTC,2019-12-02,48.43000030517578,48.540000915527344,46.689998626708984,46.95000076293945,510200,46.95000076293945,0.0
SMTC,2019-12-03,46.04999923706055,46.209999084472656,45.54999923706055,45.7400016784668,644000,45.7400016784668,0.0
SMTC,2019-12-04,46.5,47.209999084472656,46.380001068115234,46.790000915527344,588300,46.790000915527344,0.0
SMTC,2019-12-05,46.029998779296875,48.93000030517578,45.25,45.959999084472656,1567600,45.959999084472656,0.0
SMTC,2019-12-06,46.90999984741211,48.11000061035156,46.099998474121094,47.40999984741211,742700,47.40999984741211,0.0
SMTC,2019-12-09,47.2599983215332,47.68000030517578,46.439998626708984,46.45000076293945,426700,46.45000076293945,0.0
SMTC,2019-12-10,46.45000076293945,47.40999984741211,46.45000076293945,46.88999938964844,394900,46.88999938964844,0.0
SMTC,2019-12-11,46.93000030517578,47.59000015258789,46.810001373291016,47.400001525878906,419000,47.400001525878906,0.0
SMTC,2019-12-12,47.29999923706055,48.84000015258789,47.29999923706055,48.61000061035156,525700,48.61000061035156,0.0
SMTC,2019-12-13,48.43000030517578,49.13999938964844,47.880001068115234,47.9900016784668,306600,47.9900016784668,0.0
SMTC,2019-12-16,48.54999923706055,49.540000915527344,48.380001068115234,49.47999954223633,676000,49.47999954223633,0.0
SMTC,2019-12-17,49.790000915527344,50.08000183105469,49.65999984741211,50.0,411500,50.0,0.0
SMTC,2019-12-18,49.959999084472656,50.45000076293945,49.70000076293945,50.31999969482422,320800,50.31999969482422,0.0
SMTC,2019-12-19,50.2599983215332,50.779998779296875,49.79999923706055,50.77000045776367,338200,50.77000045776367,0.0
SMTC,2019-12-20,51.0,51.560001373291016,50.38999938964844,51.5099983215332,1386200,51.5099983215332,0.0
SMTC,2019-12-23,51.81999969482422,52.18000030517578,51.369998931884766,52.060001373291016,296800,52.060001373291016,0.0
SMTC,2019-12-24,51.970001220703125,52.15999984741211,51.650001525878906,52.08000183105469,155000,52.08000183105469,0.0
SMTC,2019-12-26,52.279998779296875,52.47999954223633,51.86000061035156,52.279998779296875,189600,52.279998779296875,0.0
SMTC,2019-12-27,52.459999084472656,52.66999816894531,51.709999084472656,52.099998474121094,306000,52.099998474121094,0.0
SMTC,2019-12-30,52.18000030517578,52.93000030517578,51.43000030517578,52.540000915527344,657900,52.540000915527344,0.0
SMTC,2019-12-31,52.2599983215332,53.31999969482422,52.16999816894531,52.900001525878906,626100,52.900001525878906,0.0
SMTC,2020-01-02,53.4900016784668,53.86000061035156,52.599998474121094,53.86000061035156,354300,53.86000061035156,0.0
SMTC,2020-01-03,52.77000045776367,53.38999938964844,52.630001068115234,52.9900016784668,443700,52.9900016784668,0.0
SMTC,2020-01-06,52.099998474121094,52.540000915527344,50.06999969482422,52.04999923706055,428400,52.04999923706055,0.0
SMTC,2020-01-07,52.380001068115234,53.16999816894531,52.099998474121094,52.970001220703125,347600,52.970001220703125,0.0
SMTC,2020-01-08,52.79999923706055,53.36000061035156,52.4900016784668,52.95000076293945,297100,52.95000076293945,0.0
SMTC,2020-01-09,53.470001220703125,53.56999969482422,52.79999923706055,53.15999984741211,387300,53.15999984741211,0.0
SMTC,2020-01-10,53.34000015258789,53.59000015258789,52.540000915527344,52.70000076293945,238200,52.70000076293945,0.0
SMTC,2020-01-13,52.88999938964844,53.63999938964844,52.529998779296875,53.380001068115234,228500,53.380001068115234,0.0
SMTC,2020-01-14,53.130001068115234,54.34000015258789,52.93000030517578,53.880001068115234,328200,53.880001068115234,0.0
SMTC,2020-01-15,53.720001220703125,53.97999954223633,52.97999954223633,53.31999969482422,464500,53.31999969482422,0.0
SMTC,2020-01-16,54.0099983215332,54.81999969482422,53.880001068115234,54.790000915527344,288800,54.790000915527344,0.0
SMTC,2020-01-17,55.16999816894531,55.2599983215332,54.459999084472656,54.970001220703125,278200,54.970001220703125,0.0
SMTC,2020-01-21,54.47999954223633,54.689998626708984,54.150001525878906,54.400001525878906,210400,54.400001525878906,0.0
SMTC,2020-01-22,54.70000076293945,55.29999923706055,54.2400016784668,54.45000076293945,264700,54.45000076293945,0.0
SMTC,2020-01-23,54.45000076293945,54.810001373291016,53.72999954223633,54.40999984741211,411100,54.40999984741211,0.0
SMTC,2020-01-24,55.04999923706055,55.04999923706055,52.40999984741211,52.52000045776367,370000,52.52000045776367,0.0
SMTC,2020-01-27,50.959999084472656,51.0,50.040000915527344,50.36000061035156,451600,50.36000061035156,0.0
SMTC,2020-01-28,50.959999084472656,52.2400016784668,50.7599983215332,52.099998474121094,248100,52.099998474121094,0.0
SMTC,2020-01-29,51.97999954223633,52.06999969482422,50.849998474121094,50.959999084472656,361300,50.959999084472656,0.0
SMTC,2020-01-30,50.22999954223633,50.939998626708984,49.529998779296875,50.70000076293945,421700,50.70000076293945,0.0
SMTC,2020-01-31,50.2400016784668,50.2400016784668,47.900001525878906,48.189998626708984,674700,48.189998626708984,0.0
SMTC,2020-02-03,48.66999816894531,50.279998779296875,48.279998779296875,50.220001220703125,395000,50.220001220703125,0.0
SMTC,2020-02-04,51.5,51.90999984741211,51.18000030517578,51.61000061035156,305100,51.61000061035156,0.0
SMTC,2020-02-05,52.84000015258789,53.04999923706055,50.970001220703125,52.20000076293945,399000,52.20000076293945,0.0
SMTC,2020-02-06,52.56999969482422,52.56999969482422,51.11000061035156,51.33000183105469,230700,51.33000183105469,0.0
SMTC,2020-02-07,50.86000061035156,51.08000183105469,49.849998474121094,49.970001220703125,473100,49.970001220703125,0.0
SMTC,2020-02-10,49.560001373291016,50.5,49.43000030517578,50.38999938964844,289000,50.38999938964844,0.0
SMTC,2020-02-11,50.81999969482422,51.95000076293945,50.58000183105469,50.970001220703125,207000,50.970001220703125,0.0
SMTC,2020-02-12,51.7400016784668,51.95000076293945,51.02000045776367,51.77000045776367,229100,51.77000045776367,0.0
SMTC,2020-02-13,51.290000915527344,51.970001220703125,50.650001525878906,51.279998779296875,395700,51.279998779296875,0.0
SMTC,2020-02-14,51.5,51.5,50.130001068115234,50.41999816894531,266000,50.41999816894531,0.0
SMTC,2020-02-18,49.95000076293945,49.970001220703125,48.66999816894531,48.869998931884766,330400,48.869998931884766,0.0
SMTC,2020-02-19,49.33000183105469,49.59000015258789,48.470001220703125,49.0099983215332,922400,49.0099983215332,0.0
SMTC,2020-02-20,48.77000045776367,49.150001525878906,47.88999938964844,48.77000045776367,294300,48.77000045776367,0.0
SMTC,2020-02-21,48.45000076293945,48.45000076293945,47.130001068115234,47.15999984741211,313700,47.15999984741211,0.0
SMTC,2020-02-24,44.779998779296875,45.31999969482422,43.2599983215332,43.310001373291016,591300,43.310001373291016,0.0
SMTC,2020-02-25,43.709999084472656,43.93000030517578,41.630001068115234,42.119998931884766,550300,42.119998931884766,0.0
SMTC,2020-02-26,42.59000015258789,42.880001068115234,41.13999938964844,41.79999923706055,541000,41.79999923706055,0.0
SMTC,2020-02-27,40.20000076293945,41.2599983215332,38.959999084472656,38.970001220703125,719800,38.970001220703125,0.0
SMTC,2020-02-28,37.27000045776367,39.59000015258789,37.27000045776367,39.4900016784668,1025900,39.4900016784668,0.0
SMTC,2020-03-02,40.029998779296875,40.90999984741211,39.09000015258789,40.86000061035156,648100,40.86000061035156,0.0
SMTC,2020-03-03,40.9900016784668,41.97999954223633,39.459999084472656,39.70000076293945,479500,39.70000076293945,0.0
SMTC,2020-03-04,40.29999923706055,40.61000061035156,39.22999954223633,40.52000045776367,745000,40.52000045776367,0.0
SMTC,2020-03-05,39.36000061035156,39.95000076293945,38.22999954223633,39.08000183105469,614800,39.08000183105469,0.0
SMTC,2020-03-06,37.31999969482422,38.689998626708984,36.7400016784668,37.77000045776367,925600,37.77000045776367,0.0
SMTC,2020-03-09,34.029998779296875,36.099998474121094,32.810001373291016,32.849998474121094,960100,32.849998474121094,0.0
SMTC,2020-03-10,34.290000915527344,36.83000183105469,32.959999084472656,36.709999084472656,1235400,36.709999084472656,0.0
SMTC,2020-03-11,35.34000015258789,36.369998931884766,33.220001220703125,33.779998779296875,989100,33.779998779296875,0.0
SMTC,2020-03-12,34.13999938964844,35.36000061035156,31.25,32.16999816894531,1632200,32.16999816894531,0.0
SMTC,2020-03-13,34.61000061035156,35.40999984741211,31.059999465942383,35.0099983215332,1291700,35.0099983215332,0.0
SMTC,2020-03-16,30.790000915527344,32.33000183105469,26.989999771118164,26.989999771118164,1090200,26.989999771118164,0.0
SMTC,2020-03-17,27.600000381469727,33.41999816894531,26.030000686645508,32.880001068115234,1410600,32.880001068115234,0.0
SMTC,2020-03-18,30.18000030517578,33.31999969482422,29.020000457763672,30.639999389648438,1186700,30.639999389648438,0.0
SMTC,2020-03-19,30.270000457763672,34.650001525878906,29.8700008392334,33.5,884900,33.5,0.0
SMTC,2020-03-20,33.9900016784668,34.97999954223633,32.310001373291016,32.849998474121094,1208900,32.849998474121094,0.0
SMTC,2020-03-23,33.81999969482422,36.16999816894531,31.969999313354492,35.70000076293945,1013800,35.70000076293945,0.0
SMTC,2020-03-24,37.22999954223633,39.7599983215332,36.150001525878906,38.619998931884766,891500,38.619998931884766,0.0
SMTC,2020-03-25,38.56999969482422,39.65999984741211,36.189998626708984,37.470001220703125,582000,37.470001220703125,0.0
SMTC,2020-03-26,38.08000183105469,38.7599983215332,36.27000045776367,38.43000030517578,583300,38.43000030517578,0.0
SMTC,2020-03-27,36.599998474121094,38.0,35.27000045776367,36.13999938964844,659400,36.13999938964844,0.0
SMTC,2020-03-30,36.939998626708984,37.459999084472656,35.779998779296875,36.619998931884766,607700,36.619998931884766,0.0
SMTC,2020-03-31,36.849998474121094,37.75,36.349998474121094,37.5,664900,37.5,0.0
SMTC,2020-04-01,36.06999969482422,36.849998474121094,34.619998931884766,35.13999938964844,519100,35.13999938964844,0.0
SMTC,2020-04-02,35.11000061035156,36.849998474121094,34.709999084472656,36.40999984741211,398000,36.40999984741211,0.0
SMTC,2020-04-03,36.029998779296875,37.54999923706055,35.66999816894531,36.65999984741211,544300,36.65999984741211,0.0
SMTC,2020-04-06,38.27000045776367,40.939998626708984,37.7599983215332,40.68000030517578,664800,40.68000030517578,0.0
SMTC,2020-04-07,42.20000076293945,42.70000076293945,40.400001525878906,41.31999969482422,737000,41.31999969482422,0.0
SMTC,2020-04-08,42.09000015258789,44.0,40.630001068115234,43.54999923706055,535800,43.54999923706055,0.0
SMTC,2020-04-09,44.18000030517578,45.470001220703125,42.5,43.290000915527344,684700,43.290000915527344,0.0
SMTC,2020-04-13,42.97999954223633,43.81999969482422,42.27000045776367,42.779998779296875,280200,42.779998779296875,0.0
SMTC,2020-04-14,44.220001220703125,44.869998931884766,43.290000915527344,44.72999954223633,332000,44.72999954223633,0.0
SMTC,2020-04-15,43.09000015258789,43.619998931884766,41.79999923706055,42.45000076293945,449600,42.45000076293945,0.0
SMTC,2020-04-16,42.880001068115234,43.2400016784668,42.02000045776367,43.09000015258789,427400,43.09000015258789,0.0
SMTC,2020-04-17,44.27000045776367,44.93000030517578,42.310001373291016,42.880001068115234,578500,42.880001068115234,0.0
SMTC,2020-04-20,42.11000061035156,42.380001068115234,41.2400016784668,41.279998779296875,415200,41.279998779296875,0.0
SMTC,2020-04-21,40.279998779296875,40.84000015258789,38.83000183105469,38.900001525878906,663400,38.900001525878906,0.0
SMTC,2020-04-22,40.13999938964844,42.900001525878906,39.25,42.5,504800,42.5,0.0
SMTC,2020-04-23,42.720001220703125,43.13999938964844,41.939998626708984,42.29999923706055,282200,42.29999923706055,0.0
SMTC,2020-04-24,42.150001525878906,43.29999923706055,41.779998779296875,43.18000030517578,213600,43.18000030517578,0.0
SMTC,2020-04-27,43.70000076293945,45.15999984741211,43.099998474121094,44.58000183105469,314700,44.58000183105469,0.0
SMTC,2020-04-28,45.709999084472656,45.970001220703125,44.310001373291016,44.380001068115234,390800,44.380001068115234,0.0
SMTC,2020-04-29,45.93000030517578,48.220001220703125,45.36000061035156,47.939998626708984,421700,47.939998626708984,0.0
SMTC,2020-04-30,46.7400016784668,46.7400016784668,45.20000076293945,45.2400016784668,450700,45.2400016784668,0.0
SMTC,2020-05-01,43.689998626708984,47.029998779296875,42.08000183105469,42.68000030517578,439500,42.68000030517578,0.0
SMTC,2020-05-04,42.16999816894531,42.61000061035156,41.369998931884766,42.16999816894531,430700,42.16999816894531,0.0
SMTC,2020-05-05,43.70000076293945,44.939998626708984,43.150001525878906,43.84000015258789,410800,43.84000015258789,0.0
SMTC,2020-05-06,44.25,44.84000015258789,43.04999923706055,43.2599983215332,304500,43.2599983215332,0.0
SMTC,2020-05-07,43.95000076293945,44.65999984741211,43.11000061035156,44.279998779296875,290200,44.279998779296875,0.0
SMTC,2020-05-08,45.209999084472656,46.029998779296875,44.5,45.97999954223633,323500,45.97999954223633,0.0
SMTC,2020-05-11,45.040000915527344,46.150001525878906,44.75,45.619998931884766,399000,45.619998931884766,0.0
SMTC,2020-05-12,45.77000045776367,45.970001220703125,43.599998474121094,43.63999938964844,323100,43.63999938964844,0.0
SMTC,2020-05-13,43.650001525878906,44.11000061035156,42.040000915527344,42.70000076293945,317200,42.70000076293945,0.0
SMTC,2020-05-14,41.93000030517578,43.06999969482422,40.810001373291016,43.0,388200,43.0,0.0
SMTC,2020-05-15,42.36000061035156,42.59000015258789,41.5099983215332,42.38999938964844,379200,42.38999938964844,0.0
SMTC,2020-05-18,43.68000030517578,46.68000030517578,42.880001068115234,46.43000030517578,562800,46.43000030517578,0.0
SMTC,2020-05-19,46.099998474121094,47.130001068115234,45.16999816894531,45.22999954223633,341900,45.22999954223633,0.0
SMTC,2020-05-20,46.439998626708984,48.25,45.97999954223633,48.040000915527344,350400,48.040000915527344,0.0
SMTC,2020-05-21,47.779998779296875,48.4900016784668,46.29999923706055,46.599998474121094,463800,46.599998474121094,0.0
SMTC,2020-05-22,46.97999954223633,47.220001220703125,46.310001373291016,47.119998931884766,222800,47.119998931884766,0.0
SMTC,2020-05-26,49.0099983215332,49.93000030517578,48.630001068115234,49.04999923706055,431400,49.04999923706055,0.0
SMTC,2020-05-27,49.66999816894531,50.43000030517578,47.869998931884766,50.209999084472656,462900,50.209999084472656,0.0
SMTC,2020-05-28,57.0,57.0,50.599998474121094,51.439998626708984,1325900,51.439998626708984,0.0
SMTC,2020-05-29,51.2400016784668,53.369998931884766,50.880001068115234,53.18000030517578,732100,53.18000030517578,0.0
SMTC,2020-06-01,52.63999938964844,53.09000015258789,52.13999938964844,52.58000183105469,562400,52.58000183105469,0.0
SMTC,2020-06-02,52.63999938964844,53.2599983215332,51.52000045776367,52.77000045776367,769900,52.77000045776367,0.0
SMTC,2020-06-03,53.77000045776367,55.0,53.77000045776367,54.0099983215332,685900,54.0099983215332,0.0
SMTC,2020-06-04,53.290000915527344,54.52000045776367,53.040000915527344,54.040000915527344,513100,54.040000915527344,0.0
SMTC,2020-06-05,55.22999954223633,58.22999954223633,55.22999954223633,56.290000915527344,699700,56.290000915527344,0.0
SMTC,2020-06-08,56.68000030517578,57.02000045776367,53.7599983215332,54.209999084472656,615100,54.209999084472656,0.0
SMTC,2020-06-09,53.20000076293945,54.2599983215332,52.869998931884766,53.939998626708984,507400,53.939998626708984,0.0
SMTC,2020-06-10,54.38999938964844,55.18000030517578,53.650001525878906,54.349998474121094,507700,54.349998474121094,0.0
SMTC,2020-06-11,52.209999084472656,52.560001373291016,49.540000915527344,49.650001525878906,572100,49.650001525878906,0.0
SMTC,2020-06-12,51.58000183105469,51.58000183105469,49.27000045776367,50.59000015258789,472800,50.59000015258789,0.0
SMTC,2020-06-15,49.0,51.209999084472656,48.5,50.880001068115234,994800,50.880001068115234,0.0
SMTC,2020-06-16,52.86000061035156,53.72999954223633,51.93000030517578,52.56999969482422,521900,52.56999969482422,0.0
SMTC,2020-06-17,52.959999084472656,53.29999923706055,51.97999954223633,52.310001373291016,397400,52.310001373291016,0.0
SMTC,2020-06-18,52.04999923706055,52.54999923706055,51.34000015258789,51.540000915527344,381900,51.540000915527344,0.0
SMTC,2020-06-19,52.04999923706055,53.0099983215332,50.290000915527344,50.779998779296875,1370300,50.779998779296875,0.0
SMTC,2020-06-22,50.77000045776367,51.88999938964844,49.70000076293945,51.619998931884766,451200,51.619998931884766,0.0
SMTC,2020-06-23,52.45000076293945,52.45000076293945,51.34000015258789,51.59000015258789,635700,51.59000015258789,0.0
SMTC,2020-06-24,50.349998474121094,51.290000915527344,49.310001373291016,50.08000183105469,417400,50.08000183105469,0.0
SMTC,2020-06-25,50.04999923706055,51.150001525878906,49.099998474121094,51.099998474121094,388500,51.099998474121094,0.0
SMTC,2020-06-26,50.72999954223633,51.08000183105469,49.779998779296875,50.29999923706055,725000,50.29999923706055,0.0
SMTC,2020-06-29,51.0099983215332,51.0099983215332,49.599998474121094,50.7599983215332,274800,50.7599983215332,0.0
SMTC,2020-06-30,50.66999816894531,52.599998474121094,50.279998779296875,52.220001220703125,404200,52.220001220703125,0.0
SMTC,2020-07-01,52.09000015258789,52.290000915527344,50.72999954223633,51.04999923706055,394800,51.04999923706055,0.0
SMTC,2020-07-02,52.189998626708984,52.869998931884766,51.790000915527344,52.4900016784668,373800,52.4900016784668,0.0
SMTC,2020-07-06,53.79999923706055,54.099998474121094,53.279998779296875,53.77000045776367,293100,53.77000045776367,0.0
SMTC,2020-07-07,53.279998779296875,54.84000015258789,53.22999954223633,53.2599983215332,363400,53.2599983215332,0.0
SMTC,2020-07-08,54.529998779296875,54.540000915527344,53.189998626708984,54.09000015258789,278400,54.09000015258789,0.0
SMTC,2020-07-09,53.83000183105469,54.54999923706055,52.029998779296875,54.130001068115234,421600,54.130001068115234,0.0
SMTC,2020-07-10,53.970001220703125,54.38999938964844,53.220001220703125,53.70000076293945,398900,53.70000076293945,0.0
SMTC,2020-07-13,54.290000915527344,55.619998931884766,52.290000915527344,52.34000015258789,458900,52.34000015258789,0.0
SMTC,2020-07-14,52.15999984741211,52.970001220703125,51.0,52.869998931884766,469500,52.869998931884766,0.0
SMTC,2020-07-15,53.439998626708984,53.869998931884766,52.150001525878906,53.29999923706055,496900,53.29999923706055,0.0
SMTC,2020-07-16,52.86000061035156,52.86000061035156,52.08000183105469,52.459999084472656,258100,52.459999084472656,0.0
SMTC,2020-07-17,52.4900016784668,53.61000061035156,52.4900016784668,52.9900016784668,185900,52.9900016784668,0.0
SMTC,2020-07-20,52.91999816894531,54.529998779296875,52.86000061035156,53.630001068115234,266700,53.630001068115234,0.0
SMTC,2020-07-21,54.22999954223633,54.22999954223633,52.52000045776367,52.880001068115234,220100,52.880001068115234,0.0
SMTC,2020-07-22,52.869998931884766,53.31999969482422,52.2400016784668,52.529998779296875,307500,52.529998779296875,0.0
SMTC,2020-07-23,52.36000061035156,53.040000915527344,51.59000015258789,52.18000030517578,292100,52.18000030517578,0.0
SMTC,2020-07-24,51.40999984741211,52.45000076293945,51.13999938964844,51.689998626708984,225300,51.689998626708984,0.0
SMTC,2020-07-27,52.189998626708984,54.0099983215332,52.189998626708984,54.0099983215332,432700,54.0099983215332,0.0
SMTC,2020-07-28,53.5099983215332,53.810001373291016,52.650001525878906,52.70000076293945,303100,52.70000076293945,0.0
SMTC,2020-07-29,53.15999984741211,54.63999938964844,52.70000076293945,54.459999084472656,250600,54.459999084472656,0.0
SMTC,2020-07-30,53.560001373291016,55.189998626708984,53.560001373291016,55.11000061035156,286200,55.11000061035156,0.0
SMTC,2020-07-31,55.029998779296875,55.779998779296875,53.90999984741211,55.72999954223633,473600,55.72999954223633,0.0
SMTC,2020-08-03,56.20000076293945,57.27000045776367,56.04999923706055,57.189998626708984,362000,57.189998626708984,0.0
SMTC,2020-08-04,57.18000030517578,58.470001220703125,57.02000045776367,58.459999084472656,343500,58.459999084472656,0.0
SMTC,2020-08-05,58.88999938964844,58.88999938964844,57.22999954223633,58.31999969482422,489300,58.31999969482422,0.0
SMTC,2020-08-06,58.40999984741211,58.79999923706055,57.77000045776367,58.59000015258789,337100,58.59000015258789,0.0
SMTC,2020-08-07,58.41999816894531,59.119998931884766,57.95000076293945,58.880001068115234,439900,58.880001068115234,0.0
SMTC,2020-08-10,59.040000915527344,60.560001373291016,59.0099983215332,60.459999084472656,477300,60.459999084472656,0.0
SMTC,2020-08-11,60.77000045776367,63.209999084472656,60.77000045776367,62.349998474121094,801900,62.349998474121094,0.0
SMTC,2020-08-12,62.880001068115234,64.0999984741211,62.529998779296875,64.0,374800,64.0,0.0
SMTC,2020-08-13,64.05999755859375,64.05999755859375,63.220001220703125,63.529998779296875,349000,63.529998779296875,0.0
SMTC,2020-08-14,63.34000015258789,64.02999877929688,62.40999984741211,63.029998779296875,464500,63.029998779296875,0.0
SMTC,2020-08-17,63.65999984741211,63.79999923706055,62.43000030517578,62.849998474121094,560400,62.849998474121094,0.0
SMTC,2020-08-18,63.15999984741211,63.18000030517578,61.560001373291016,61.779998779296875,630200,61.779998779296875,0.0
SMTC,2020-08-19,62.040000915527344,62.38999938964844,60.79999923706055,61.08000183105469,474800,61.08000183105469,0.0
SMTC,2020-08-20,60.279998779296875,61.790000915527344,60.099998474121094,61.369998931884766,529000,61.369998931884766,0.0
SMTC,2020-08-21,61.810001373291016,62.099998474121094,60.45000076293945,61.029998779296875,314600,61.029998779296875,0.0
SMTC,2020-08-24,61.939998626708984,62.380001068115234,61.31999969482422,62.290000915527344,365400,62.290000915527344,0.0
SMTC,2020-08-25,61.84000015258789,62.91999816894531,61.810001373291016,62.650001525878906,435100,62.650001525878906,0.0
SMTC,2020-08-26,63.060001373291016,63.79999923706055,62.220001220703125,62.900001525878906,609800,62.900001525878906,0.0
SMTC,2020-08-27,57.279998779296875,60.25,56.11000061035156,59.56999969482422,1159300,59.56999969482422,0.0
SMTC,2020-08-28,60.2400016784668,60.38999938964844,59.08000183105469,59.68000030517578,479300,59.68000030517578,0.0
SMTC,2020-08-31,58.959999084472656,59.41999816894531,57.86000061035156,58.650001525878906,730600,58.650001525878906,0.0
SMTC,2020-09-01,58.34000015258789,59.119998931884766,57.939998626708984,59.09000015258789,498600,59.09000015258789,0.0
SMTC,2020-09-02,59.66999816894531,60.95000076293945,59.15999984741211,60.7599983215332,425400,60.7599983215332,0.0
SMTC,2020-09-03,59.599998474121094,59.81999969482422,57.45000076293945,57.7599983215332,868800,57.7599983215332,0.0
SMTC,2020-09-04,57.95000076293945,58.630001068115234,55.029998779296875,57.54999923706055,528300,57.54999923706055,0.0
SMTC,2020-09-08,55.58000183105469,56.13999938964844,54.709999084472656,55.0099983215332,825100,55.0099983215332,0.0
SMTC,2020-09-09,56.11000061035156,56.90999984741211,55.25,56.15999984741211,424400,56.15999984741211,0.0
SMTC,2020-09-10,56.59000015258789,56.880001068115234,54.599998474121094,54.970001220703125,539400,54.970001220703125,0.0
SMTC,2020-09-11,55.619998931884766,56.45000076293945,55.150001525878906,55.959999084472656,515600,55.959999084472656,0.0
SMTC,2020-09-14,56.7599983215332,56.7599983215332,55.34000015258789,56.22999954223633,540900,56.22999954223633,0.0
SMTC,2020-09-15,56.689998626708984,57.34000015258789,56.06999969482422,56.9900016784668,621500,56.9900016784668,0.0
SMTC,2020-09-16,57.43000030517578,57.84000015258789,56.81999969482422,56.880001068115234,612100,56.880001068115234,0.0
SMTC,2020-09-17,55.54999923706055,55.86000061035156,53.97999954223633,54.099998474121094,799200,54.099998474121094,0.0
SMTC,2020-09-18,54.869998931884766,55.36000061035156,51.560001373291016,52.130001068115234,1765300,52.130001068115234,0.0
SMTC,2020-09-21,51.029998779296875,51.470001220703125,50.380001068115234,51.16999816894531,796000,51.16999816894531,0.0
SMTC,2020-09-22,51.869998931884766,51.869998931884766,49.97999954223633,51.369998931884766,412300,51.369998931884766,0.0
SMTC,2020-09-23,51.41999816894531,51.70000076293945,49.83000183105469,50.0,400600,50.0,0.0
SMTC,2020-09-24,49.720001220703125,51.0099983215332,49.439998626708984,50.290000915527344,272500,50.290000915527344,0.0
SMTC,2020-09-25,49.779998779296875,51.54999923706055,49.2599983215332,51.22999954223633,436400,51.22999954223633,0.0
SMTC,2020-09-28,52.209999084472656,53.25,51.83000183105469,53.189998626708984,312400,53.189998626708984,0.0
SMTC,2020-09-29,53.18000030517578,53.95000076293945,51.58000183105469,53.459999084472656,252800,53.459999084472656,0.0
SMTC,2020-09-30,53.40999984741211,53.7400016784668,52.83000183105469,52.959999084472656,334600,52.959999084472656,0.0
SMTC,2020-10-01,53.779998779296875,54.439998626708984,53.279998779296875,54.20000076293945,550100,54.20000076293945,0.0
SMTC,2020-10-02,52.70000076293945,53.41999816894531,52.099998474121094,52.16999816894531,267900,52.16999816894531,0.0
SMTC,2020-10-05,52.619998931884766,54.59000015258789,52.029998779296875,54.540000915527344,366500,54.540000915527344,0.0
SMTC,2020-10-06,54.599998474121094,56.38999938964844,54.58000183105469,55.13999938964844,476600,55.13999938964844,0.0
SMTC,2020-10-07,55.59000015258789,56.189998626708984,55.529998779296875,55.81999969482422,324300,55.81999969482422,0.0
SMTC,2020-10-08,56.54999923706055,56.95000076293945,56.119998931884766,56.599998474121094,360800,56.599998474121094,0.0
SMTC,2020-10-09,57.47999954223633,58.220001220703125,57.20000076293945,57.939998626708984,288300,57.939998626708984,0.0
SMTC,2020-10-12,58.43000030517578,58.779998779296875,57.869998931884766,58.47999954223633,243900,58.47999954223633,0.0
SMTC,2020-10-13,58.310001373291016,58.59000015258789,57.72999954223633,57.9900016784668,204100,57.9900016784668,0.0
SMTC,2020-10-14,58.220001220703125,58.38999938964844,56.84000015258789,56.869998931884766,211200,56.869998931884766,0.0
SMTC,2020-10-15,56.15999984741211,57.16999816894531,55.880001068115234,57.119998931884766,262100,57.119998931884766,0.0
SMTC,2020-10-16,57.36000061035156,57.63999938964844,56.20000076293945,56.349998474121094,204500,56.349998474121094,0.0
SMTC,2020-10-19,56.369998931884766,57.130001068115234,55.95000076293945,56.29999923706055,285200,56.29999923706055,0.0
SMTC,2020-10-20,56.869998931884766,56.970001220703125,55.93000030517578,56.36000061035156,295300,56.36000061035156,0.0
SMTC,2020-10-21,56.400001525878906,56.939998626708984,55.939998626708984,55.939998626708984,232600,55.939998626708984,0.0
SMTC,2020-10-22,56.25,57.18000030517578,55.61000061035156,56.939998626708984,284900,56.939998626708984,0.0
SMTC,2020-10-23,57.0099983215332,57.52000045776367,56.47999954223633,56.97999954223633,226100,56.97999954223633,0.0
SMTC,2020-10-26,56.47999954223633,56.849998474121094,55.060001373291016,55.93000030517578,167700,55.93000030517578,0.0
SMTC,2020-10-27,56.130001068115234,56.31999969482422,54.97999954223633,55.470001220703125,216700,55.470001220703125,0.0
SMTC,2020-10-28,54.45000076293945,54.63999938964844,52.400001525878906,52.459999084472656,353800,52.459999084472656,0.0
SMTC,2020-10-29,52.36000061035156,55.43000030517578,52.22999954223633,55.22999954223633,606400,55.22999954223633,0.0
SMTC,2020-10-30,54.68000030517578,55.290000915527344,53.900001525878906,54.88999938964844,323400,54.88999938964844,0.0
SMTC,2020-11-02,55.7599983215332,55.970001220703125,53.70000076293945,54.060001373291016,354600,54.060001373291016,0.0
SMTC,2020-11-03,54.79999923706055,56.619998931884766,54.5,56.400001525878906,401500,56.400001525878906,0.0
SMTC,2020-11-04,56.72999954223633,59.08000183105469,55.97999954223633,58.84000015258789,363000,58.84000015258789,0.0
SMTC,2020-11-05,59.5099983215332,61.720001220703125,59.5099983215332,61.63999938964844,459400,61.63999938964844,0.0
SMTC,2020-11-06,62.0,63.369998931884766,61.220001220703125,63.15999984741211,218900,63.15999984741211,0.0
SMTC,2020-11-09,66.12999725341797,68.12999725341797,64.91999816894531,64.95999908447266,366700,64.95999908447266,0.0
SMTC,2020-11-10,64.58999633789062,65.55000305175781,63.349998474121094,63.79999923706055,479900,63.79999923706055,0.0
SMTC,2020-11-11,64.5999984741211,65.2300033569336,64.0,65.04000091552734,247300,65.04000091552734,0.0
SMTC,2020-11-12,65.04000091552734,65.62000274658203,63.31999969482422,63.650001525878906,378600,63.650001525878906,0.0
SMTC,2020-11-13,64.80000305175781,65.6500015258789,64.2300033569336,65.3499984741211,197500,65.3499984741211,0.0
SMTC,2020-11-16,66.05999755859375,67.75,65.70999908447266,67.72000122070312,380600,67.72000122070312,0.0
SMTC,2020-11-17,67.05999755859375,68.16999816894531,66.05000305175781,67.76000213623047,348900,67.76000213623047,0.0
SMTC,2020-11-18,67.76000213623047,68.0199966430664,65.94000244140625,66.5199966430664,401000,66.5199966430664,0.0
SMTC,2020-11-19,66.01000213623047,68.05999755859375,66.01000213623047,67.91999816894531,374700,67.91999816894531,0.0
SMTC,2020-11-20,67.30999755859375,70.08000183105469,67.30999755859375,68.94000244140625,417300,68.94000244140625,0.0
SMTC,2020-11-23,69.66000366210938,69.80000305175781,68.23999786376953,68.62999725341797,356000,68.62999725341797,0.0
SMTC,2020-11-24,69.22000122070312,69.30999755859375,67.69000244140625,68.7300033569336,441900,68.7300033569336,0.0
SMTC,2020-11-25,68.25,68.77999877929688,67.4800033569336,67.94000244140625,417200,67.94000244140625,0.0
SMTC,2020-11-27,68.1500015258789,69.5,68.1500015258789,68.94000244140625,117700,68.94000244140625,0.0
SMTC,2020-11-30,69.62999725341797,70.0,67.1500015258789,67.47000122070312,505700,67.47000122070312,0.0
SMTC,2020-12-01,68.4000015258789,68.79000091552734,67.30000305175781,67.94000244140625,648300,67.94000244140625,0.0
SMTC,2020-12-02,68.0,69.3499984741211,67.41999816894531,67.9000015258789,405000,67.9000015258789,0.0
SMTC,2020-12-03,68.08999633789062,69.95999908447266,66.37000274658203,69.4000015258789,773600,69.4000015258789,0.0
SMTC,2020-12-04,70.23999786376953,72.2699966430664,69.27999877929688,72.19999694824219,381000,72.19999694824219,0.0
SMTC,2020-12-07,70.7300033569336,71.31999969482422,70.0,71.02999877929688,469500,71.02999877929688,0.0
SMTC,2020-12-08,70.31999969482422,71.91999816894531,70.25,71.83000183105469,505500,71.83000183105469,0.0
SMTC,2020-12-09,71.43000030517578,72.16000366210938,69.26000213623047,69.4800033569336,478100,69.4800033569336,0.0
SMTC,2020-12-10,69.02999877929688,70.25,67.97000122070312,69.66000366210938,263400,69.66000366210938,0.0
SMTC,2020-12-11,68.83999633789062,70.3499984741211,68.05000305175781,69.9000015258789,231700,69.9000015258789,0.0
SMTC,2020-12-14,70.41999816894531,71.93000030517578,70.41999816894531,71.06999969482422,386200,71.06999969482422,0.0
SMTC,2020-12-15,72.02999877929688,73.4000015258789,71.87000274658203,73.33000183105469,295100,73.33000183105469,0.0
SMTC,2020-12-16,73.16999816894531,73.48999786376953,70.9000015258789,71.1500015258789,341600,71.1500015258789,0.0
SMTC,2020-12-17,71.16999816894531,72.30000305175781,70.4000015258789,72.0199966430664,343200,72.0199966430664,0.0
SMTC,2020-12-18,72.0,73.91000366210938,71.33000183105469,71.66999816894531,1122500,71.66999816894531,0.0
SMTC,2020-12-21,70.31999969482422,71.5199966430664,70.01000213623047,71.33999633789062,274400,71.33999633789062,0.0
SMTC,2020-12-22,71.36000061035156,72.37000274658203,70.93000030517578,71.69999694824219,341600,71.69999694824219,0.0
SMTC,2020-12-23,71.7300033569336,72.12000274658203,71.05000305175781,71.1500015258789,185200,71.1500015258789,0.0
SMTC,2020-12-24,71.1500015258789,71.81999969482422,70.87000274658203,71.72000122070312,112600,71.72000122070312,0.0
SMTC,2020-12-28,72.66000366210938,73.0199966430664,71.79000091552734,71.91000366210938,164000,71.91000366210938,0.0
SMTC,2020-12-29,71.94999694824219,72.08999633789062,70.04000091552734,70.52999877929688,163500,70.52999877929688,0.0
SMTC,2020-12-30,71.06999969482422,72.30000305175781,71.06999969482422,71.98999786376953,120700,71.98999786376953,0.0
SMTC,2020-12-31,72.38999938964844,72.44000244140625,71.3499984741211,72.08999633789062,179100,72.08999633789062,0.0
SMTC,2021-01-04,72.94000244140625,74.33000183105469,70.19999694824219,71.18000030517578,320800,71.18000030517578,0.0
SMTC,2021-01-05,70.72000122070312,72.62999725341797,70.58999633789062,72.29000091552734,926400,72.29000091552734,0.0
SMTC,2021-01-06,72.45999908447266,74.58999633789062,72.36000061035156,73.5199966430664,679300,73.5199966430664,0.0
SMTC,2021-01-07,73.83999633789062,75.23999786376953,73.69999694824219,74.6500015258789,379100,74.6500015258789,0.0
SMTC,2021-01-08,75.41000366210938,76.3499984741211,73.55000305175781,74.29000091552734,581400,74.29000091552734,0.0
SMTC,2021-01-11,73.93000030517578,75.69999694824219,73.5199966430664,74.56999969482422,327700,74.56999969482422,0.0
SMTC,2021-01-12,74.83000183105469,76.25,73.87000274658203,75.08999633789062,397200,75.08999633789062,0.0
SMTC,2021-01-13,74.94999694824219,75.66999816894531,73.54000091552734,73.88999938964844,661500,73.88999938964844,0.0
SMTC,2021-01-14,74.20999908447266,78.5999984741211,74.0199966430664,78.0,408500,78.0,0.0
SMTC,2021-01-15,77.54000091552734,78.11000061035156,76.33999633789062,77.31999969482422,315100,77.31999969482422,0.0
SMTC,2021-01-19,77.94000244140625,80.43000030517578,77.94000244140625,80.12000274658203,324600,80.12000274658203,0.0
SMTC,2021-01-20,81.12000274658203,81.87999725341797,80.66000366210938,81.5199966430664,380900,81.5199966430664,0.0
SMTC,2021-01-21,82.05999755859375,83.2699966430664,81.0999984741211,82.2300033569336,507500,82.2300033569336,0.0
SMTC,2021-01-22,81.19999694824219,83.0,81.19999694824219,82.81999969482422,364100,82.81999969482422,0.0
SMTC,2021-01-25,83.11000061035156,83.94000244140625,80.41999816894531,82.1500015258789,402500,82.1500015258789,0.0
SMTC,2021-01-26,82.31999969482422,82.31999969482422,77.41999816894531,77.83999633789062,318500,77.83999633789062,0.0
SMTC,2021-01-27,75.22000122070312,76.44000244140625,71.61000061035156,73.93000030517578,528600,73.93000030517578,0.0
SMTC,2021-01-28,75.77999877929688,75.91000366210938,72.52999877929688,75.06999969482422,334500,75.06999969482422,0.0
SMTC,2021-01-29,75.02999877929688,75.33999633789062,70.93000030517578,70.94999694824219,491000,70.94999694824219,0.0
SMTC,2021-02-01,72.0999984741211,74.88999938964844,71.51000213623047,74.4000015258789,252000,74.4000015258789,0.0
SMTC,2021-02-02,75.66999816894531,76.12000274658203,74.66000366210938,75.70999908447266,291300,75.70999908447266,0.0
SMTC,2021-02-03,75.44999694824219,75.75,70.30000305175781,71.33000183105469,734700,71.33000183105469,0.0
SMTC,2021-02-04,71.22000122070312,72.5,70.48999786376953,72.3499984741211,267100,72.3499984741211,0.0
SMTC,2021-02-05,72.70999908447266,73.37000274658203,71.51000213623047,71.94000244140625,237200,71.94000244140625,0.0
SMTC,2021-02-08,72.43000030517578,74.3499984741211,72.41000366210938,74.2699966430664,257200,74.2699966430664,0.0
SMTC,2021-02-09,74.2300033569336,75.0999984741211,73.94000244140625,74.93000030517578,156500,74.93000030517578,0.0
SMTC,2021-02-10,75.86000061035156,75.91999816894531,73.9000015258789,74.69999694824219,242000,74.69999694824219,0.0
SMTC,2021-02-11,75.55999755859375,76.86000061035156,74.43000030517578,76.75,265300,76.75,0.0
SMTC,2021-02-12,76.5,79.0,75.86000061035156,78.88999938964844,275900,78.88999938964844,0.0
SMTC,2021-02-16,79.7699966430664,80.0,78.55999755859375,79.0,331100,79.0,0.0
SMTC,2021-02-17,77.70999908447266,78.38999938964844,75.33999633789062,77.44999694824219,301600,77.44999694824219,0.0
SMTC,2021-02-18,76.58000183105469,76.73999786376953,75.19000244140625,76.5199966430664,165900,76.5199966430664,0.0
SMTC,2021-02-19,77.19999694824219,80.12000274658203,77.05999755859375,80.02999877929688,272100,80.02999877929688,0.0
SMTC,2021-02-22,79.08000183105469,79.55000305175781,75.6500015258789,76.70999908447266,312700,76.70999908447266,0.0
SMTC,2021-02-23,75.2699966430664,77.02999877929688,73.51000213623047,76.33000183105469,252500,76.33000183105469,0.0
SMTC,2021-02-24,75.62999725341797,78.5999984741211,74.63999938964844,78.5199966430664,165400,78.5199966430664,0.0
SMTC,2021-02-25,77.68000030517578,78.22000122070312,71.8499984741211,72.11000061035156,315900,72.11000061035156,0.0
SMTC,2021-02-26,73.31999969482422,74.86000061035156,71.16000366210938,73.30999755859375,267900,73.30999755859375,0.0
SMTC,2021-03-01,75.36000061035156,76.37999725341797,73.86000061035156,76.37999725341797,243300,76.37999725341797,0.0
SMTC,2021-03-02,76.19000244140625,76.19000244140625,72.0,72.05000305175781,250500,72.05000305175781,0.0
SMTC,2021-03-03,72.16000366210938,74.56999969482422,70.30000305175781,70.30000305175781,358600,70.30000305175781,0.0
SMTC,2021-03-04,69.94999694824219,70.36000061035156,64.66999816894531,65.63999938964844,429700,65.63999938964844,0.0
SMTC,2021-03-05,67.4800033569336,68.51000213623047,64.36000061035156,68.0,452500,68.0,0.0
SMTC,2021-03-08,67.98999786376953,69.12999725341797,66.02999877929688,66.18000030517578,376200,66.18000030517578,0.0
SMTC,2021-03-09,68.58000183105469,69.25,66.44999694824219,68.13999938964844,657600,68.13999938964844,0.0
SMTC,2021-03-10,69.19999694824219,69.79000091552734,65.73999786376953,65.80999755859375,349100,65.80999755859375,0.0
SMTC,2021-03-11,67.58999633789062,69.52999877929688,67.01000213623047,69.43000030517578,233000,69.43000030517578,0.0
SMTC,2021-03-12,68.62000274658203,69.25,67.26000213623047,68.97000122070312,230600,68.97000122070312,0.0
SMTC,2021-03-15,69.06999969482422,70.6500015258789,68.16000366210938,70.56999969482422,384300,70.56999969482422,0.0
SMTC,2021-03-16,71.58000183105469,73.94000244140625,71.05999755859375,72.2699966430664,335400,72.2699966430664,0.0
SMTC,2021-03-17,71.05000305175781,73.08999633789062,69.26000213623047,73.08999633789062,378400,73.08999633789062,0.0
SMTC,2021-03-18,73.33000183105469,75.37000274658203,68.72000122070312,68.87999725341797,620800,68.87999725341797,0.0
SMTC,2021-03-19,69.08999633789062,73.48999786376953,69.08999633789062,72.62000274658203,1130000,72.62000274658203,0.0
SMTC,2021-03-22,73.98999786376953,73.98999786376953,72.36000061035156,72.61000061035156,391500,72.61000061035156,0.0
SMTC,2021-03-23,72.16000366210938,73.18000030517578,67.91999816894531,68.2699966430664,357500,68.2699966430664,0.0
SMTC,2021-03-24,69.44999694824219,69.8499984741211,65.61000061035156,65.7699966430664,622500,65.7699966430664,0.0
SMTC,2021-03-25,64.77999877929688,65.97000122070312,63.560001373291016,65.19999694824219,612300,65.19999694824219,0.0
SMTC,2021-03-26,65.27999877929688,68.0999984741211,64.72000122070312,68.0199966430664,554800,68.0199966430664,0.0
SMTC,2021-03-29,67.2300033569336,67.93000030517578,65.3499984741211,66.38999938964844,357500,66.38999938964844,0.0
SMTC,2021-03-30,65.70999908447266,67.44999694824219,65.2699966430664,67.1500015258789,322500,67.1500015258789,0.0
SMTC,2021-03-31,67.87000274658203,70.08000183105469,67.62999725341797,69.0,345700,69.0,0.0
SMTC,2021-04-01,70.25,72.0,70.05000305175781,71.45999908447266,334100,71.45999908447266,0.0
SMTC,2021-04-05,72.18000030517578,72.31999969482422,70.83999633789062,72.05999755859375,215200,72.05999755859375,0.0
SMTC,2021-04-06,71.79000091552734,72.33999633789062,70.70999908447266,70.97000122070312,217700,70.97000122070312,0.0
SMTC,2021-04-07,70.37000274658203,71.08999633789062,69.37000274658203,69.66000366210938,239200,69.66000366210938,0.0
SMTC,2021-04-08,70.58000183105469,71.01000213623047,69.80999755859375,70.94000244140625,226500,70.94000244140625,0.0
SMTC,2021-04-09,70.2699966430664,70.8499984741211,69.79000091552734,70.52999877929688,276700,70.52999877929688,0.0
SMTC,2021-04-12,70.01000213623047,70.44000244140625,69.02999877929688,70.31999969482422,137700,70.31999969482422,0.0
SMTC,2021-04-13,70.70999908447266,71.9000015258789,69.0,69.61000061035156,167300,69.61000061035156,0.0
SMTC,2021-04-14,69.54000091552734,71.55000305175781,68.61000061035156,68.94999694824219,308700,68.94999694824219,0.0
SMTC,2021-04-15,69.87000274658203,70.37999725341797,69.2699966430664,70.06999969482422,303800,70.06999969482422,0.0
SMTC,2021-04-16,70.29000091552734,70.61000061035156,69.44999694824219,70.45999908447266,327600,70.45999908447266,0.0
SMTC,2021-04-19,69.18000030517578,69.88999938964844,67.27999877929688,68.9800033569336,483800,68.9800033569336,0.0
SMTC,2021-04-20,68.62999725341797,68.93000030517578,66.5199966430664,67.12000274658203,250000,67.12000274658203,0.0
SMTC,2021-04-21,67.3499984741211,69.08000183105469,66.94000244140625,68.95999908447266,174200,68.95999908447266,0.0
SMTC,2021-04-22,69.01000213623047,69.66999816894531,67.76000213623047,67.94999694824219,191600,67.94999694824219,0.0
SMTC,2021-04-23,68.69999694824219,71.77999877929688,68.63999938964844,71.25,332700,71.25,0.0
SMTC,2021-04-26,71.62000274658203,73.25,71.02999877929688,72.79000091552734,344000,72.79000091552734,0.0
SMTC,2021-04-27,73.36000061035156,73.36000061035156,71.08000183105469,71.37000274658203,162700,71.37000274658203,0.0
SMTC,2021-04-28,70.86000061035156,72.12000274658203,70.3499984741211,70.61000061035156,193700,70.61000061035156,0.0
SMTC,2021-04-29,71.48999786376953,72.37999725341797,69.0,70.16000366210938,172200,70.16000366210938,0.0
SMTC,2021-04-30,69.45999908447266,69.48999786376953,67.18000030517578,67.73999786376953,296900,67.73999786376953,0.0
SMTC,2021-05-03,68.55999755859375,68.63999938964844,65.87000274658203,66.30000305175781,228300,66.30000305175781,0.0
SMTC,2021-05-04,65.18000030517578,65.30000305175781,63.369998931884766,63.65999984741211,326100,63.65999984741211,0.0
SMTC,2021-05-05,64.47000122070312,64.56999969482422,62.77000045776367,63.459999084472656,466600,63.459999084472656,0.0
SMTC,2021-05-06,63.040000915527344,63.130001068115234,61.7599983215332,63.029998779296875,303200,63.029998779296875,0.0
SMTC,2021-05-07,63.959999084472656,65.4000015258789,63.52000045776367,64.01000213623047,249700,64.01000213623047,0.0
SMTC,2021-05-10,63.77000045776367,63.77000045776367,61.31999969482422,61.470001220703125,406200,61.470001220703125,0.0
SMTC,2021-05-11,59.33000183105469,61.91999816894531,59.16999816894531,61.560001373291016,295300,61.560001373291016,0.0
SMTC,2021-05-12,59.9900016784668,60.91999816894531,58.34000015258789,58.650001525878906,275600,58.650001525878906,0.0
SMTC,2021-05-13,59.81999969482422,60.97999954223633,58.939998626708984,60.2599983215332,417100,60.2599983215332,0.0
SMTC,2021-05-14,61.060001373291016,61.77000045776367,59.90999984741211,61.16999816894531,652300,61.16999816894531,0.0
SMTC,2021-05-17,60.400001525878906,62.40999984741211,60.099998474121094,61.040000915527344,263400,61.040000915527344,0.0
SMTC,2021-05-18,61.59000015258789,62.2400016784668,60.279998779296875,60.41999816894531,205500,60.41999816894531,0.0
SMTC,2021-05-19,59.06999969482422,62.02000045776367,58.849998474121094,61.47999954223633,386000,61.47999954223633,0.0
SMTC,2021-05-20,61.65999984741211,62.529998779296875,60.810001373291016,62.29999923706055,809500,62.29999923706055,0.0
SMTC,2021-05-21,62.790000915527344,63.099998474121094,61.84000015258789,61.95000076293945,282600,61.95000076293945,0.0
SMTC,2021-05-24,62.38999938964844,63.11000061035156,61.90999984741211,62.290000915527344,535100,62.290000915527344,0.0
SMTC,2021-05-25,62.90999984741211,63.56999969482422,61.7599983215332,62.0,347600,62.0,0.0
SMTC,2021-05-26,62.029998779296875,63.9900016784668,62.029998779296875,62.95000076293945,699900,62.95000076293945,0.0
SMTC,2021-05-27,63.2400016784668,63.650001525878906,62.70000076293945,62.869998931884766,636300,62.869998931884766,0.0
SMTC,2021-05-28,63.369998931884766,63.47999954223633,62.5099983215332,63.0,467600,63.0,0.0
SMTC,2021-06-01,63.29999923706055,63.7599983215332,62.150001525878906,62.95000076293945,533600,62.95000076293945,0.0
SMTC,2021-06-02,62.880001068115234,63.20000076293945,61.75,61.93000030517578,734100,61.93000030517578,0.0
SMTC,2021-06-03,65.0,65.69000244140625,63.869998931884766,65.11000061035156,2077100,65.11000061035156,0.0
SMTC,2021-06-04,65.88999938964844,67.75,65.55999755859375,67.26000213623047,620900,67.26000213623047,0.0
SMTC,2021-06-07,66.79000091552734,67.06999969482422,65.68000030517578,66.68000030517578,509700,66.68000030517578,0.0
SMTC,2021-06-08,66.41999816894531,67.30999755859375,65.55000305175781,67.22000122070312,378300,67.22000122070312,0.0
SMTC,2021-06-09,67.77999877929688,67.80000305175781,66.66000366210938,66.75,380100,66.75,0.0
SMTC,2021-06-10,67.19000244140625,68.26000213623047,66.08000183105469,66.38999938964844,378600,66.38999938964844,0.0
SMTC,2021-06-11,66.48999786376953,67.05999755859375,65.72000122070312,66.30000305175781,278300,66.30000305175781,0.0
SMTC,2021-06-14,66.5,67.11000061035156,66.0,67.05999755859375,496800,67.05999755859375,0.0
SMTC,2021-06-15,67.02999877929688,67.76000213623047,66.41999816894531,66.6500015258789,216500,66.6500015258789,0.0
SMTC,2021-06-16,66.66999816894531,67.33000183105469,65.27999877929688,65.86000061035156,297600,65.86000061035156,0.0
SMTC,2021-06-17,65.43000030517578,66.98999786376953,65.29000091552734,65.91999816894531,271700,65.91999816894531,0.0
SMTC,2021-06-18,64.54000091552734,65.37999725341797,63.20000076293945,63.40999984741211,666600,63.40999984741211,0.0
SMTC,2021-06-21,63.630001068115234,64.31999969482422,62.77000045776367,64.18000030517578,473400,64.18000030517578,0.0
SMTC,2021-06-22,64.02999877929688,64.33999633789062,63.540000915527344,64.08999633789062,423700,64.08999633789062,0.0
SMTC,2021-06-23,64.08999633789062,64.94999694824219,63.93000030517578,64.4000015258789,808500,64.4000015258789,0.0
SMTC,2021-06-24,65.01000213623047,66.6500015258789,65.0,66.25,498100,66.25,0.0
SMTC,2021-06-25,66.62000274658203,67.61000061035156,65.97000122070312,66.12000274658203,880000,66.12000274658203,0.0
SMTC,2021-06-28,66.66999816894531,68.02999877929688,66.55000305175781,67.45999908447266,413900,67.45999908447266,0.0
SMTC,2021-06-29,67.33999633789062,68.68000030517578,67.12999725341797,68.58999633789062,383700,68.58999633789062,0.0
SMTC,2021-06-30,68.33000183105469,69.22000122070312,68.01000213623047,68.80000305175781,561000,68.80000305175781,0.0
SMTC,2021-07-01,68.79000091552734,69.33000183105469,67.86000061035156,68.05999755859375,361000,68.05999755859375,0.0
SMTC,2021-07-02,68.69999694824219,69.11000061035156,67.58000183105469,67.69999694824219,280200,67.69999694824219,0.0
SMTC,2021-07-06,67.69999694824219,67.79000091552734,65.2300033569336,66.27999877929688,268500,66.27999877929688,0.0
SMTC,2021-07-07,66.8499984741211,67.37000274658203,64.47000122070312,64.77999877929688,291300,64.77999877929688,0.0
SMTC,2021-07-08,63.5,64.48999786376953,62.310001373291016,63.63999938964844,341700,63.63999938964844,0.0
SMTC,2021-07-09,63.810001373291016,65.68000030517578,63.400001525878906,65.29000091552734,266800,65.29000091552734,0.0
SMTC,2021-07-12,65.44999694824219,65.73999786376953,64.44999694824219,65.1500015258789,230500,65.1500015258789,0.0
SMTC,2021-07-13,64.80000305175781,65.63999938964844,64.47000122070312,65.4800033569336,347800,65.4800033569336,0.0
SMTC,2021-07-14,66.08000183105469,66.91999816894531,64.31999969482422,64.4000015258789,287100,64.4000015258789,0.0
SMTC,2021-07-15,63.970001220703125,64.37999725341797,61.72999954223633,62.439998626708984,367000,62.439998626708984,0.0
SMTC,2021-07-16,62.97999954223633,63.310001373291016,60.90999984741211,60.91999816894531,245200,60.91999816894531,0.0
SMTC,2021-07-19,59.54999923706055,60.599998474121094,58.869998931884766,59.70000076293945,229800,59.70000076293945,0.0
SMTC,2021-07-20,59.79999923706055,61.380001068115234,59.529998779296875,60.93000030517578,424800,60.93000030517578,0.0
SMTC,2021-07-21,61.369998931884766,62.83000183105469,61.369998931884766,61.959999084472656,457800,61.959999084472656,0.0
SMTC,2021-07-22,61.38999938964844,61.5099983215332,60.31999969482422,60.7599983215332,218200,60.7599983215332,0.0
SMTC,2021-07-23,60.93000030517578,61.7400016784668,60.029998779296875,61.279998779296875,357800,61.279998779296875,0.0
SMTC,2021-07-26,61.189998626708984,61.560001373291016,60.5099983215332,60.939998626708984,200700,60.939998626708984,0.0
SMTC,2021-07-27,60.90999984741211,61.060001373291016,57.970001220703125,59.31999969482422,320800,59.31999969482422,0.0
SMTC,2021-07-28,59.709999084472656,61.310001373291016,59.47999954223633,60.599998474121094,244200,60.599998474121094,0.0
SMTC,2021-07-29,60.91999816894531,61.90999984741211,60.790000915527344,61.540000915527344,170600,61.540000915527344,0.0
SMTC,2021-07-30,60.720001220703125,62.150001525878906,60.66999816894531,61.90999984741211,249100,61.90999984741211,0.0
SMTC,2021-08-02,62.790000915527344,63.790000915527344,62.119998931884766,62.20000076293945,198900,62.20000076293945,0.0
SMTC,2021-08-03,62.349998474121094,62.77000045776367,61.369998931884766,62.2400016784668,239800,62.2400016784668,0.0
SMTC,2021-08-04,62.349998474121094,63.0,62.130001068115234,62.36000061035156,208400,62.36000061035156,0.0
SMTC,2021-08-05,63.04999923706055,63.540000915527344,62.33000183105469,62.880001068115234,160500,62.880001068115234,0.0
SMTC,2021-08-06,62.779998779296875,64.31999969482422,62.650001525878906,64.2300033569336,268600,64.2300033569336,0.0
SMTC,2021-08-09,64.7300033569336,64.7300033569336,62.77000045776367,63.90999984741211,222600,63.90999984741211,0.0
SMTC,2021-08-10,64.0,64.94000244140625,63.060001373291016,64.75,326500,64.75,0.0
SMTC,2021-08-11,64.91999816894531,64.91999816894531,62.869998931884766,64.5,249800,64.5,0.0
SMTC,2021-08-12,64.4000015258789,64.58000183105469,63.349998474121094,64.51000213623047,257900,64.51000213623047,0.0
SMTC,2021-08-13,64.52999877929688,66.25,63.88999938964844,66.04000091552734,643600,66.04000091552734,0.0
SMTC,2021-08-16,65.91000366210938,66.1500015258789,64.93000030517578,65.11000061035156,294900,65.11000061035156,0.0
SMTC,2021-08-17,64.30999755859375,64.30999755859375,61.560001373291016,63.290000915527344,444300,63.290000915527344,0.0
SMTC,2021-08-18,63.470001220703125,64.48999786376953,62.900001525878906,62.959999084472656,207000,62.959999084472656,0.0
SMTC,2021-08-19,62.63999938964844,63.31999969482422,61.880001068115234,62.83000183105469,198400,62.83000183105469,0.0
SMTC,2021-08-20,62.83000183105469,63.470001220703125,62.630001068115234,63.400001525878906,181300,63.400001525878906,0.0
SMTC,2021-08-23,64.83999633789062,65.56999969482422,64.02999877929688,65.30999755859375,196400,65.30999755859375,0.0
SMTC,2021-08-24,65.41000366210938,66.2699966430664,65.08000183105469,66.20999908447266,259600,66.20999908447266,0.0
SMTC,2021-08-25,66.61000061035156,67.5199966430664,66.61000061035156,67.30000305175781,286100,67.30000305175781,0.0
SMTC,2021-08-26,67.02999877929688,68.2300033569336,66.87999725341797,68.06999969482422,357900,68.06999969482422,0.0
SMTC,2021-08-27,68.31999969482422,70.69999694824219,68.31999969482422,70.36000061035156,474400,70.36000061035156,0.0
SMTC,2021-08-30,70.75,71.20999908447266,69.6500015258789,69.83999633789062,431500,69.83999633789062,0.0
SMTC,2021-08-31,69.94999694824219,70.44000244140625,68.93000030517578,69.91999816894531,395800,69.91999816894531,0.0
SMTC,2021-09-01,70.33999633789062,71.80999755859375,69.5999984741211,70.95999908447266,716900,70.95999908447266,0.0
SMTC,2021-09-02,76.0,79.44000244140625,74.54000091552734,78.70999908447266,1734700,78.70999908447266,0.0
SMTC,2021-09-03,78.7300033569336,79.05999755859375,77.58000183105469,78.1500015258789,759800,78.1500015258789,0.0
SMTC,2021-09-07,77.0999984741211,78.31999969482422,76.69999694824219,77.5,520000,77.5,0.0
SMTC,2021-09-08,77.41999816894531,77.41999816894531,75.47000122070312,75.98999786376953,495300,75.98999786376953,0.0
SMTC,2021-09-09,75.62000274658203,76.48999786376953,74.87000274658203,74.87000274658203,348700,74.87000274658203,0.0
SMTC,2021-09-10,75.01000213623047,76.33999633789062,74.08999633789062,74.12999725341797,487600,74.12999725341797,0.0
SMTC,2021-09-13,75.05999755859375,76.23999786376953,73.87999725341797,75.9800033569336,418200,75.9800033569336,0.0
SMTC,2021-09-14,76.33999633789062,76.8499984741211,75.69999694824219,76.5,406500,76.5,0.0
SMTC,2021-09-15,76.61000061035156,76.61000061035156,75.48999786376953,76.4000015258789,327100,76.4000015258789,0.0
SMTC,2021-09-16,76.41999816894531,79.30000305175781,76.22000122070312,78.43000030517578,707900,78.43000030517578,0.0
SMTC,2021-09-17,78.41000366210938,78.8499984741211,76.79000091552734,77.6500015258789,1285900,77.6500015258789,0.0
SMTC,2021-09-20,76.04000091552734,77.47000122070312,75.44999694824219,77.2300033569336,516000,77.2300033569336,0.0
SMTC,2021-09-21,77.66999816894531,78.0999984741211,76.13999938964844,77.8499984741211,343300,77.8499984741211,0.0
SMTC,2021-09-22,78.54000091552734,81.44999694824219,78.36000061035156,81.2300033569336,611800,81.2300033569336,0.0
SMTC,2021-09-23,81.91999816894531,82.55999755859375,81.2300033569336,82.38999938964844,552800,82.38999938964844,0.0
SMTC,2021-09-24,81.88999938964844,82.54000091552734,80.9000015258789,81.44000244140625,263000,81.44000244140625,0.0
SMTC,2021-09-27,80.97000122070312,81.98999786376953,79.58000183105469,81.69999694824219,296600,81.69999694824219,0.0
SMTC,2021-09-28,80.4000015258789,80.70999908447266,77.23999786376953,77.37999725341797,471700,77.37999725341797,0.0
SMTC,2021-09-29,77.86000061035156,77.86000061035156,75.51000213623047,76.2300033569336,343700,76.2300033569336,0.0
SMTC,2021-09-30,77.23999786376953,78.6500015258789,77.20999908447266,77.97000122070312,415300,77.97000122070312,0.0
SMTC,2021-10-01,78.43000030517578,79.30000305175781,76.91000366210938,78.72000122070312,364600,78.72000122070312,0.0
SMTC,2021-10-04,78.44999694824219,78.69999694824219,77.16000366210938,78.31999969482422,434200,78.31999969482422,0.0
SMTC,2021-10-05,79.0,79.72000122070312,78.01000213623047,78.38999938964844,280100,78.38999938964844,0.0
SMTC,2021-10-06,77.05000305175781,78.44999694824219,76.87999725341797,77.76000213623047,208300,77.76000213623047,0.0
SMTC,2021-10-07,78.58999633789062,79.83000183105469,78.30999755859375,78.72000122070312,432400,78.72000122070312,0.0
SMTC,2021-10-08,78.87999725341797,79.01000213623047,77.4000015258789,77.45999908447266,200800,77.45999908447266,0.0
SMTC,2021-10-11,77.0199966430664,78.08999633789062,76.5199966430664,76.58000183105469,161900,76.58000183105469,0.0
SMTC,2021-10-12,77.18000030517578,77.31999969482422,75.55999755859375,75.7699966430664,218100,75.7699966430664,0.0
SMTC,2021-10-13,75.80999755859375,76.36000061035156,73.88999938964844,74.76000213623047,395900,74.76000213623047,0.0
SMTC,2021-10-14,76.87000274658203,77.22000122070312,75.94000244140625,77.08000183105469,280500,77.08000183105469,0.0
SMTC,2021-10-15,78.51000213623047,79.5,76.83999633789062,77.05999755859375,332500,77.05999755859375,0.0
SMTC,2021-10-18,76.48999786376953,77.4800033569336,76.0199966430664,77.08000183105469,178400,77.08000183105469,0.0
SMTC,2021-10-19,77.2300033569336,78.7699966430664,76.86000061035156,78.5199966430664,176200,78.5199966430664,0.0
SMTC,2021-10-20,78.01000213623047,79.08999633789062,77.27999877929688,77.70999908447266,230100,77.70999908447266,0.0
SMTC,2021-10-21,77.3499984741211,79.01000213623047,77.02999877929688,78.88999938964844,171600,78.88999938964844,0.0
SMTC,2021-10-22,78.83000183105469,79.51000213623047,77.80999755859375,78.11000061035156,150900,78.11000061035156,0.0
SMTC,2021-10-25,78.48999786376953,80.30000305175781,77.9800033569336,80.18000030517578,215100,80.18000030517578,0.0
SMTC,2021-10-26,80.91000366210938,81.97000122070312,79.63999938964844,80.54000091552734,238500,80.54000091552734,0.0
SMTC,2021-10-27,79.98999786376953,81.97000122070312,79.97000122070312,81.37000274658203,278200,81.37000274658203,0.0
SMTC,2021-10-28,82.58000183105469,85.33999633789062,82.58000183105469,84.30999755859375,411700,84.30999755859375,0.0
SMTC,2021-10-29,83.4800033569336,85.38999938964844,83.4800033569336,85.02999877929688,379000,85.02999877929688,0.0
SMTC,2021-11-01,85.41999816894531,87.62000274658203,85.2699966430664,87.5,360600,87.5,0.0
SMTC,2021-11-02,87.56999969482422,89.0999984741211,87.16999816894531,87.61000061035156,382800,87.61000061035156,0.0
SMTC,2021-11-03,87.5999984741211,88.87000274658203,86.75,88.77999877929688,272400,88.77999877929688,0.0
SMTC,2021-11-04,89.55999755859375,91.12000274658203,88.8499984741211,90.9800033569336,332400,90.9800033569336,0.0
SMTC,2021-11-05,92.0999984741211,93.1500015258789,90.12999725341797,90.2300033569336,504300,90.2300033569336,0.0
SMTC,2021-11-08,90.97000122070312,92.08000183105469,90.22000122070312,90.5199966430664,409600,90.5199966430664,0.0
SMTC,2021-11-09,90.95999908447266,91.2699966430664,89.44999694824219,90.25,309400,90.25,0.0
SMTC,2021-11-10,88.56999969482422,90.06999969482422,85.51000213623047,88.16000366210938,228000,88.16000366210938,0.0
SMTC,2021-11-11,89.4000015258789,90.4000015258789,88.66000366210938,90.2699966430664,195000,90.2699966430664,0.0
SMTC,2021-11-12,90.9000015258789,91.16999816894531,89.44000244140625,89.94000244140625,170800,89.94000244140625,0.0
SMTC,2021-11-15,90.72000122070312,91.12000274658203,88.69000244140625,89.81999969482422,199700,89.81999969482422,0.0
SMTC,2021-11-16,89.1500015258789,91.5199966430664,89.01000213623047,91.44999694824219,214600,91.44999694824219,0.0
SMTC,2021-11-17,91.4000015258789,91.4000015258789,89.31999969482422,90.66000366210938,288700,90.66000366210938,0.0
SMTC,2021-11-18,91.61000061035156,92.11000061035156,89.61000061035156,90.8499984741211,278500,90.8499984741211,0.0
SMTC,2021-11-19,90.8499984741211,92.56999969482422,89.72000122070312,91.98999786376953,206100,91.98999786376953,0.0
SMTC,2021-11-22,93.36000061035156,94.91999816894531,90.55999755859375,90.58000183105469,326300,90.58000183105469,0.0
SMTC,2021-11-23,90.18000030517578,91.30000305175781,88.75,89.5199966430664,283900,89.5199966430664,0.0
SMTC,2021-11-24,88.9800033569336,89.73999786376953,86.97000122070312,89.51000213623047,189600,89.51000213623047,0.0
SMTC,2021-11-26,87.4000015258789,88.7699966430664,84.58000183105469,85.3499984741211,188400,85.3499984741211,0.0
SMTC,2021-11-29,87.91000366210938,88.37000274658203,86.51000213623047,88.19999694824219,543900,88.19999694824219,0.0
SMTC,2021-11-30,87.9000015258789,88.79000091552734,84.51000213623047,85.66999816894531,432400,85.66999816894531,0.0
SMTC,2021-12-01,88.61000061035156,92.1500015258789,86.55000305175781,86.69000244140625,683300,86.69000244140625,0.0
SMTC,2021-12-02,88.0,90.5199966430664,87.01000213623047,89.19000244140625,812400,89.19000244140625,0.0
SMTC,2021-12-03,90.81999969482422,91.33999633789062,84.77999877929688,85.94000244140625,474100,85.94000244140625,0.0
SMTC,2021-12-06,86.56999969482422,87.05000305175781,83.22000122070312,85.33000183105469,527000,85.33000183105469,0.0
SMTC,2021-12-07,87.37999725341797,90.38999938964844,86.75,90.08000183105469,397600,90.08000183105469,0.0
SMTC,2021-12-08,89.23999786376953,90.83999633789062,88.5999984741211,90.69999694824219,348900,90.69999694824219,0.0
SMTC,2021-12-09,90.11000061035156,90.87000274658203,87.36000061035156,87.4800033569336,326900,87.4800033569336,0.0
SMTC,2021-12-10,88.94000244140625,89.43000030517578,86.69000244140625,87.20999908447266,322600,87.20999908447266,0.0
SMTC,2021-12-13,87.19999694824219,87.62999725341797,84.62000274658203,85.44999694824219,297100,85.44999694824219,0.0
SMTC,2021-12-14,84.45999908447266,86.87999725341797,84.05999755859375,86.04000091552734,357700,86.04000091552734,0.0
SMTC,2021-12-15,86.37999725341797,88.51000213623047,84.56999969482422,88.43000030517578,371300,88.43000030517578,0.0
SMTC,2021-12-16,89.0,89.16999816894531,82.52999877929688,83.58000183105469,445400,83.58000183105469,0.0
SMTC,2021-12-17,82.30000305175781,86.23999786376953,82.02999877929688,84.79000091552734,1008500,84.79000091552734,0.0
SMTC,2021-12-20,84.61000061035156,84.61000061035156,81.26000213623047,82.88999938964844,279600,82.88999938964844,0.0
SMTC,2021-12-21,84.5999984741211,85.29000091552734,83.12000274658203,85.16999816894531,331300,85.16999816894531,0.0
SMTC,2021-12-22,84.81999969482422,86.55999755859375,84.41999816894531,86.26000213623047,268400,86.26000213623047,0.0
SMTC,2021-12-23,86.5199966430664,87.7300033569336,85.93000030517578,86.91000366210938,173800,86.91000366210938,0.0
SMTC,2021-12-27,86.98999786376953,90.27999877929688,86.98999786376953,90.19999694824219,243900,90.19999694824219,0.0
SMTC,2021-12-28,90.37000274658203,90.5,88.27999877929688,89.05000305175781,174900,89.05000305175781,0.0
SMTC,2021-12-29,89.12000274658203,89.98999786376953,88.87999725341797,89.80999755859375,131600,89.80999755859375,0.0
SMTC,2021-12-30,89.80999755859375,90.66000366210938,88.37000274658203,88.52999877929688,179200,88.52999877929688,0.0
SMTC,2021-12-31,88.83999633789062,89.8499984741211,88.37000274658203,88.93000030517578,136000,88.93000030517578,0.0
SMTC,2022-01-03,89.12999725341797,90.4800033569336,88.66000366210938,89.9800033569336,212400,89.9800033569336,0.0
SMTC,2022-01-04,90.38999938964844,92.13999938964844,86.20999908447266,89.44999694824219,365400,89.44999694824219,0.0
SMTC,2022-01-05,88.75,89.04000091552734,83.11000061035156,83.16999816894531,323100,83.16999816894531,0.0
SMTC,2022-01-06,83.66000366210938,85.68000030517578,82.94000244140625,84.93000030517578,209900,84.93000030517578,0.0
SMTC,2022-01-07,84.54000091552734,87.31999969482422,79.95999908447266,80.06999969482422,434000,80.06999969482422,0.0
SMTC,2022-01-10,79.13999938964844,82.23999786376953,77.94000244140625,82.0999984741211,397800,82.0999984741211,0.0
SMTC,2022-01-11,81.6500015258789,82.44999694824219,80.33999633789062,82.11000061035156,343800,82.11000061035156,0.0
SMTC,2022-01-12,83.06999969482422,84.5,81.18000030517578,81.83999633789062,393100,81.83999633789062,0.0
SMTC,2022-01-13,83.41000366210938,84.37999725341797,79.79000091552734,79.95999908447266,384000,79.95999908447266,0.0
SMTC,2022-01-14,78.77999877929688,81.01000213623047,78.77999877929688,80.36000061035156,418000,80.36000061035156,0.0
SMTC,2022-01-18,78.5,79.95999908447266,77.0199966430664,77.7300033569336,409000,77.7300033569336,0.0
SMTC,2022-01-19,78.98999786376953,79.2300033569336,75.52999877929688,75.63999938964844,402100,75.63999938964844,0.0
SMTC,2022-01-20,76.38999938964844,77.0,74.5199966430664,74.55999755859375,395800,74.55999755859375,0.0
SMTC,2022-01-21,73.86000061035156,75.88999938964844,73.2699966430664,73.36000061035156,500800,73.36000061035156,0.0
SMTC,2022-01-24,71.87999725341797,75.30000305175781,70.11000061035156,75.13999938964844,410200,75.13999938964844,0.0
SMTC,2022-01-25,73.19000244140625,73.19000244140625,70.55000305175781,71.1500015258789,393300,71.1500015258789,0.0
SMTC,2022-01-26,74.13999938964844,75.61000061035156,70.2699966430664,71.0999984741211,830800,71.0999984741211,0.0
SMTC,2022-01-27,72.66000366210938,73.5199966430664,66.76000213623047,66.98999786376953,794200,66.98999786376953,0.0
SMTC,2022-01-28,67.13999938964844,67.95999908447266,64.76000213623047,67.83000183105469,650800,67.83000183105469,0.0
SMTC,2022-01-31,67.69999694824219,71.0999984741211,67.30000305175781,71.0999984741211,677100,71.0999984741211,0.0
SMTC,2022-02-01,71.83000183105469,72.87999725341797,69.38999938964844,71.9000015258789,582000,71.9000015258789,0.0
SMTC,2022-02-02,73.55000305175781,73.56999969482422,71.58000183105469,72.80999755859375,371300,72.80999755859375,0.0
SMTC,2022-02-03,70.5999984741211,72.20999908447266,70.20999908447266,70.94999694824219,446400,70.94999694824219,0.0
SMTC,2022-02-04,70.38999938964844,71.70999908447266,69.08999633789062,70.97000122070312,391400,70.97000122070312,0.0
SMTC,2022-02-07,70.91000366210938,72.25,69.7300033569336,70.55000305175781,374000,70.55000305175781,0.0
SMTC,2022-02-08,70.5,72.81999969482422,70.12999725341797,72.58000183105469,616000,72.58000183105469,0.0
SMTC,2022-02-09,74.01000213623047,74.01000213623047,72.41999816894531,73.23999786376953,626200,73.23999786376953,0.0
SMTC,2022-02-10,71.55999755859375,74.11000061035156,71.05000305175781,71.5199966430664,625400,71.5199966430664,0.0
SMTC,2022-02-11,71.7300033569336,72.33000183105469,68.02999877929688,68.43000030517578,366700,68.43000030517578,0.0
SMTC,2022-02-14,68.56999969482422,70.68000030517578,67.9800033569336,68.52999877929688,376500,68.52999877929688,0.0
SMTC,2022-02-15,69.73999786376953,71.37000274658203,69.16999816894531,71.11000061035156,508100,71.11000061035156,0.0
SMTC,2022-02-16,70.75,72.94000244140625,69.9800033569336,72.81999969482422,380500,72.81999969482422,0.0
SMTC,2022-02-17,71.55000305175781,71.91000366210938,70.30000305175781,70.37000274658203,217400,70.37000274658203,0.0
SMTC,2022-02-18,70.56999969482422,71.0199966430664,69.05999755859375,69.81999969482422,257100,69.81999969482422,0.0
SMTC,2022-02-22,68.98999786376953,70.80000305175781,68.38999938964844,69.05999755859375,239500,69.05999755859375,0.0
SMTC,2022-02-23,69.94000244140625,70.58999633789062,66.98999786376953,67.33999633789062,440400,67.33999633789062,0.0
SMTC,2022-02-24,65.05000305175781,70.5199966430664,64.76000213623047,70.3499984741211,432900,70.3499984741211,0.0
SMTC,2022-02-25,70.16999816894531,70.7300033569336,68.91000366210938,70.6500015258789,251100,70.6500015258789,0.0
SMTC,2022-02-28,69.87999725341797,71.12000274658203,68.37999725341797,69.37999725341797,302500,69.37999725341797,0.0
SMTC,2022-03-01,69.56999969482422,69.56999969482422,65.05999755859375,66.0999984741211,528200,66.0999984741211,0.0
SMTC,2022-03-02,66.98999786376953,69.68000030517578,66.3499984741211,68.52999877929688,273300,68.52999877929688,0.0
SMTC,2022-03-03,68.93000030517578,69.19999694824219,66.41999816894531,66.77999877929688,263600,66.77999877929688,0.0
SMTC,2022-03-04,65.98999786376953,67.1500015258789,63.7400016784668,64.66999816894531,475200,64.66999816894531,0.0
SMTC,2022-03-07,65.6500015258789,66.18000030517578,61.810001373291016,61.849998474121094,436700,61.849998474121094,0.0
SMTC,2022-03-08,62.45000076293945,65.44000244140625,61.45000076293945,62.599998474121094,643900,62.599998474121094,0.0
SMTC,2022-03-09,65.58000183105469,65.68000030517578,64.06999969482422,64.91999816894531,334500,64.91999816894531,0.0
SMTC,2022-03-10,63.16999816894531,64.0,62.08000183105469,63.33000183105469,383700,63.33000183105469,0.0
SMTC,2022-03-11,64.27999877929688,64.9000015258789,62.0099983215332,62.06999969482422,423400,62.06999969482422,0.0
SMTC,2022-03-14,61.97999954223633,62.5,60.400001525878906,60.95000076293945,319100,60.95000076293945,0.0
SMTC,2022-03-15,61.02000045776367,63.369998931884766,60.540000915527344,63.2400016784668,369600,63.2400016784668,0.0
SMTC,2022-03-16,64.23999786376953,70.6500015258789,63.880001068115234,66.66000366210938,582700,66.66000366210938,0.0
SMTC,2022-03-17,67.20999908447266,70.47000122070312,66.69999694824219,69.41000366210938,859300,69.41000366210938,0.0
SMTC,2022-03-18,69.52999877929688,71.8499984741211,69.0199966430664,70.95999908447266,829200,70.95999908447266,0.0
SMTC,2022-03-21,70.95999908447266,71.8499984741211,70.31999969482422,70.73999786376953,475100,70.73999786376953,0.0
SMTC,2022-03-22,70.86000061035156,72.12999725341797,70.30999755859375,71.25,368100,71.25,0.0
SMTC,2022-03-23,70.2300033569336,71.12999725341797,68.41999816894531,68.87000274658203,318800,68.87000274658203,0.0
SMTC,2022-03-24,69.7699966430664,70.69999694824219,69.08999633789062,70.66000366210938,316200,70.66000366210938,0.0
SMTC,2022-03-25,70.75,70.75,69.19000244140625,70.41999816894531,260700,70.41999816894531,0.0
SMTC,2022-03-28,69.88999938964844,71.11000061035156,68.83999633789062,71.06999969482422,325800,71.06999969482422,0.0
SMTC,2022-03-29,72.27999877929688,73.4800033569336,71.56999969482422,72.87999725341797,310600,72.87999725341797,0.0
SMTC,2022-03-30,72.18000030517578,72.91999816894531,70.38999938964844,70.80999755859375,347700,70.80999755859375,0.0
SMTC,2022-03-31,70.73999786376953,71.72000122070312,69.2699966430664,69.33999633789062,435700,69.33999633789062,0.0
SMTC,2022-04-01,70.05000305175781,71.13999938964844,66.88999938964844,67.77999877929688,616000,67.77999877929688,0.0
SMTC,2022-04-04,67.72000122070312,69.55999755859375,67.72000122070312,69.47000122070312,373400,69.47000122070312,0.0
SMTC,2022-04-05,69.16999816894531,69.37000274658203,64.94000244140625,65.2699966430664,430800,65.2699966430664,0.0
SMTC,2022-04-06,64.33000183105469,64.37999725341797,61.83000183105469,62.18000030517578,768800,62.18000030517578,0.0
SMTC,2022-04-07,62.380001068115234,64.13999938964844,61.540000915527344,62.4900016784668,591600,62.4900016784668,0.0
SMTC,2022-04-08,61.970001220703125,61.9900016784668,60.599998474121094,60.720001220703125,418600,60.720001220703125,0.0
SMTC,2022-04-11,60.15999984741211,61.40999984741211,59.77000045776367,60.2599983215332,423500,60.2599983215332,0.0
SMTC,2022-04-12,61.779998779296875,62.900001525878906,60.880001068115234,61.06999969482422,518300,61.06999969482422,0.0
SMTC,2022-04-13,61.720001220703125,63.150001525878906,61.18000030517578,62.86000061035156,512400,62.86000061035156,0.0
SMTC,2022-04-14,63.189998626708984,64.30999755859375,61.81999969482422,61.83000183105469,452900,61.83000183105469,0.0
SMTC,2022-04-18,61.40999984741211,63.43000030517578,61.40999984741211,62.4900016784668,443000,62.4900016784668,0.0
SMTC,2022-04-19,62.31999969482422,63.5,62.08000183105469,63.099998474121094,329100,63.099998474121094,0.0
SMTC,2022-04-20,64.33000183105469,64.66999816894531,62.79999923706055,62.84000015258789,415200,62.84000015258789,0.0
SMTC,2022-04-21,63.95000076293945,64.3499984741211,60.95000076293945,61.5,699200,61.5,0.0
SMTC,2022-04-22,61.540000915527344,61.83000183105469,59.689998626708984,59.81999969482422,402200,59.81999969482422,0.0
SMTC,2022-04-25,59.15999984741211,61.06999969482422,59.15999984741211,60.9900016784668,405400,60.9900016784668,0.0
SMTC,2022-04-26,60.209999084472656,60.2400016784668,58.81999969482422,58.849998474121094,385100,58.849998474121094,0.0
SMTC,2022-04-27,58.349998474121094,60.400001525878906,58.310001373291016,58.97999954223633,393600,58.97999954223633,0.0
SMTC,2022-04-28,60.439998626708984,61.869998931884766,58.68000030517578,61.38999938964844,481500,61.38999938964844,0.0
SMTC,2022-04-29,60.81999969482422,61.97999954223633,59.31999969482422,59.599998474121094,393100,59.599998474121094,0.0
SMTC,2022-05-02,59.7400016784668,61.41999816894531,59.2599983215332,61.189998626708984,602500,61.189998626708984,0.0
SMTC,2022-05-03,61.08000183105469,62.58000183105469,60.5,62.33000183105469,310900,62.33000183105469,0.0
SMTC,2022-05-04,62.38999938964844,65.19999694824219,60.709999084472656,65.0199966430664,583800,65.0199966430664,0.0
SMTC,2022-05-05,63.81999969482422,64.2699966430664,60.619998931884766,61.63999938964844,368200,61.63999938964844,0.0
SMTC,2022-05-06,60.93000030517578,61.779998779296875,59.470001220703125,61.5099983215332,445400,61.5099983215332,0.0
SMTC,2022-05-09,60.279998779296875,61.20000076293945,57.33000183105469,57.779998779296875,366000,57.779998779296875,0.0
SMTC,2022-05-10,59.59000015258789,59.790000915527344,57.41999816894531,59.310001373291016,355900,59.310001373291016,0.0
SMTC,2022-05-11,58.7599983215332,60.060001373291016,56.97999954223633,57.099998474121094,322700,57.099998474121094,0.0
SMTC,2022-05-12,57.27000045776367,58.45000076293945,56.0,58.29999923706055,358900,58.29999923706055,0.0
SMTC,2022-05-13,59.709999084472656,61.43000030517578,59.439998626708984,60.4900016784668,355100,60.4900016784668,0.0
SMTC,2022-05-16,59.709999084472656,60.81999969482422,59.13999938964844,59.310001373291016,275800,59.310001373291016,0.0
SMTC,2022-05-17,61.040000915527344,61.86000061035156,60.7400016784668,61.790000915527344,259100,61.790000915527344,0.0
SMTC,2022-05-18,60.4900016784668,62.279998779296875,58.2599983215332,59.09000015258789,302000,59.09000015258789,0.0
SMTC,2022-05-19,58.77000045776367,60.869998931884766,58.70000076293945,59.7400016784668,305800,59.7400016784668,0.0
SMTC,2022-05-20,61.119998931884766,61.970001220703125,57.88999938964844,60.58000183105469,338900,60.58000183105469,0.0
SMTC,2022-05-23,60.439998626708984,61.02000045776367,58.900001525878906,60.27000045776367,447800,60.27000045776367,0.0
SMTC,2022-05-24,59.619998931884766,60.56999969482422,57.689998626708984,58.470001220703125,313200,58.470001220703125,0.0
SMTC,2022-05-25,58.18000030517578,59.9900016784668,58.029998779296875,59.5099983215332,277100,59.5099983215332,0.0
SMTC,2022-05-26,59.939998626708984,62.84000015258789,59.81999969482422,62.540000915527344,418200,62.540000915527344,0.0
SMTC,2022-05-27,63.869998931884766,64.79000091552734,63.790000915527344,64.27999877929688,427000,64.27999877929688,0.0
SMTC,2022-05-31,63.93000030517578,64.62000274658203,62.54999923706055,64.08999633789062,415700,64.08999633789062,0.0
SMTC,2022-06-01,64.2300033569336,65.19000244140625,62.61000061035156,64.37999725341797,661900,64.37999725341797,0.0
SMTC,2022-06-02,60.220001220703125,65.2300033569336,59.310001373291016,64.3499984741211,744300,64.3499984741211,0.0
SMTC,2022-06-03,63.779998779296875,63.779998779296875,62.33000183105469,62.540000915527344,367000,62.540000915527344,0.0
SMTC,2022-06-06,64.23999786376953,64.23999786376953,61.70000076293945,62.150001525878906,486700,62.150001525878906,0.0
SMTC,2022-06-07,61.2400016784668,62.709999084472656,61.04999923706055,62.58000183105469,261900,62.58000183105469,0.0
SMTC,2022-06-08,62.45000076293945,62.45000076293945,59.869998931884766,60.650001525878906,263500,60.650001525878906,0.0
SMTC,2022-06-09,60.13999938964844,61.68000030517578,60.060001373291016,60.06999969482422,255200,60.06999969482422,0.0
SMTC,2022-06-10,58.720001220703125,59.68000030517578,58.209999084472656,58.81999969482422,416800,58.81999969482422,0.0
SMTC,2022-06-13,56.65999984741211,57.81999969482422,55.619998931884766,56.11000061035156,672800,56.11000061035156,0.0
SMTC,2022-06-14,56.540000915527344,57.529998779296875,55.88999938964844,57.150001525878906,387200,57.150001525878906,0.0
SMTC,2022-06-15,56.75,58.349998474121094,56.310001373291016,57.34000015258789,546700,57.34000015258789,0.0
SMTC,2022-06-16,55.52000045776367,56.5,52.91999816894531,53.470001220703125,862100,53.470001220703125,0.0
SMTC,2022-06-17,54.31999969482422,55.11000061035156,53.369998931884766,54.720001220703125,769300,54.720001220703125,0.0
SMTC,2022-06-21,56.130001068115234,56.59000015258789,54.97999954223633,55.970001220703125,410900,55.970001220703125,0.0
SMTC,2022-06-22,55.150001525878906,56.16999816894531,54.86000061035156,54.95000076293945,516500,54.95000076293945,0.0
SMTC,2022-06-23,55.470001220703125,55.54999923706055,53.779998779296875,54.72999954223633,538300,54.72999954223633,0.0
SMTC,2022-06-24,55.630001068115234,57.540000915527344,55.529998779296875,57.34000015258789,1057600,57.34000015258789,0.0
SMTC,2022-06-27,58.18000030517578,58.18000030517578,56.400001525878906,56.86000061035156,413700,56.86000061035156,0.0
SMTC,2022-06-28,57.09000015258789,57.65999984741211,55.5099983215332,55.56999969482422,369200,55.56999969482422,0.0
SMTC,2022-06-29,55.040000915527344,55.18000030517578,53.959999084472656,55.119998931884766,301000,55.119998931884766,0.0
SMTC,2022-06-30,54.209999084472656,56.279998779296875,53.849998474121094,54.970001220703125,560100,54.970001220703125,0.0
SMTC,2022-07-01,53.939998626708984,54.189998626708984,51.209999084472656,51.970001220703125,425400,51.970001220703125,0.0
SMTC,2022-07-05,50.58000183105469,51.959999084472656,49.90999984741211,51.91999816894531,399800,51.91999816894531,0.0
SMTC,2022-07-06,52.029998779296875,52.90999984741211,51.150001525878906,51.2599983215332,649600,51.2599983215332,0.0
SMTC,2022-07-07,52.4900016784668,53.349998474121094,52.459999084472656,52.97999954223633,594800,52.97999954223633,0.0
SMTC,2022-07-08,52.349998474121094,53.40999984741211,51.93000030517578,53.25,563500,53.25,0.0
SMTC,2022-07-11,52.91999816894531,53.310001373291016,52.33000183105469,52.63999938964844,382700,52.63999938964844,0.0
SMTC,2022-07-12,52.939998626708984,53.7599983215332,52.209999084472656,52.459999084472656,347600,52.459999084472656,0.0
SMTC,2022-07-13,51.459999084472656,53.08000183105469,51.459999084472656,52.7400016784668,276200,52.7400016784668,0.0
SMTC,2022-07-14,52.599998474121094,53.9900016784668,51.939998626708984,53.779998779296875,275700,53.779998779296875,0.0
SMTC,2022-07-15,54.75,55.11000061035156,53.689998626708984,55.06999969482422,374400,55.06999969482422,0.0
SMTC,2022-07-18,55.91999816894531,55.91999816894531,54.22999954223633,54.43000030517578,294600,54.43000030517578,0.0
SMTC,2022-07-19,55.38999938964844,57.33000183105469,55.31999969482422,56.97999954223633,261700,56.97999954223633,0.0
SMTC,2022-07-20,56.70000076293945,58.72999954223633,56.369998931884766,58.630001068115234,402600,58.630001068115234,0.0
SMTC,2022-07-21,58.97999954223633,60.150001525878906,58.41999816894531,60.130001068115234,282400,60.130001068115234,0.0
SMTC,2022-07-22,60.09000015258789,60.09000015258789,57.02000045776367,58.27000045776367,365000,58.27000045776367,0.0
SMTC,2022-07-25,58.15999984741211,58.630001068115234,57.0,57.65999984741211,382100,57.65999984741211,0.0
SMTC,2022-07-26,57.43000030517578,57.66999816894531,56.880001068115234,57.369998931884766,189000,57.369998931884766,0.0
SMTC,2022-07-27,58.16999816894531,60.119998931884766,58.16999816894531,59.59000015258789,398900,59.59000015258789,0.0
SMTC,2022-07-28,60.61000061035156,61.290000915527344,59.529998779296875,61.209999084472656,286800,61.209999084472656,0.0
SMTC,2022-07-29,60.689998626708984,62.4900016784668,60.63999938964844,62.33000183105469,423000,62.33000183105469,0.0
SMTC,2022-08-01,62.0,65.51000213623047,57.81999969482422,58.470001220703125,1853800,58.470001220703125,0.0
SMTC,2022-08-02,58.13999938964844,58.29999923706055,54.88999938964844,55.34000015258789,1936400,55.34000015258789,0.0
SMTC,2022-08-03,55.13999938964844,56.709999084472656,54.400001525878906,56.099998474121094,2139600,56.099998474121094,0.0
SMTC,2022-08-04,56.33000183105469,56.90999984741211,55.529998779296875,56.209999084472656,876800,56.209999084472656,0.0
SMTC,2022-08-05,55.52000045776367,56.279998779296875,55.040000915527344,55.7400016784668,679200,55.7400016784668,0.0
SMTC,2022-08-08,55.310001373291016,55.95000076293945,54.209999084472656,54.599998474121094,674900,54.599998474121094,0.0
SMTC,2022-08-09,53.63999938964844,54.75,50.77000045776367,51.25,836000,51.25,0.0
SMTC,2022-08-10,52.619998931884766,53.59000015258789,51.560001373291016,52.66999816894531,1674100,52.66999816894531,0.0
SMTC,2022-08-11,53.36000061035156,53.650001525878906,52.34000015258789,52.43000030517578,1116700,52.43000030517578,0.0
SMTC,2022-08-12,53.0,54.4900016784668,52.65999984741211,54.40999984741211,1357400,54.40999984741211,0.0
SMTC,2022-08-15,54.790000915527344,55.13999938964844,54.36000061035156,55.0,777000,55.0,0.0
SMTC,2022-08-16,54.599998474121094,55.029998779296875,54.20000076293945,54.689998626708984,584500,54.689998626708984,0.0
SMTC,2022-08-17,53.900001525878906,53.900001525878906,51.88999938964844,52.540000915527344,699100,52.540000915527344,0.0
SMTC,2022-08-18,52.38999938964844,54.52000045776367,52.33000183105469,54.36000061035156,648000,54.36000061035156,0.0
SMTC,2022-08-19,53.66999816894531,53.939998626708984,52.849998474121094,53.150001525878906,510000,53.150001525878906,0.0
SMTC,2022-08-22,52.13999938964844,52.36000061035156,51.060001373291016,51.369998931884766,538800,51.369998931884766,0.0
SMTC,2022-08-23,51.40999984741211,52.25,51.40999984741211,51.790000915527344,430300,51.790000915527344,0.0
SMTC,2022-08-24,51.56999969482422,51.56999969482422,50.59000015258789,50.65999984741211,588500,50.65999984741211,0.0
SMTC,2022-08-25,50.54999923706055,52.45000076293945,50.38999938964844,52.31999969482422,1009000,52.31999969482422,0.0
SMTC,2022-08-26,52.650001525878906,52.650001525878906,48.75,48.9900016784668,823800,48.9900016784668,0.0
SMTC,2022-08-29,48.540000915527344,48.939998626708984,46.93000030517578,47.27000045776367,1469300,47.27000045776367,0.0
SMTC,2022-08-30,47.9900016784668,48.029998779296875,46.2599983215332,46.849998474121094,1457600,46.849998474121094,0.0
SMTC,2022-08-31,46.7599983215332,47.34000015258789,45.34000015258789,46.189998626708984,1721100,46.189998626708984,0.0
SMTC,2022-09-01,35.0099983215332,35.2400016784668,29.520000457763672,33.650001525878906,6145800,33.650001525878906,0.0
SMTC,2022-09-02,34.220001220703125,35.150001525878906,32.79999923706055,34.36000061035156,2103600,34.36000061035156,0.0
SMTC,2022-09-06,34.599998474121094,35.2400016784668,33.43000030517578,33.81999969482422,1741300,33.81999969482422,0.0
SMTC,2022-09-07,34.0099983215332,34.54999923706055,33.5099983215332,33.95000076293945,1670100,33.95000076293945,0.0
SMTC,2022-09-08,33.720001220703125,34.43000030517578,33.4900016784668,33.900001525878906,1254700,33.900001525878906,0.0
SMTC,2022-09-09,34.529998779296875,34.959999084472656,34.310001373291016,34.81999969482422,1092300,34.81999969482422,0.0
SMTC,2022-09-12,35.029998779296875,35.68000030517578,34.41999816894531,34.79999923706055,1460200,34.79999923706055,0.0
SMTC,2022-09-13,33.650001525878906,34.08000183105469,32.65999984741211,32.72999954223633,977600,32.72999954223633,0.0
SMTC,2022-09-14,32.86000061035156,33.29999923706055,32.400001525878906,32.720001220703125,1356200,32.720001220703125,0.0
SMTC,2022-09-15,32.43000030517578,32.83000183105469,31.84000015258789,31.989999771118164,810400,31.989999771118164,0.0
SMTC,2022-09-16,31.719999313354492,32.04999923706055,31.1200008392334,31.649999618530273,1398000,31.649999618530273,0.0
SMTC,2022-09-19,31.030000686645508,31.899999618530273,30.809999465942383,31.719999313354492,712000,31.719999313354492,0.0
SMTC,2022-09-20,31.239999771118164,31.43000030517578,30.739999771118164,31.040000915527344,515600,31.040000915527344,0.0
SMTC,2022-09-21,31.049999237060547,32.16999816894531,30.719999313354492,30.780000686645508,671500,30.780000686645508,0.0
SMTC,2022-09-22,30.610000610351562,30.65999984741211,29.799999237060547,30.0,890700,30.0,0.0
SMTC,2022-09-23,29.459999084472656,29.950000762939453,29.190000534057617,29.850000381469727,977500,29.850000381469727,0.0
SMTC,2022-09-26,29.950000762939453,30.25,29.209999084472656,29.459999084472656,906700,29.459999084472656,0.0
SMTC,2022-09-27,30.270000457763672,30.559999465942383,29.350000381469727,29.8700008392334,940900,29.8700008392334,0.0
SMTC,2022-09-28,29.6299991607666,31.059999465942383,29.469999313354492,30.84000015258789,1037100,30.84000015258789,0.0
SMTC,2022-09-29,30.219999313354492,30.610000610351562,29.920000076293945,30.600000381469727,636700,30.600000381469727,0.0
SMTC,2022-09-30,30.299999237060547,30.6299991607666,29.350000381469727,29.40999984741211,767100,29.40999984741211,0.0
SMTC,2022-10-03,29.8799991607666,31.079999923706055,29.6299991607666,30.969999313354492,760500,30.969999313354492,0.0
SMTC,2022-10-04,31.549999237060547,32.0,30.8799991607666,31.510000228881836,824200,31.510000228881836,0.0
SMTC,2022-10-05,31.040000915527344,32.029998779296875,30.549999237060547,32.029998779296875,1042200,32.029998779296875,0.0
SMTC,2022-10-06,29.40999984741211,30.440000534057617,28.729999542236328,29.229999542236328,5104900,29.229999542236328,0.0
SMTC,2022-10-07,28.420000076293945,28.450000762939453,26.8700008392334,27.229999542236328,3889700,27.229999542236328,0.0
SMTC,2022-10-10,27.280000686645508,27.690000534057617,26.68000030517578,27.549999237060547,1640600,27.549999237060547,0.0
SMTC,2022-10-11,27.030000686645508,27.489999771118164,25.700000762939453,26.15999984741211,1748300,26.15999984741211,0.0
SMTC,2022-10-12,26.15999984741211,26.75,25.799999237060547,26.360000610351562,1297800,26.360000610351562,0.0
SMTC,2022-10-13,25.56999969482422,27.709999084472656,25.290000915527344,27.030000686645508,1338300,27.030000686645508,0.0
SMTC,2022-10-14,27.229999542236328,27.440000534057617,25.610000610351562,25.649999618530273,1392200,25.649999618530273,0.0
SMTC,2022-10-17,26.280000686645508,26.950000762939453,26.049999237060547,26.739999771118164,1279300,26.739999771118164,0.0
SMTC,2022-10-18,27.59000015258789,27.59000015258789,26.040000915527344,26.290000915527344,1595700,26.290000915527344,0.0
SMTC,2022-10-19,26.040000915527344,26.510000228881836,25.850000381469727,26.0,926800,26.0,0.0
SMTC,2022-10-20,26.139999389648438,26.670000076293945,25.760000228881836,25.979999542236328,1035000,25.979999542236328,0.0
SMTC,2022-10-21,25.8700008392334,26.809999465942383,25.56999969482422,26.68000030517578,1221700,26.68000030517578,0.0
SMTC,2022-10-24,26.799999237060547,26.799999237060547,26.18000030517578,26.530000686645508,782400,26.530000686645508,0.0
SMTC,2022-10-25,26.729999542236328,27.540000915527344,26.690000534057617,27.3799991607666,852300,27.3799991607666,0.0
SMTC,2022-10-26,26.8799991607666,27.479999542236328,26.709999084472656,26.959999084472656,875200,26.959999084472656,0.0
SMTC,2022-10-27,27.25,27.540000915527344,26.5,26.559999465942383,1252000,26.559999465942383,0.0
SMTC,2022-10-28,26.639999389648438,27.979999542236328,26.479999542236328,27.940000534057617,805200,27.940000534057617,0.0
SMTC,2022-10-31,27.600000381469727,27.940000534057617,27.219999313354492,27.690000534057617,1175300,27.690000534057617,0.0
SMTC,2022-11-01,28.5,28.579999923706055,27.889999389648438,28.040000915527344,1003900,28.040000915527344,0.0
SMTC,2022-11-02,28.25,28.440000534057617,26.90999984741211,26.959999084472656,1138900,26.959999084472656,0.0
SMTC,2022-11-03,26.399999618530273,27.299999237060547,26.309999465942383,26.770000457763672,1326200,26.770000457763672,0.0
SMTC,2022-11-04,27.850000381469727,27.950000762939453,27.049999237060547,27.510000228881836,1374000,27.510000228881836,0.0
SMTC,2022-11-07,27.860000610351562,28.260000228881836,27.020000457763672,28.09000015258789,1411200,28.09000015258789,0.0
SMTC,2022-11-08,28.489999771118164,28.639999389648438,27.670000076293945,27.950000762939453,659300,27.950000762939453,0.0
SMTC,2022-11-09,27.520000457763672,27.760000228881836,27.200000762939453,27.260000228881836,473800,27.260000228881836,0.0
SMTC,2022-11-10,28.780000686645508,29.850000381469727,28.600000381469727,29.790000915527344,1184200,29.790000915527344,0.0
SMTC,2022-11-11,29.739999771118164,30.979999542236328,29.68000030517578,30.780000686645508,891500,30.780000686645508,0.0
SMTC,2022-11-14,30.579999923706055,30.68000030517578,29.700000762939453,29.729999542236328,822900,29.729999542236328,0.0
SMTC,2022-11-15,31.010000228881836,31.309999465942383,30.530000686645508,30.610000610351562,1080900,30.610000610351562,0.0
SMTC,2022-11-16,29.8799991607666,30.15999984741211,29.200000762939453,29.299999237060547,989500,29.299999237060547,0.0
SMTC,2022-11-17,28.700000762939453,29.790000915527344,28.65999984741211,29.40999984741211,792200,29.40999984741211,0.0
SMTC,2022-11-18,30.09000015258789,30.09000015258789,29.170000076293945,29.489999771118164,464300,29.489999771118164,0.0
SMTC,2022-11-21,29.149999618530273,29.260000228881836,28.639999389648438,28.81999969482422,498200,28.81999969482422,0.0
SMTC,2022-11-22,28.940000534057617,30.43000030517578,28.649999618530273,29.6200008392334,501200,29.6200008392334,0.0
SMTC,2022-11-23,29.610000610351562,30.479999542236328,29.510000228881836,30.40999984741211,613500,30.40999984741211,0.0
SMTC,2022-11-25,30.209999084472656,30.209999084472656,29.600000381469727,29.610000610351562,242600,29.610000610351562,0.0
SMTC,2022-11-28,29.1200008392334,29.5,28.68000030517578,29.139999389648438,1029800,29.139999389648438,0.0
SMTC,2022-11-29,29.149999618530273,29.940000534057617,28.979999542236328,29.309999465942383,971600,29.309999465942383,0.0
SMTC,2022-11-30,29.299999237060547,30.75,28.75,30.739999771118164,1463400,30.739999771118164,0.0
SMTC,2022-12-01,31.100000381469727,32.16999816894531,29.780000686645508,29.81999969482422,2165900,29.81999969482422,0.0
SMTC,2022-12-02,28.950000762939453,29.56999969482422,28.649999618530273,29.360000610351562,1852100,29.360000610351562,0.0
SMTC,2022-12-05,29.8700008392334,30.25,29.260000228881836,29.479999542236328,1864700,29.479999542236328,0.0
SMTC,2022-12-06,29.469999313354492,29.739999771118164,28.260000228881836,28.6200008392334,1288200,28.6200008392334,0.0
SMTC,2022-12-07,28.309999465942383,29.200000762939453,28.309999465942383,28.690000534057617,1005800,28.690000534057617,0.0
SMTC,2022-12-08,28.8799991607666,29.270000457763672,28.459999084472656,29.18000030517578,1101600,29.18000030517578,0.0
SMTC,2022-12-09,28.959999084472656,29.739999771118164,28.6299991607666,29.329999923706055,893000,29.329999923706055,0.0
SMTC,2022-12-12,29.079999923706055,29.989999771118164,29.079999923706055,29.979999542236328,1099800,29.979999542236328,0.0
SMTC,2022-12-13,31.280000686645508,31.6299991607666,30.239999771118164,30.5,1198000,30.5,0.0
SMTC,2022-12-14,30.639999389648438,30.8799991607666,29.450000762939453,29.56999969482422,1405800,29.56999969482422,0.0
SMTC,2022-12-15,29.110000610351562,29.34000015258789,28.31999969482422,28.3799991607666,1380100,28.3799991607666,0.0
SMTC,2022-12-16,28.209999084472656,29.260000228881836,27.219999313354492,27.700000762939453,14578300,27.700000762939453,0.0
SMTC,2022-12-19,27.559999465942383,27.59000015258789,26.579999923706055,26.8700008392334,1283500,26.8700008392334,0.0
SMTC,2022-12-20,26.6299991607666,27.34000015258789,26.510000228881836,27.100000381469727,847500,27.100000381469727,0.0
SMTC,2022-12-21,27.270000457763672,27.709999084472656,27.190000534057617,27.600000381469727,831100,27.600000381469727,0.0
SMTC,2022-12-22,27.15999984741211,27.25,26.469999313354492,27.020000457763672,880900,27.020000457763672,0.0
SMTC,2022-12-23,26.850000381469727,27.469999313354492,26.59000015258789,27.469999313354492,567600,27.469999313354492,0.0
SMTC,2022-12-27,27.3799991607666,27.649999618530273,26.709999084472656,27.5,624300,27.5,0.0
SMTC,2022-12-28,27.5,27.790000915527344,27.360000610351562,27.399999618530273,929400,27.399999618530273,0.0
SMTC,2022-12-29,27.850000381469727,28.899999618530273,27.770000457763672,28.6200008392334,610900,28.6200008392334,0.0
SMTC,2022-12-30,28.219999313354492,28.719999313354492,27.760000228881836,28.690000534057617,631600,28.690000534057617,0.0
SMTC,2023-01-03,29.229999542236328,29.329999923706055,28.729999542236328,28.940000534057617,631700,28.940000534057617,0.0
SMTC,2023-01-04,29.5,30.040000915527344,28.899999618530273,29.239999771118164,1170900,29.239999771118164,0.0
SMTC,2023-01-05,29.06999969482422,29.329999923706055,28.639999389648438,29.170000076293945,1226600,29.170000076293945,0.0
SMTC,2023-01-06,29.690000534057617,30.709999084472656,29.3799991607666,30.329999923706055,1251800,30.329999923706055,0.0
SMTC,2023-01-09,30.75,31.170000076293945,30.440000534057617,30.530000686645508,1257400,30.530000686645508,0.0
SMTC,2023-01-10,30.559999465942383,31.209999084472656,30.469999313354492,31.200000762939453,948000,31.200000762939453,0.0
SMTC,2023-01-11,31.25,31.270000457763672,30.389999389648438,30.780000686645508,960000,30.780000686645508,0.0
SMTC,2023-01-12,31.190000534057617,31.190000534057617,30.190000534057617,30.709999084472656,1170800,30.709999084472656,0.0
SMTC,2023-01-13,30.459999084472656,31.239999771118164,30.350000381469727,31.239999771118164,970200,31.239999771118164,0.0
SMTC,2023-01-17,31.239999771118164,31.90999984741211,31.239999771118164,31.90999984741211,1319700,31.90999984741211,0.0
SMTC,2023-01-18,32.27000045776367,32.720001220703125,31.65999984741211,31.81999969482422,1823500,31.81999969482422,0.0
SMTC,2023-01-19,31.450000762939453,31.8700008392334,31.010000228881836,31.5,894700,31.5,0.0
SMTC,2023-01-20,31.93000030517578,32.560001373291016,31.510000228881836,32.529998779296875,1101700,32.529998779296875,0.0
SMTC,2023-01-23,32.7400016784668,33.5099983215332,32.61000061035156,33.5,974900,33.5,0.0
SMTC,2023-01-24,33.2599983215332,33.68000030517578,32.459999084472656,32.47999954223633,641400,32.47999954223633,0.0
SMTC,2023-01-25,32.0,32.88999938964844,31.969999313354492,32.86000061035156,506900,32.86000061035156,0.0
SMTC,2023-01-26,33.15999984741211,33.439998626708984,32.40999984741211,32.84000015258789,497600,32.84000015258789,0.0
SMTC,2023-01-27,32.380001068115234,33.43000030517578,32.2599983215332,33.150001525878906,626800,33.150001525878906,0.0
SMTC,2023-01-30,32.619998931884766,32.880001068115234,32.27000045776367,32.65999984741211,640400,32.65999984741211,0.0
SMTC,2023-01-31,32.65999984741211,33.099998474121094,32.61000061035156,33.029998779296875,1067900,33.029998779296875,0.0
SMTC,2023-02-01,33.18000030517578,34.470001220703125,33.18000030517578,34.41999816894531,833000,34.41999816894531,0.0
SMTC,2023-02-02,34.779998779296875,35.18000030517578,34.290000915527344,34.7400016784668,1000100,34.7400016784668,0.0
SMTC,2023-02-03,33.97999954223633,34.630001068115234,33.77000045776367,33.9900016784668,841800,33.9900016784668,0.0
SMTC,2023-02-06,33.459999084472656,33.56999969482422,32.5099983215332,32.90999984741211,862600,32.90999984741211,0.0
SMTC,2023-02-07,32.93000030517578,33.88999938964844,32.83000183105469,33.810001373291016,550900,33.810001373291016,0.0
SMTC,2023-02-08,33.54999923706055,33.779998779296875,32.790000915527344,32.880001068115234,486500,32.880001068115234,0.0
SMTC,2023-02-09,33.400001525878906,33.810001373291016,32.779998779296875,32.869998931884766,571100,32.869998931884766,0.0
SMTC,2023-02-10,32.59000015258789,32.689998626708984,31.979999542236328,32.310001373291016,611600,32.310001373291016,0.0
SMTC,2023-02-13,32.27000045776367,32.380001068115234,32.040000915527344,32.150001525878906,779800,32.150001525878906,0.0
SMTC,2023-02-14,31.90999984741211,32.47999954223633,31.489999771118164,32.40999984741211,987500,32.40999984741211,0.0
SMTC,2023-02-15,31.90999984741211,32.959999084472656,31.780000686645508,32.880001068115234,690900,32.880001068115234,0.0
SMTC,2023-02-16,32.18000030517578,32.5,31.889999389648438,31.920000076293945,735100,31.920000076293945,0.0
SMTC,2023-02-17,31.889999389648438,32.11000061035156,31.450000762939453,31.8700008392334,494800,31.8700008392334,0.0
SMTC,2023-02-21,31.290000915527344,31.65999984741211,30.940000534057617,30.979999542236328,702200,30.979999542236328,0.0
SMTC,2023-02-22,30.93000030517578,31.34000015258789,30.530000686645508,30.81999969482422,673900,30.81999969482422,0.0
SMTC,2023-02-23,31.799999237060547,31.799999237060547,30.549999237060547,31.059999465942383,503600,31.059999465942383,0.0
SMTC,2023-02-24,30.43000030517578,30.639999389648438,30.229999542236328,30.520000457763672,460500,30.520000457763672,0.0
SMTC,2023-02-27,31.100000381469727,31.100000381469727,30.420000076293945,30.420000076293945,781200,30.420000076293945,0.0
SMTC,2023-02-28,30.299999237060547,31.239999771118164,30.280000686645508,30.809999465942383,1343000,30.809999465942383,0.0
SMTC,2023-03-01,31.06999969482422,31.31999969482422,30.760000228881836,31.100000381469727,794600,31.100000381469727,0.0
SMTC,2023-03-02,30.760000228881836,31.610000610351562,30.43000030517578,31.510000228881836,410300,31.510000228881836,0.0
SMTC,2023-03-03,31.579999923706055,31.729999542236328,31.09000015258789,31.68000030517578,1988900,31.68000030517578,0.0
SMTC,2023-03-06,31.770000457763672,31.989999771118164,30.309999465942383,30.5,1416400,30.5,0.0
SMTC,2023-03-07,30.5,30.719999313354492,30.079999923706055,30.209999084472656,1988700,30.209999084472656,0.0
SMTC,2023-03-08,30.329999923706055,30.950000762939453,30.329999923706055,30.809999465942383,508700,30.809999465942383,0.0
SMTC,2023-03-09,30.829999923706055,31.15999984741211,29.979999542236328,30.09000015258789,1179300,30.09000015258789,0.0
SMTC,2023-03-10,30.139999389648438,30.18000030517578,29.25,29.329999923706055,1392200,29.329999923706055,0.0
SMTC,2023-03-13,28.8799991607666,29.43000030517578,28.75,29.1299991607666,1389000,29.1299991607666,0.0
SMTC,2023-03-14,29.719999313354492,30.40999984741211,29.56999969482422,30.09000015258789,995500,30.09000015258789,0.0
SMTC,2023-03-15,29.489999771118164,29.920000076293945,29.059999465942383,29.639999389648438,1017400,29.639999389648438,0.0
SMTC,2023-03-16,29.299999237060547,29.899999618530273,29.229999542236328,29.709999084472656,800200,29.709999084472656,0.0
SMTC,2023-03-17,29.860000610351562,30.139999389648438,29.040000915527344,29.1200008392334,1383600,29.1200008392334,0.0
SMTC,2023-03-20,29.3700008392334,31.059999465942383,29.3700008392334,30.90999984741211,1488200,30.90999984741211,0.0
SMTC,2023-03-21,31.1299991607666,31.200000762939453,30.450000762939453,30.799999237060547,973200,30.799999237060547,0.0
SMTC,2023-03-22,32.34000015258789,33.150001525878906,31.969999313354492,31.989999771118164,1855500,31.989999771118164,0.0
SMTC,2023-03-23,32.349998474121094,33.029998779296875,31.739999771118164,32.36000061035156,1012800,32.36000061035156,0.0
SMTC,2023-03-24,32.06999969482422,32.2400016784668,31.6299991607666,31.84000015258789,922100,31.84000015258789,0.0
SMTC,2023-03-27,32.09000015258789,32.13999938964844,30.90999984741211,31.18000030517578,718400,31.18000030517578,0.0
SMTC,2023-03-28,31.15999984741211,31.260000228881836,30.520000457763672,31.110000610351562,654300,31.110000610351562,0.0
SMTC,2023-03-29,31.530000686645508,32.439998626708984,31.479999542236328,32.11000061035156,1226200,32.11000061035156,0.0
SMTC,2023-03-30,24.65999984741211,25.690000534057617,23.559999465942383,25.25,11070300,25.25,0.0
SMTC,2023-03-31,25.049999237060547,25.149999618530273,24.0,24.139999389648438,4410000,24.139999389648438,0.0
SMTC,2023-04-03,24.110000610351562,24.1200008392334,22.399999618530273,22.610000610351562,4265000,22.610000610351562,0.0
SMTC,2023-04-04,22.579999923706055,22.610000610351562,21.479999542236328,21.700000762939453,3369800,21.700000762939453,0.0
SMTC,2023-04-05,21.3700008392334,22.040000915527344,21.06999969482422,21.489999771118164,2398900,21.489999771118164,0.0
SMTC,2023-04-06,21.350000381469727,22.040000915527344,21.350000381469727,21.399999618530273,2292400,21.399999618530273,0.0
SMTC,2023-04-10,21.170000076293945,21.75,21.06999969482422,21.520000457763672,2888300,21.520000457763672,0.0
SMTC,2023-04-11,21.770000457763672,23.030000686645508,21.559999465942383,22.920000076293945,4269100,22.920000076293945,0.0
SMTC,2023-04-12,23.06999969482422,23.280000686645508,22.06999969482422,22.100000381469727,1904400,22.100000381469727,0.0
SMTC,2023-04-13,22.290000915527344,22.6299991607666,22.040000915527344,22.299999237060547,1951100,22.299999237060547,0.0
SMTC,2023-04-14,22.31999969482422,22.489999771118164,21.5,21.649999618530273,1676800,21.649999618530273,0.0
SMTC,2023-04-17,21.520000457763672,22.81999969482422,21.40999984741211,22.739999771118164,2610400,22.739999771118164,0.0
SMTC,2023-04-18,22.81999969482422,23.110000610351562,22.399999618530273,23.020000457763672,2556000,23.020000457763672,0.0
SMTC,2023-04-19,22.719999313354492,22.899999618530273,22.020000457763672,22.110000610351562,1710100,22.110000610351562,0.0
SMTC,2023-04-20,21.829999923706055,21.969999313354492,21.290000915527344,21.350000381469727,1192500,21.350000381469727,0.0
SMTC,2023-04-21,21.219999313354492,21.280000686645508,20.520000457763672,20.700000762939453,1327500,20.700000762939453,0.0
SMTC,2023-04-24,20.610000610351562,20.979999542236328,20.530000686645508,20.969999313354492,1551700,20.969999313354492,0.0
SMTC,2023-04-25,20.709999084472656,20.850000381469727,20.520000457763672,20.610000610351562,1545200,20.610000610351562,0.0
SMTC,2023-04-26,20.829999923706055,20.829999923706055,20.209999084472656,20.40999984741211,1062200,20.40999984741211,0.0
SMTC,2023-04-27,20.3799991607666,20.3799991607666,19.729999542236328,19.829999923706055,1171900,19.829999923706055,0.0
SMTC,2023-04-28,19.959999084472656,19.979999542236328,19.31999969482422,19.489999771118164,1344500,19.489999771118164,0.0
SMTC,2023-05-01,19.440000534057617,19.530000686645508,19.110000610351562,19.25,1488400,19.25,0.0
SMTC,2023-05-02,19.170000076293945,19.170000076293945,18.479999542236328,18.639999389648438,1455400,18.639999389648438,0.0
SMTC,2023-05-03,18.6299991607666,19.079999923706055,18.559999465942383,18.579999923706055,1010600,18.579999923706055,0.0
SMTC,2023-05-04,18.5,18.549999237060547,17.81999969482422,18.09000015258789,1321100,18.09000015258789,0.0
SMTC,2023-05-05,18.239999771118164,18.729999542236328,18.139999389648438,18.68000030517578,901300,18.68000030517578,0.0
SMTC,2023-05-08,18.68000030517578,19.040000915527344,18.350000381469727,18.770000457763672,1259700,18.770000457763672,0.0
SMTC,2023-05-09,18.489999771118164,18.90999984741211,18.290000915527344,18.809999465942383,1030400,18.809999465942383,0.0
SMTC,2023-05-10,19.09000015258789,19.09000015258789,18.600000381469727,18.639999389648438,1076900,18.639999389648438,0.0
SMTC,2023-05-11,18.5,18.739999771118164,18.200000762939453,18.709999084472656,856600,18.709999084472656,0.0
SMTC,2023-05-12,18.790000915527344,18.8700008392334,18.209999084472656,18.459999084472656,627200,18.459999084472656,0.0
SMTC,2023-05-15,18.59000015258789,19.149999618530273,18.170000076293945,19.1200008392334,787200,19.1200008392334,0.0
SMTC,2023-05-16,18.920000076293945,19.65999984741211,18.760000228881836,19.290000915527344,866400,19.290000915527344,0.0
SMTC,2023-05-17,19.489999771118164,20.65999984741211,19.440000534057617,20.59000015258789,1964600,20.59000015258789,0.0
SMTC,2023-05-18,20.690000534057617,21.510000228881836,20.59000015258789,21.469999313354492,2554100,21.469999313354492,0.0
SMTC,2023-05-19,21.6299991607666,21.739999771118164,21.079999923706055,21.209999084472656,1660700,21.209999084472656,0.0
SMTC,2023-05-22,20.899999618530273,21.790000915527344,20.8799991607666,21.709999084472656,1215700,21.709999084472656,0.0
SMTC,2023-05-23,21.700000762939453,22.1200008392334,21.43000030517578,21.450000762939453,1196800,21.450000762939453,0.0
SMTC,2023-05-24,20.889999389648438,21.040000915527344,20.420000076293945,20.780000686645508,1443600,20.780000686645508,0.0
SMTC,2023-05-25,21.049999237060547,21.479999542236328,20.579999923706055,21.149999618530273,1008700,21.149999618530273,0.0
SMTC,2023-05-26,21.290000915527344,22.649999618530273,21.25,22.40999984741211,1079800,22.40999984741211,0.0
SMTC,2023-05-30,22.75,22.959999084472656,22.040000915527344,22.239999771118164,1093900,22.239999771118164,0.0
SMTC,2023-05-31,21.729999542236328,21.989999771118164,21.440000534057617,21.739999771118164,2469200,21.739999771118164,0.0
SMTC,2023-06-01,21.739999771118164,22.5,21.40999984741211,22.229999542236328,1393900,22.229999542236328,0.0
SMTC,2023-06-02,22.510000228881836,22.670000076293945,21.920000076293945,22.610000610351562,965100,22.610000610351562,0.0
SMTC,2023-06-05,22.3700008392334,22.530000686645508,21.760000228881836,21.899999618530273,1303300,21.899999618530273,0.0
SMTC,2023-06-06,21.739999771118164,22.459999084472656,21.739999771118164,22.09000015258789,1308800,22.09000015258789,0.0
SMTC,2023-06-07,22.329999923706055,22.950000762939453,22.329999923706055,22.43000030517578,2708900,22.43000030517578,0.0
SMTC,2023-06-08,26.8799991607666,27.3700008392334,22.709999084472656,23.520000457763672,8115500,23.520000457763672,0.0
SMTC,2023-06-09,23.610000610351562,23.920000076293945,21.350000381469727,21.399999618530273,3649300,21.399999618530273,0.0
SMTC,2023-06-12,21.68000030517578,23.1299991607666,21.610000610351562,22.81999969482422,2992300,22.81999969482422,0.0
SMTC,2023-06-13,23.350000381469727,24.100000381469727,22.920000076293945,23.34000015258789,2379000,23.34000015258789,0.0
SMTC,2023-06-14,23.299999237060547,23.670000076293945,22.969999313354492,23.09000015258789,1519700,23.09000015258789,0.0
SMTC,2023-06-15,22.8700008392334,23.139999389648438,22.579999923706055,22.600000381469727,1485500,22.600000381469727,0.0
SMTC,2023-06-16,22.850000381469727,22.979999542236328,22.100000381469727,22.600000381469727,2746600,22.600000381469727,0.0
SMTC,2023-06-20,22.600000381469727,22.81999969482422,22.219999313354492,22.610000610351562,1245800,22.610000610351562,0.0
SMTC,2023-06-21,23.5,24.06999969482422,23.06999969482422,23.979999542236328,1679000,23.979999542236328,0.0
SMTC,2023-06-22,23.899999618530273,24.260000228881836,23.260000228881836,24.149999618530273,1472100,24.149999618530273,0.0
SMTC,2023-06-23,23.709999084472656,24.579999923706055,23.56999969482422,24.1200008392334,4552300,24.1200008392334,0.0
SMTC,2023-06-26,24.18000030517578,24.75,24.040000915527344,24.18000030517578,1059900,24.18000030517578,0.0
SMTC,2023-06-27,24.09000015258789,25.290000915527344,24.010000228881836,25.049999237060547,1569200,25.049999237060547,0.0
SMTC,2023-06-28,24.579999923706055,24.989999771118164,24.299999237060547,24.579999923706055,1178100,24.579999923706055,0.0
SMTC,2023-06-29,24.690000534057617,25.010000228881836,24.440000534057617,25.0,679100,25.0,0.0
SMTC,2023-06-30,25.280000686645508,25.540000915527344,24.899999618530273,25.459999084472656,952800,25.459999084472656,0.0
SMTC,2023-07-03,25.600000381469727,26.209999084472656,25.579999923706055,26.15999984741211,750200,26.15999984741211,0.0
SMTC,2023-07-05,26.09000015258789,26.09000015258789,25.530000686645508,25.610000610351562,1547900,25.610000610351562,0.0
SMTC,2023-07-06,25.110000610351562,25.450000762939453,24.709999084472656,25.170000076293945,760900,25.170000076293945,0.0
SMTC,2023-07-07,25.34000015258789,26.399999618530273,25.31999969482422,26.100000381469727,1231000,26.100000381469727,0.0
SMTC,2023-07-10,26.260000228881836,26.920000076293945,26.139999389648438,26.860000610351562,1964000,26.860000610351562,0.0
SMTC,2023-07-11,26.950000762939453,27.520000457763672,26.56999969482422,27.31999969482422,1723800,27.31999969482422,0.0
SMTC,2023-07-12,27.850000381469727,28.43000030517578,27.799999237060547,27.90999984741211,2031300,27.90999984741211,0.0
SMTC,2023-07-13,27.989999771118164,29.260000228881836,27.850000381469727,29.149999618530273,1841000,29.149999618530273,0.0
SMTC,2023-07-14,29.229999542236328,29.700000762939453,28.3799991607666,28.510000228881836,1727600,28.510000228881836,0.0
SMTC,2023-07-17,28.440000534057617,29.469999313354492,28.200000762939453,29.43000030517578,1409700,29.43000030517578,0.0
SMTC,2023-07-18,29.43000030517578,29.969999313354492,29.3700008392334,29.6200008392334,1294200,29.6200008392334,0.0
SMTC,2023-07-19,29.610000610351562,29.709999084472656,28.670000076293945,28.690000534057617,1185600,28.690000534057617,0.0
SMTC,2023-07-20,28.219999313354492,28.299999237060547,27.3700008392334,27.459999084472656,1930300,27.459999084472656,0.0
SMTC,2023-07-21,27.75,28.049999237060547,27.1200008392334,27.200000762939453,1065700,27.200000762939453,0.0
SMTC,2023-07-24,27.280000686645508,28.020000457763672,27.280000686645508,27.579999923706055,658900,27.579999923706055,0.0
SMTC,2023-07-25,27.600000381469727,28.18000030517578,27.5,27.950000762939453,694300,27.950000762939453,0.0
SMTC,2023-07-26,27.670000076293945,28.280000686645508,27.479999542236328,28.06999969482422,565600,28.06999969482422,0.0
SMTC,2023-07-27,28.540000915527344,29.040000915527344,27.600000381469727,27.68000030517578,725100,27.68000030517578,0.0
SMTC,2023-07-28,28.190000534057617,28.540000915527344,27.899999618530273,28.489999771118164,547800,28.489999771118164,0.0
SMTC,2023-07-31,28.6299991607666,29.43000030517578,28.6299991607666,29.200000762939453,660100,29.200000762939453,0.0
SMTC,2023-08-01,28.799999237060547,29.260000228881836,28.610000610351562,28.799999237060547,479400,28.799999237060547,0.0
SMTC,2023-08-02,28.360000610351562,28.489999771118164,27.229999542236328,27.309999465942383,950400,27.309999465942383,0.0
SMTC,2023-08-03,26.93000030517578,27.510000228881836,26.65999984741211,27.479999542236328,635900,27.479999542236328,0.0
SMTC,2023-08-04,27.360000610351562,27.90999984741211,27.239999771118164,27.479999542236328,939500,27.479999542236328,0.0
SMTC,2023-08-07,27.709999084472656,27.709999084472656,27.059999465942383,27.450000762939453,673100,27.450000762939453,0.0
SMTC,2023-08-08,27.010000228881836,27.280000686645508,26.68000030517578,27.1299991607666,464900,27.1299991607666,0.0
SMTC,2023-08-09,27.030000686645508,27.030000686645508,26.450000762939453,26.639999389648438,543000,26.639999389648438,0.0
SMTC,2023-08-10,26.8700008392334,26.959999084472656,25.969999313354492,26.040000915527344,1113100,26.040000915527344,0.0
SMTC,2023-08-11,25.729999542236328,25.729999542236328,25.200000762939453,25.350000381469727,506200,25.350000381469727,0.0
SMTC,2023-08-14,25.0,25.459999084472656,24.760000228881836,25.450000762939453,518700,25.450000762939453,0.0
SMTC,2023-08-15,25.299999237060547,25.649999618530273,24.8700008392334,24.90999984741211,761800,24.90999984741211,0.0
SMTC,2023-08-16,24.899999618530273,25.350000381469727,24.649999618530273,25.020000457763672,700100,25.020000457763672,0.0
SMTC,2023-08-17,24.90999984741211,25.209999084472656,24.84000015258789,25.030000686645508,770000,25.030000686645508,0.0
SMTC,2023-08-18,24.729999542236328,25.170000076293945,24.610000610351562,24.709999084472656,666600,24.709999084472656,0.0
SMTC,2023-08-21,24.709999084472656,25.530000686645508,24.450000762939453,25.350000381469727,538300,25.350000381469727,0.0
SMTC,2023-08-22,25.729999542236328,25.829999923706055,25.059999465942383,25.530000686645508,484400,25.530000686645508,0.0
SMTC,2023-08-23,25.479999542236328,26.209999084472656,25.31999969482422,26.100000381469727,528500,26.100000381469727,0.0
SMTC,2023-08-24,26.170000076293945,26.459999084472656,25.010000228881836,25.030000686645508,911500,25.030000686645508,0.0
SMTC,2023-08-25,25.049999237060547,25.489999771118164,24.809999465942383,25.309999465942383,599800,25.309999465942383,0.0
SMTC,2023-08-28,25.510000228881836,26.110000610351562,25.3700008392334,26.0,1165000,26.0,0.0
SMTC,2023-08-29,25.959999084472656,26.40999984741211,25.850000381469727,26.100000381469727,933500,26.100000381469727,0.0
SMTC,2023-08-30,25.959999084472656,26.06999969482422,25.389999389648438,25.530000686645508,875300,25.530000686645508,0.0
SMTC,2023-08-31,25.510000228881836,26.399999618530273,25.440000534057617,26.149999618530273,866500,26.149999618530273,0.0
SMTC,2023-09-01,26.360000610351562,26.8799991607666,26.219999313354492,26.559999465942383,616900,26.559999465942383,0.0
SMTC,2023-09-05,26.270000457763672,26.399999618530273,25.34000015258789,25.360000610351562,724800,25.360000610351562,0.0
SMTC,2023-09-06,27.040000915527344,27.059999465942383,25.1200008392334,25.600000381469727,1395500,25.600000381469727,0.0
SMTC,2023-09-07,24.06999969482422,24.8799991607666,23.93000030517578,24.65999984741211,1689200,24.65999984741211,0.0
SMTC,2023-09-08,24.780000686645508,24.850000381469727,23.780000686645508,24.209999084472656,849800,24.209999084472656,0.0
SMTC,2023-09-11,24.6200008392334,24.670000076293945,23.139999389648438,23.360000610351562,1383000,23.360000610351562,0.0
SMTC,2023-09-12,23.209999084472656,23.25,22.709999084472656,22.719999313354492,1117800,22.719999313354492,0.0
SMTC,2023-09-13,22.68000030517578,22.959999084472656,22.040000915527344,22.8700008392334,3454100,22.8700008392334,0.0
SMTC,2023-09-14,24.200000762939453,25.229999542236328,23.200000762939453,25.18000030517578,8974000,25.18000030517578,0.0
SMTC,2023-09-15,25.09000015258789,25.950000762939453,24.700000762939453,24.979999542236328,4152100,24.979999542236328,0.0
SMTC,2023-09-18,24.809999465942383,24.989999771118164,24.190000534057617,24.290000915527344,1379800,24.290000915527344,0.0
SMTC,2023-09-19,25.020000457763672,26.229999542236328,24.969999313354492,25.06999969482422,2690700,25.06999969482422,0.0
SMTC,2023-09-20,25.079999923706055,25.940000534057617,24.579999923706055,25.479999542236328,2405200,25.479999542236328,0.0
SMTC,2023-09-21,25.239999771118164,25.729999542236328,24.780000686645508,25.219999313354492,1173500,25.219999313354492,0.0
SMTC,2023-09-22,25.520000457763672,26.469999313354492,25.31999969482422,26.1299991607666,1164500,26.1299991607666,0.0
SMTC,2023-09-25,25.93000030517578,26.530000686645508,25.65999984741211,25.959999084472656,984100,25.959999084472656,0.0
SMTC,2023-09-26,25.899999618530273,26.389999389648438,25.389999389648438,25.40999984741211,1360900,25.40999984741211,0.0
SMTC,2023-09-27,25.450000762939453,25.610000610351562,25.010000228881836,25.450000762939453,1184100,25.450000762939453,0.0
SMTC,2023-09-28,25.469999313354492,26.239999771118164,25.360000610351562,26.040000915527344,1203300,26.040000915527344,0.0
SMTC,2023-09-29,26.360000610351562,26.600000381469727,25.690000534057617,25.75,1062000,25.75,0.0
SMTC,2023-10-02,25.700000762939453,25.950000762939453,24.799999237060547,25.209999084472656,1151100,25.209999084472656,0.0
SMTC,2023-10-03,25.260000228881836,25.670000076293945,25.06999969482422,25.139999389648438,745000,25.139999389648438,0.0
SMTC,2023-10-04,25.219999313354492,25.309999465942383,24.360000610351562,24.739999771118164,1264500,24.739999771118164,0.0
SMTC,2023-10-05,24.59000015258789,24.65999984741211,22.290000915527344,22.290000915527344,2740700,22.290000915527344,0.0
SMTC,2023-10-06,21.979999542236328,23.0,21.979999542236328,22.65999984741211,2068300,22.65999984741211,0.0
SMTC,2023-10-09,22.350000381469727,22.530000686645508,21.739999771118164,22.010000228881836,1116500,22.010000228881836,0.0
SMTC,2023-10-10,21.84000015258789,23.540000915527344,21.84000015258789,23.399999618530273,1572600,23.399999618530273,0.0
SMTC,2023-10-11,23.440000534057617,23.899999618530273,23.110000610351562,23.899999618530273,1563900,23.899999618530273,0.0
SMTC,2023-10-12,23.899999618530273,23.920000076293945,23.049999237060547,23.420000076293945,1572500,23.420000076293945,0.0
SMTC,2023-10-13,23.3700008392334,23.3700008392334,21.65999984741211,21.920000076293945,1442000,21.920000076293945,0.0
SMTC,2023-10-16,21.860000610351562,22.469999313354492,21.760000228881836,22.399999618530273,1353600,22.399999618530273,0.0
SMTC,2023-10-17,21.889999389648438,22.15999984741211,21.34000015258789,21.489999771118164,2426600,21.489999771118164,0.0
SMTC,2023-10-18,20.920000076293945,21.06999969482422,19.530000686645508,19.920000076293945,1800900,19.920000076293945,0.0
SMTC,2023-10-19,16.6299991607666,17.100000381469727,15.25,15.979999542236328,23292100,15.979999542236328,0.0
SMTC,2023-10-20,16.219999313354492,16.860000610351562,15.8100004196167,16.489999771118164,6340300,16.489999771118164,0.0
SMTC,2023-10-23,16.3799991607666,17.040000915527344,15.8100004196167,15.819999694824219,3599700,15.819999694824219,0.0
SMTC,2023-10-24,16.290000915527344,16.489999771118164,15.680000305175781,16.100000381469727,3240100,16.100000381469727,0.0
SMTC,2023-10-25,15.6899995803833,15.930000305175781,15.0600004196167,15.279999732971191,1890300,15.279999732971191,0.0
SMTC,2023-10-26,15.3100004196167,15.5600004196167,14.90999984741211,15.34000015258789,1097100,15.34000015258789,0.0
SMTC,2023-10-27,15.3100004196167,15.369999885559082,14.4399995803833,14.5,4386700,14.5,0.0
SMTC,2023-10-30,14.359999656677246,14.65999984741211,13.130000114440918,13.6899995803833,3873900,13.6899995803833,0.0
SMTC,2023-10-31,13.729999542236328,14.220000267028809,13.520000457763672,13.960000038146973,2002800,13.960000038146973,0.0
SMTC,2023-11-01,13.760000228881836,13.970000267028809,13.350000381469727,13.430000305175781,2111700,13.430000305175781,0.0
SMTC,2023-11-02,14.029999732971191,14.399999618530273,13.4399995803833,14.270000457763672,1907500,14.270000457763672,0.0
SMTC,2023-11-03,14.600000381469727,15.270000457763672,14.5600004196167,14.720000267028809,2204000,14.720000267028809,0.0
SMTC,2023-11-06,14.789999961853027,14.850000381469727,14.239999771118164,14.600000381469727,1201600,14.600000381469727,0.0
SMTC,2023-11-07,14.479999542236328,15.109999656677246,14.479999542236328,14.800000190734863,1315300,14.800000190734863,0.0
SMTC,2023-11-08,14.770000457763672,15.0600004196167,14.359999656677246,14.550000190734863,668200,14.550000190734863,0.0
SMTC,2023-11-09,14.619999885559082,14.75,13.649999618530273,13.770000457763672,1439800,13.770000457763672,0.0
SMTC,2023-11-10,14.020000457763672,14.710000038146973,13.789999961853027,14.600000381469727,1491400,14.600000381469727,0.0
SMTC,2023-11-13,14.350000381469727,14.399999618530273,13.9399995803833,14.329999923706055,924700,14.329999923706055,0.0
SMTC,2023-11-14,15.079999923706055,15.760000228881836,14.829999923706055,15.470000267028809,1995500,15.470000267028809,0.0
SMTC,2023-11-15,15.579999923706055,16.360000610351562,15.529999732971191,15.869999885559082,1492300,15.869999885559082,0.0
SMTC,2023-11-16,15.680000305175781,16.059999465942383,15.520000457763672,15.90999984741211,928300,15.90999984741211,0.0
SMTC,2023-11-17,15.989999771118164,16.06999969482422,15.550000190734863,15.84000015258789,2231800,15.84000015258789,0.0
SMTC,2023-11-20,15.680000305175781,16.110000610351562,15.390000343322754,15.90999984741211,917800,15.90999984741211,0.0
SMTC,2023-11-21,15.649999618530273,15.649999618530273,15.050000190734863,15.0600004196167,974300,15.0600004196167,0.0
SMTC,2023-11-22,15.319999694824219,15.859999656677246,15.140000343322754,15.770000457763672,1068900,15.770000457763672,0.0
SMTC,2023-11-24,15.529999732971191,16.149999618530273,15.529999732971191,16.1299991607666,508800,16.1299991607666,0.0
SMTC,2023-11-27,15.899999618530273,16.389999389648438,15.680000305175781,16.3799991607666,1123100,16.3799991607666,0.0
SMTC,2023-11-28,16.280000686645508,16.510000228881836,16.079999923706055,16.399999618530273,2474000,16.399999618530273,0.0
SMTC,2023-11-29,16.549999237060547,17.0,16.149999618530273,16.34000015258789,1184800,16.34000015258789,0.0
SMTC,2023-11-30,16.450000762939453,16.450000762939453,15.869999885559082,16.3700008392334,1643400,16.3700008392334,0.0
SMTC,2023-12-01,16.149999618530273,16.84000015258789,15.630000114440918,16.81999969482422,1582000,16.81999969482422,0.0
SMTC,2023-12-04,16.719999313354492,17.18000030517578,16.579999923706055,16.809999465942383,1737800,16.809999465942383,0.0
SMTC,2023-12-05,16.670000076293945,16.799999237060547,16.190000534057617,16.68000030517578,2200500,16.68000030517578,0.0
SMTC,2023-12-06,16.950000762939453,17.549999237060547,16.649999618530273,16.700000762939453,3674400,16.700000762939453,0.0
SMTC,2023-12-07,18.5,20.479999542236328,18.030000686645508,19.420000076293945,9463100,19.420000076293945,0.0
SMTC,2023-12-08,19.559999465942383,20.3700008392334,19.229999542236328,20.040000915527344,3580500,20.040000915527344,0.0
SMTC,2023-12-11,20.030000686645508,21.040000915527344,19.809999465942383,20.6200008392334,3534300,20.6200008392334,0.0
SMTC,2023-12-12,20.510000228881836,20.719999313354492,20.219999313354492,20.479999542236328,2208800,20.479999542236328,0.0
SMTC,2023-12-13,20.5,21.520000457763672,20.170000076293945,21.489999771118164,1996800,21.489999771118164,0.0
SMTC,2023-12-14,22.059999465942383,23.020000457763672,21.93000030517578,22.8799991607666,3123300,22.8799991607666,0.0
SMTC,2023-12-15,23.239999771118164,23.270000457763672,22.190000534057617,22.290000915527344,3836700,22.290000915527344,0.0
SMTC,2023-12-18,22.350000381469727,22.450000762939453,21.81999969482422,22.09000015258789,1619000,22.09000015258789,0.0
SMTC,2023-12-19,22.040000915527344,22.459999084472656,21.639999389648438,21.700000762939453,1621800,21.700000762939453,0.0
SMTC,2023-12-20,21.469999313354492,22.09000015258789,20.969999313354492,21.0,1368500,21.0,0.0
SMTC,2023-12-21,21.6200008392334,22.260000228881836,21.559999465942383,22.25,1009800,22.25,0.0
SMTC,2023-12-22,22.299999237060547,22.479999542236328,21.920000076293945,22.280000686645508,736300,22.280000686645508,0.0
SMTC,2023-12-26,22.479999542236328,22.739999771118164,22.25,22.559999465942383,750100,22.559999465942383,0.0
SMTC,2023-12-27,22.790000915527344,22.790000915527344,22.280000686645508,22.3700008392334,550600,22.3700008392334,0.0
SMTC,2023-12-28,22.31999969482422,22.600000381469727,22.1200008392334,22.25,1148400,22.25,0.0
SMTC,2023-12-29,22.25,22.309999465942383,21.790000915527344,21.90999984741211,496100,21.90999984741211,0.0
SMTC,2024-01-02,21.65999984741211,22.079999923706055,21.360000610351562,21.639999389648438,1774100,21.639999389648438,0.0
SMTC,2024-01-03,21.149999618530273,21.149999618530273,20.18000030517578,20.459999084472656,2062300,20.459999084472656,0.0
SMTC,2024-01-04,20.030000686645508,20.559999465942383,19.8700008392334,20.399999618530273,1073100,20.399999618530273,0.0
SMTC,2024-01-05,20.360000610351562,20.549999237060547,20.06999969482422,20.469999313354492,909200,20.469999313354492,0.0
SMTC,2024-01-08,20.6200008392334,21.149999618530273,20.450000762939453,21.030000686645508,923400,21.030000686645508,0.0
SMTC,2024-01-09,20.809999465942383,21.229999542236328,20.690000534057617,20.940000534057617,828500,20.940000534057617,0.0
SMTC,2024-01-10,20.790000915527344,20.920000076293945,20.170000076293945,20.600000381469727,859900,20.600000381469727,0.0
SMTC,2024-01-11,20.5,20.75,19.90999984741211,20.0,774500,20.0,0.0
SMTC,2024-01-12,20.18000030517578,20.350000381469727,19.049999237060547,19.059999465942383,704000,19.059999465942383,0.0
SMTC,2024-01-16,18.799999237060547,18.799999237060547,18.360000610351562,18.549999237060547,1460800,18.549999237060547,0.0
SMTC,2024-01-17,18.219999313354492,18.649999618530273,18.15999984741211,18.479999542236328,1941600,18.479999542236328,0.0
SMTC,2024-01-18,19.049999237060547,19.860000610351562,18.989999771118164,19.850000381469727,2240700,19.850000381469727,0.0
SMTC,2024-01-19,20.020000457763672,21.3799991607666,19.90999984741211,21.200000762939453,1507700,21.200000762939453,0.0
SMTC,2024-01-22,21.510000228881836,22.06999969482422,21.3700008392334,22.040000915527344,1427100,22.040000915527344,0.0
SMTC,2024-01-23,22.440000534057617,22.649999618530273,22.020000457763672,22.350000381469727,1044400,22.350000381469727,0.0
SMTC,2024-01-24,22.600000381469727,22.600000381469727,21.6299991607666,21.920000076293945,1269400,21.920000076293945,0.0
SMTC,2024-01-25,22.299999237060547,22.489999771118164,21.260000228881836,21.260000228881836,641700,21.260000228881836,0.0
SMTC,2024-01-26,21.149999618530273,21.5,20.56999969482422,20.59000015258789,739900,20.59000015258789,0.0
SMTC,2024-01-29,20.540000915527344,21.399999618530273,20.229999542236328,21.350000381469727,554000,21.350000381469727,0.0
SMTC,2024-01-30,21.139999389648438,21.299999237060547,20.559999465942383,20.770000457763672,753700,20.770000457763672,0.0
SMTC,2024-01-31,20.610000610351562,20.709999084472656,19.799999237060547,19.84000015258789,1152000,19.84000015258789,0.0
SMTC,2024-02-01,19.959999084472656,20.06999969482422,19.40999984741211,19.770000457763672,867400,19.770000457763672,0.0
SMTC,2024-02-02,19.469999313354492,19.600000381469727,19.149999618530273,19.3799991607666,630300,19.3799991607666,0.0
SMTC,2024-02-05,19.299999237060547,19.549999237060547,18.719999313354492,19.31999969482422,744000,19.31999969482422,0.0
SMTC,2024-02-06,19.299999237060547,19.559999465942383,18.920000076293945,19.469999313354492,584300,19.469999313354492,0.0
SMTC,2024-02-07,19.639999389648438,20.030000686645508,19.34000015258789,19.829999923706055,646300,19.829999923706055,0.0
SMTC,2024-02-08,19.93000030517578,20.65999984741211,19.93000030517578,20.260000228881836,909600,20.260000228881836,0.0
SMTC,2024-02-09,20.420000076293945,21.190000534057617,20.3700008392334,21.0,773100,21.0,0.0
SMTC,2024-02-12,21.209999084472656,21.540000915527344,20.93000030517578,21.010000228881836,1179900,21.010000228881836,0.0
SMTC,2024-02-13,19.860000610351562,19.93000030517578,19.1200008392334,19.280000686645508,2849800,19.280000686645508,0.0
SMTC,2024-02-14,19.799999237060547,20.309999465942383,19.549999237060547,20.260000228881836,1078400,20.260000228881836,0.0
SMTC,2024-02-15,20.639999389648438,20.65999984741211,19.760000228881836,19.940000534057617,961000,19.940000534057617,0.0
SMTC,2024-02-16,19.950000762939453,20.229999542236328,19.200000762939453,19.920000076293945,941400,19.920000076293945,0.0
SMTC,2024-02-20,19.440000534057617,20.350000381469727,19.440000534057617,20.079999923706055,772400,20.079999923706055,0.0
SMTC,2024-02-21,19.700000762939453,20.1200008392334,19.389999389648438,20.100000381469727,623400,20.100000381469727,0.0
SMTC,2024-02-22,20.510000228881836,21.40999984741211,20.200000762939453,20.829999923706055,1480200,20.829999923706055,0.0
SMTC,2024-02-23,20.690000534057617,20.93000030517578,19.760000228881836,20.299999237060547,1164300,20.299999237060547,0.0
SMTC,2024-02-26,20.34000015258789,20.989999771118164,20.34000015258789,20.65999984741211,826200,20.65999984741211,0.0
SMTC,2024-02-27,20.989999771118164,20.989999771118164,20.329999923706055,20.350000381469727,1009000,20.350000381469727,0.0
SMTC,2024-02-28,20.209999084472656,20.559999465942383,19.829999923706055,20.520000457763672,683900,20.520000457763672,0.0
SMTC,2024-02-29,21.030000686645508,21.440000534057617,20.81999969482422,21.200000762939453,1108100,21.200000762939453,0.0
SMTC,2024-03-01,21.420000076293945,22.34000015258789,21.06999969482422,22.299999237060547,1680600,22.299999237060547,0.0
SMTC,2024-03-04,22.690000534057617,22.700000762939453,21.700000762939453,21.84000015258789,1004200,21.84000015258789,0.0
SMTC,2024-03-05,21.5,21.90999984741211,21.479999542236328,21.81999969482422,726100,21.81999969482422,0.0
SMTC,2024-03-06,22.3799991607666,23.479999542236328,22.219999313354492,23.31999969482422,1185000,23.31999969482422,0.0
SMTC,2024-03-07,23.579999923706055,24.040000915527344,23.15999984741211,23.709999084472656,1255200,23.709999084472656,0.0
SMTC,2024-03-08,23.989999771118164,24.56999969482422,23.31999969482422,23.350000381469727,1896300,23.350000381469727,0.0
SMTC,2024-03-11,23.170000076293945,23.479999542236328,22.479999542236328,22.56999969482422,905800,22.56999969482422,0.0
SMTC,2024-03-12,22.520000457763672,23.40999984741211,22.040000915527344,23.34000015258789,798100,23.34000015258789,0.0
SMTC,2024-03-13,23.200000762939453,23.68000030517578,22.75,23.149999618530273,903700,23.149999618530273,0.0
SMTC,2024-03-14,23.31999969482422,23.31999969482422,22.010000228881836,22.440000534057617,1240200,22.440000534057617,0.0
SMTC,2024-03-15,21.860000610351562,22.889999389648438,21.770000457763672,22.850000381469727,1556400,22.850000381469727,0.0
SMTC,2024-03-18,23.139999389648438,23.260000228881836,22.010000228881836,22.530000686645508,1059800,22.530000686645508,0.0
SMTC,2024-03-19,22.059999465942383,22.709999084472656,21.639999389648438,22.420000076293945,840300,22.420000076293945,0.0
SMTC,2024-03-20,22.219999313354492,22.729999542236328,21.559999465942383,22.3799991607666,781900,22.3799991607666,0.0
SMTC,2024-03-21,22.979999542236328,23.459999084472656,22.75,23.049999237060547,888600,23.049999237060547,0.0
SMTC,2024-03-22,22.899999618530273,23.329999923706055,22.739999771118164,22.920000076293945,761300,22.920000076293945,0.0
SMTC,2024-03-25,22.700000762939453,22.8799991607666,22.1299991607666,22.270000457763672,803800,22.270000457763672,0.0
SMTC,2024-03-26,23.239999771118164,25.600000381469727,23.170000076293945,25.170000076293945,3752600,25.170000076293945,0.0
SMTC,2024-03-27,26.170000076293945,28.420000076293945,25.780000686645508,27.860000610351562,9010800,27.860000610351562,0.0
SMTC,2024-03-28,28.100000381469727,28.440000534057617,27.1299991607666,27.489999771118164,5752800,27.489999771118164,0.0
SMTC,2024-04-01,28.520000457763672,30.84000015258789,27.75,29.3700008392334,8092300,29.3700008392334,0.0
SMTC,2024-04-02,28.459999084472656,28.959999084472656,27.520000457763672,28.190000534057617,2790000,28.190000534057617,0.0
SMTC,2024-04-03,27.959999084472656,32.22999954223633,27.639999389648438,31.479999542236328,5530400,31.479999542236328,0.0
SMTC,2024-04-04,31.950000762939453,35.290000915527344,31.579999923706055,33.060001373291016,7783600,33.060001373291016,0.0
SMTC,2024-04-05,32.84000015258789,33.779998779296875,32.099998474121094,32.540000915527344,3463200,32.540000915527344,0.0
SMTC,2024-04-08,33.040000915527344,35.79999923706055,33.040000915527344,33.86000061035156,5829100,33.86000061035156,0.0
SMTC,2024-04-09,34.209999084472656,35.650001525878906,33.2599983215332,34.7599983215332,4456100,34.7599983215332,0.0
SMTC,2024-04-10,33.88999938964844,35.150001525878906,33.13999938964844,33.22999954223633,4336800,33.22999954223633,0.0
SMTC,2024-04-11,33.619998931884766,35.349998474121094,32.5,35.0,3821000,35.0,0.0
SMTC,2024-04-12,34.380001068115234,34.77000045776367,32.45000076293945,32.63999938964844,3547400,32.63999938964844,0.0
SMTC,2024-04-15,32.9900016784668,33.459999084472656,31.829999923706055,32.38999938964844,6378300,32.38999938964844,0.0
SMTC,2024-04-16,32.310001373291016,33.0,31.700000762939453,32.939998626708984,2703700,32.939998626708984,0.0
SMTC,2024-04-17,32.939998626708984,33.470001220703125,31.979999542236328,32.86000061035156,2280000,32.86000061035156,0.0
SMTC,2024-04-18,33.220001220703125,33.2599983215332,31.760000228881836,32.04999923706055,2575800,32.04999923706055,0.0
SMTC,2024-04-19,31.6299991607666,32.31999969482422,30.530000686645508,31.049999237060547,2716600,31.049999237060547,0.0
SMTC,2024-04-22,31.34000015258789,32.7400016784668,30.969999313354492,32.06999969482422,2571800,32.06999969482422,0.0
SMTC,2024-04-23,32.529998779296875,33.91999816894531,31.790000915527344,32.63999938964844,4529100,32.63999938964844,0.0
SMTC,2024-04-24,33.59000015258789,33.93000030517578,32.65999984741211,33.900001525878906,2794700,33.900001525878906,0.0
SMTC,2024-04-25,33.459999084472656,35.099998474121094,33.290000915527344,34.70000076293945,1990600,34.70000076293945,0.0
SMTC,2024-04-26,35.0,35.93000030517578,34.209999084472656,35.77000045776367,1651400,35.77000045776367,0.0
SMTC,2024-04-29,36.0,37.08000183105469,35.2599983215332,37.04999923706055,2260500,37.04999923706055,0.0
SMTC,2024-04-30,36.68000030517578,38.45000076293945,36.529998779296875,37.619998931884766,3074500,37.619998931884766,0.0
SMTC,2024-05-01,36.689998626708984,39.09000015258789,36.220001220703125,37.63999938964844,2624000,37.63999938964844,0.0
SMTC,2024-05-02,38.36000061035156,38.7599983215332,36.75,38.68000030517578,2295800,38.68000030517578,0.0
SMTC,2024-05-03,39.290000915527344,39.689998626708984,38.650001525878906,39.0099983215332,1399400,39.0099983215332,0.0
SMTC,2024-05-06,39.47999954223633,39.91999816894531,39.02000045776367,39.709999084472656,1181100,39.709999084472656,0.0
SMTC,2024-05-07,39.880001068115234,40.189998626708984,39.41999816894531,39.810001373291016,1151800,39.810001373291016,0.0
SMTC,2024-05-08,39.72999954223633,41.36000061035156,39.5099983215332,40.849998474121094,1609400,40.849998474121094,0.0
SMTC,2024-05-09,40.91999816894531,41.11000061035156,38.369998931884766,39.0,1741600,39.0,0.0
SMTC,2024-05-10,39.279998779296875,40.040000915527344,39.09000015258789,39.59000015258789,1098700,39.59000015258789,0.0
SMTC,2024-05-13,39.599998474121094,39.869998931884766,38.56999969482422,38.63999938964844,1027900,38.63999938964844,0.0
SMTC,2024-05-14,38.75,40.130001068115234,38.5099983215332,39.400001525878906,1158900,39.400001525878906,0.0
SMTC,2024-05-15,39.91999816894531,40.369998931884766,38.52000045776367,39.959999084472656,1170700,39.959999084472656,0.0
SMTC,2024-05-16,39.93000030517578,40.7599983215332,39.790000915527344,39.84000015258789,906400,39.84000015258789,0.0
SMTC,2024-05-17,39.91999816894531,40.81999969482422,39.77000045776367,39.95000076293945,817400,39.95000076293945,0.0
SMTC,2024-05-20,40.06999969482422,40.59000015258789,39.47999954223633,40.209999084472656,825200,40.209999084472656,0.0
SMTC,2024-05-21,39.540000915527344,41.619998931884766,39.5,40.619998931884766,1587700,40.619998931884766,0.0
SMTC,2024-05-22,40.90999984741211,41.33000183105469,39.619998931884766,39.880001068115234,953500,39.880001068115234,0.0
SMTC,2024-05-23,40.79999923706055,40.959999084472656,38.70000076293945,39.380001068115234,1016500,39.380001068115234,0.0
SMTC,2024-05-24,40.0099983215332,40.709999084472656,39.77000045776367,40.25,536700,40.25,0.0
SMTC,2024-05-28,40.7400016784668,41.38999938964844,40.18000030517578,40.540000915527344,875700,40.540000915527344,0.0
SMTC,2024-05-29,40.369998931884766,42.61000061035156,40.0099983215332,40.59000015258789,1406800,40.59000015258789,0.0
SMTC,2024-05-30,40.25,40.709999084472656,38.209999084472656,38.90999984741211,1650500,38.90999984741211,0.0
SMTC,2024-05-31,39.20000076293945,40.0,38.18000030517578,38.88999938964844,2092300,38.88999938964844,0.0
SMTC,2024-06-03,40.33000183105469,40.560001373291016,37.709999084472656,38.18000030517578,1820600,38.18000030517578,0.0
SMTC,2024-06-04,37.939998626708984,38.099998474121094,37.0099983215332,37.380001068115234,2239500,37.380001068115234,0.0
SMTC,2024-06-05,37.91999816894531,38.83000183105469,37.5,38.68000030517578,2310500,38.68000030517578,0.0
SMTC,2024-06-06,44.33000183105469,46.86000061035156,37.5099983215332,37.97999954223633,6638700,37.97999954223633,0.0
SMTC,2024-06-07,30.170000076293945,32.0,27.520000457763672,31.18000030517578,11935500,31.18000030517578,0.0
SMTC,2024-06-10,31.309999465942383,33.150001525878906,30.0,31.969999313354492,3626400,31.969999313354492,0.0
SMTC,2024-06-11,31.56999969482422,32.529998779296875,30.6200008392334,31.0,2301800,31.0,0.0
SMTC,2024-06-12,31.559999465942383,32.22999954223633,30.059999465942383,30.3700008392334,3164400,30.3700008392334,0.0
SMTC,2024-06-13,30.3799991607666,30.510000228881836,29.329999923706055,29.719999313354492,2548600,29.719999313354492,0.0
SMTC,2024-06-14,29.09000015258789,29.780000686645508,28.889999389648438,29.530000686645508,1300900,29.530000686645508,0.0
SMTC,2024-06-17,29.530000686645508,30.850000381469727,29.40999984741211,30.75,1289300,30.75,0.0
SMTC,2024-06-18,30.700000762939453,30.700000762939453,29.31999969482422,29.5,1583100,29.5,0.0
SMTC,2024-06-20,29.440000534057617,29.75,28.979999542236328,29.479999542236328,1049900,29.479999542236328,0.0
SMTC,2024-06-21,29.299999237060547,30.3700008392334,28.8799991607666,30.139999389648438,2211100,30.139999389648438,0.0
SMTC,2024-06-24,29.860000610351562,30.1299991607666,29.270000457763672,29.34000015258789,991900,29.34000015258789,0.0
SMTC,2024-06-25,29.43000030517578,30.079999923706055,28.969999313354492,29.760000228881836,931700,29.760000228881836,0.0
SMTC,2024-06-26,29.75,30.6200008392334,29.280000686645508,29.469999313354492,2056200,29.469999313354492,0.0
SMTC,2024-06-27,29.510000228881836,29.540000915527344,28.290000915527344,28.690000534057617,1589400,28.690000534057617,0.0
SMTC,2024-06-28,28.950000762939453,30.399999618530273,28.950000762939453,29.8799991607666,3922900,29.8799991607666,0.0
SMTC,2024-07-01,29.93000030517578,31.510000228881836,29.440000534057617,31.5,1513400,31.5,0.0
SMTC,2024-07-02,31.6200008392334,32.86000061035156,31.31999969482422,32.790000915527344,1390200,32.790000915527344,0.0
SMTC,2024-07-03,33.029998779296875,33.11000061035156,32.08000183105469,32.279998779296875,708200,32.279998779296875,0.0
SMTC,2024-07-05,32.38999938964844,33.619998931884766,32.119998931884766,33.02000045776367,865100,33.02000045776367,0.0
SMTC,2024-07-08,33.279998779296875,34.310001373291016,33.15999984741211,33.81999969482422,1703300,33.81999969482422,0.0
SMTC,2024-07-09,34.06999969482422,34.5,33.29999923706055,33.70000076293945,1096900,33.70000076293945,0.0
SMTC,2024-07-10,34.130001068115234,35.279998779296875,33.709999084472656,35.13999938964844,947500,35.13999938964844,0.0
SMTC,2024-07-11,35.650001525878906,37.470001220703125,35.58000183105469,36.900001525878906,2133100,36.900001525878906,0.0
SMTC,2024-07-12,36.220001220703125,37.0,35.5099983215332,35.86000061035156,2453800,35.86000061035156,0.0
SMTC,2024-07-15,36.279998779296875,36.91999816894531,35.029998779296875,36.45000076293945,1736600,36.45000076293945,0.0
SMTC,2024-07-16,36.65999984741211,36.810001373291016,34.93000030517578,36.33000183105469,1490600,36.33000183105469,0.0
SMTC,2024-07-17,35.0,35.08000183105469,32.5,33.040000915527344,2407100,33.040000915527344,0.0
SMTC,2024-07-18,33.5099983215332,33.75,31.850000381469727,32.459999084472656,1348400,32.459999084472656,0.0
SMTC,2024-07-19,32.33000183105469,32.33000183105469,31.34000015258789,31.65999984741211,1284400,31.65999984741211,0.0
SMTC,2024-07-22,32.439998626708984,33.13999938964844,31.56999969482422,33.04999923706055,1283500,33.04999923706055,0.0
SMTC,2024-07-23,32.4900016784668,33.88999938964844,32.34000015258789,33.40999984741211,749700,33.40999984741211,0.0
SMTC,2024-07-24,32.529998779296875,33.34000015258789,32.029998779296875,32.11000061035156,960600,32.11000061035156,0.0
SMTC,2024-07-25,32.209999084472656,32.209999084472656,28.639999389648438,28.90999984741211,4252800,28.90999984741211,0.0
SMTC,2024-07-26,29.530000686645508,31.030000686645508,29.290000915527344,30.989999771118164,1733000,30.989999771118164,0.0
SMTC,2024-07-29,31.6200008392334,32.099998474121094,31.190000534057617,31.649999618530273,1054300,31.649999618530273,0.0
SMTC,2024-07-30,31.809999465942383,31.940000534057617,30.040000915527344,30.15999984741211,1549800,30.15999984741211,0.0
SMTC,2024-07-31,31.149999618530273,32.68000030517578,30.829999923706055,31.719999313354492,2071000,31.719999313354492,0.0
SMTC,2024-08-01,31.559999465942383,31.8700008392334,29.989999771118164,30.809999465942383,1796300,30.809999465942383,0.0
SMTC,2024-08-02,29.350000381469727,31.06999969482422,29.260000228881836,30.489999771118164,1477400,30.489999771118164,0.0
SMTC,2024-08-05,28.0,29.34000015258789,27.559999465942383,28.0,2864500,28.0,0.0
SMTC,2024-08-06,28.09000015258789,29.420000076293945,27.68000030517578,28.790000915527344,1581800,28.790000915527344,0.0
SMTC,2024-08-07,29.690000534057617,29.889999389648438,27.25,27.610000610351562,1355700,27.610000610351562,0.0
SMTC,2024-08-08,28.25,29.68000030517578,27.8700008392334,29.639999389648438,1973100,29.639999389648438,0.0
SMTC,2024-08-09,29.389999389648438,30.40999984741211,29.200000762939453,30.25,1481300,30.25,0.0
SMTC,2024-08-12,30.280000686645508,30.690000534057617,29.450000762939453,30.079999923706055,1403100,30.079999923706055,0.0
SMTC,2024-08-13,30.559999465942383,33.7400016784668,30.520000457763672,33.34000015258789,2207900,33.34000015258789,0.0
SMTC,2024-08-14,34.0,34.040000915527344,32.59000015258789,33.41999816894531,1444700,33.41999816894531,0.0
SMTC,2024-08-15,34.52000045776367,36.279998779296875,34.31999969482422,35.959999084472656,1447400,35.959999084472656,0.0
SMTC,2024-08-16,35.900001525878906,36.58000183105469,35.54999923706055,35.900001525878906,1144200,35.900001525878906,0.0
SMTC,2024-08-19,35.939998626708984,36.029998779296875,34.83000183105469,36.0,1082100,36.0,0.0
SMTC,2024-08-20,35.810001373291016,36.599998474121094,35.380001068115234,36.34000015258789,779300,36.34000015258789,0.0
SMTC,2024-08-21,36.88999938964844,37.209999084472656,36.040000915527344,36.439998626708984,1206600,36.439998626708984,0.0
SMTC,2024-08-22,36.59000015258789,36.83000183105469,35.2400016784668,35.29999923706055,931300,35.29999923706055,0.0
SMTC,2024-08-23,36.16999816894531,36.93000030517578,35.68000030517578,36.90999984741211,1314200,36.90999984741211,0.0
SMTC,2024-08-26,36.88999938964844,37.54999923706055,36.380001068115234,37.029998779296875,1115300,37.029998779296875,0.0
SMTC,2024-08-27,36.65999984741211,38.52000045776367,36.02000045776367,38.15999984741211,2476500,38.15999984741211,0.0
SMTC,2024-08-28,40.5,42.75,37.5099983215332,42.43000030517578,5826200,42.43000030517578,0.0
SMTC,2024-08-29,42.400001525878906,43.91999816894531,41.95000076293945,43.529998779296875,3069400,43.529998779296875,0.0
SMTC,2024-08-30,44.38999938964844,45.209999084472656,43.54999923706055,43.81999969482422,2381100,43.81999969482422,0.0
SMTC,2024-09-03,42.79999923706055,43.290000915527344,41.41999816894531,41.58000183105469,1868200,41.58000183105469,0.0
SMTC,2024-09-04,41.029998779296875,43.380001068115234,40.66999816894531,42.47999954223633,1542400,42.47999954223633,0.0
SMTC,2024-09-05,41.560001373291016,43.130001068115234,41.209999084472656,42.16999816894531,1699900,42.16999816894531,0.0
SMTC,2024-09-06,42.58000183105469,42.65999984741211,39.150001525878906,39.459999084472656,1729800,39.459999084472656,0.0
SMTC,2024-09-09,39.5,41.150001525878906,39.47999954223633,40.11000061035156,1274100,40.11000061035156,0.0
SMTC,2024-09-10,40.38999938964844,40.439998626708984,38.689998626708984,39.349998474121094,848100,39.349998474121094,0.0
SMTC,2024-09-11,39.56999969482422,40.880001068115234,39.099998474121094,40.70000076293945,1402100,40.70000076293945,0.0
SMTC,2024-09-12,40.7599983215332,41.560001373291016,40.31999969482422,40.59000015258789,912300,40.59000015258789,0.0
SMTC,2024-09-13,41.16999816894531,41.790000915527344,40.79999923706055,41.630001068115234,1056900,41.630001068115234,0.0
SMTC,2024-09-16,41.0,41.439998626708984,39.560001373291016,40.060001373291016,964500,40.060001373291016,0.0
SMTC,2024-09-17,40.7599983215332,42.7599983215332,40.439998626708984,42.470001220703125,1348100,42.470001220703125,0.0
SMTC,2024-09-18,42.470001220703125,45.040000915527344,42.18000030517578,44.029998779296875,2373100,44.029998779296875,0.0
SMTC,2024-09-19,45.61000061035156,47.4900016784668,44.349998474121094,46.09000015258789,3706300,46.09000015258789,0.0
SMTC,2024-09-20,46.13999938964844,46.689998626708984,45.5,46.0,5624000,46.0,0.0
SMTC,2024-09-23,46.119998931884766,46.25,44.29999923706055,46.220001220703125,1161200,46.220001220703125,0.0
SMTC,2024-09-24,46.869998931884766,47.810001373291016,46.33000183105469,47.599998474121094,1332400,47.599998474121094,0.0
SMTC,2024-09-25,47.36000061035156,48.2400016784668,46.91999816894531,47.470001220703125,1153200,47.470001220703125,0.0
SMTC,2024-09-26,49.20000076293945,49.529998779296875,46.70000076293945,47.400001525878906,1528300,47.400001525878906,0.0
SMTC,2024-09-27,47.5,47.66999816894531,45.880001068115234,46.349998474121094,824100,46.349998474121094,0.0
SMTC,2024-09-30,45.56999969482422,46.689998626708984,44.650001525878906,45.65999984741211,1507800,45.65999984741211,0.0
SMTC,2024-10-01,45.529998779296875,45.68000030517578,41.91999816894531,42.08000183105469,2184900,42.08000183105469,0.0
SMTC,2024-10-02,41.849998474121094,43.310001373291016,40.59000015258789,41.060001373291016,2896900,41.060001373291016,0.0
SMTC,2024-10-03,40.560001373291016,41.18000030517578,39.439998626708984,40.58000183105469,2067400,40.58000183105469,0.0
SMTC,2024-10-04,41.349998474121094,42.70000076293945,41.279998779296875,41.68000030517578,1615600,41.68000030517578,0.0
SMTC,2024-10-07,41.27000045776367,43.41999816894531,41.27000045776367,43.36000061035156,2283700,43.36000061035156,0.0
SMTC,2024-10-08,43.689998626708984,44.220001220703125,42.400001525878906,42.43000030517578,1329300,42.43000030517578,0.0
SMTC,2024-10-09,42.52000045776367,43.04999923706055,40.630001068115234,41.13999938964844,1557900,41.13999938964844,0.0
SMTC,2024-10-10,40.849998474121094,42.619998931884766,40.7400016784668,42.56999969482422,1830900,42.56999969482422,0.0
SMTC,2024-10-11,42.380001068115234,44.61000061035156,42.150001525878906,44.0,1130900,44.0,0.0
SMTC,2024-10-14,44.38999938964844,45.650001525878906,44.060001373291016,45.380001068115234,1341000,45.380001068115234,0.0
SMTC,2024-10-15,45.279998779296875,46.040000915527344,43.650001525878906,44.13999938964844,1528800,44.13999938964844,0.0
SMTC,2024-10-16,44.86000061035156,45.79999923706055,43.36000061035156,45.02000045776367,1051800,45.02000045776367,0.0
SMTC,2024-10-17,45.77000045776367,46.77000045776367,43.95000076293945,43.959999084472656,1557500,43.959999084472656,0.0
SMTC,2024-10-18,44.130001068115234,44.56999969482422,41.939998626708984,43.880001068115234,1375600,43.880001068115234,0.0
SMTC,2024-10-21,43.880001068115234,44.400001525878906,43.040000915527344,43.95000076293945,726300,43.95000076293945,0.0
SMTC,2024-10-22,43.84000015258789,45.369998931884766,43.470001220703125,44.06999969482422,930200,44.06999969482422,0.0
SMTC,2024-10-23,43.849998474121094,45.38999938964844,43.7400016784668,44.79999923706055,748200,44.79999923706055,0.0
SMTC,2024-10-24,44.81999969482422,45.02000045776367,43.900001525878906,44.11000061035156,979200,44.11000061035156,0.0
SMTC,2024-10-25,44.54999923706055,46.189998626708984,43.900001525878906,45.470001220703125,1037500,45.470001220703125,0.0
SMTC,2024-10-28,45.560001373291016,46.31999969482422,44.900001525878906,44.970001220703125,652500,44.970001220703125,0.0
SMTC,2024-10-29,44.72999954223633,48.09000015258789,44.5099983215332,47.7599983215332,1533600,47.7599983215332,0.0
SMTC,2024-10-30,46.849998474121094,48.150001525878906,46.11000061035156,46.84000015258789,1088700,46.84000015258789,0.0
SMTC,2024-10-31,46.16999816894531,46.2599983215332,44.02000045776367,44.189998626708984,1439700,44.189998626708984,0.0
SMTC,2024-11-01,44.470001220703125,45.81999969482422,44.33000183105469,44.540000915527344,815400,44.540000915527344,0.0
SMTC,2024-11-04,44.400001525878906,44.79999923706055,43.06999969482422,43.91999816894531,556100,43.91999816894531,0.0
SMTC,2024-11-05,43.939998626708984,47.2400016784668,43.75,47.040000915527344,1230500,47.040000915527344,0.0
SMTC,2024-11-06,48.11000061035156,49.849998474121094,47.54999923706055,47.7400016784668,1270700,47.7400016784668,0.0
SMTC,2024-11-07,48.2599983215332,50.619998931884766,48.0099983215332,50.58000183105469,1357700,50.58000183105469,0.0
SMTC,2024-11-08,50.86000061035156,52.97999954223633,50.25,52.81999969482422,1206400,52.81999969482422,0.0
SMTC,2024-11-11,52.810001373291016,53.220001220703125,49.900001525878906,50.68000030517578,1031900,50.68000030517578,0.0
SMTC,2024-11-12,50.36000061035156,50.720001220703125,48.56999969482422,49.220001220703125,652300,49.220001220703125,0.0
SMTC,2024-11-13,49.029998779296875,50.20000076293945,48.40999984741211,49.0099983215332,1018000,49.0099983215332,0.0
SMTC,2024-11-14,49.52000045776367,50.5,47.08000183105469,47.33000183105469,1126100,47.33000183105469,0.0
SMTC,2024-11-15,46.91999816894531,46.91999816894531,43.29999923706055,44.099998474121094,1881700,44.099998474121094,0.0
SMTC,2024-11-18,43.779998779296875,46.20000076293945,43.779998779296875,45.84000015258789,857200,45.84000015258789,0.0
SMTC,2024-11-19,45.2599983215332,48.11000061035156,45.189998626708984,47.2400016784668,1144800,47.2400016784668,0.0
SMTC,2024-11-20,47.5,49.2599983215332,46.31999969482422,49.16999816894531,773200,49.16999816894531,0.0
SMTC,2024-11-21,49.369998931884766,52.25,49.369998931884766,50.900001525878906,1219500,50.900001525878906,0.0
SMTC,2024-11-22,50.79999923706055,52.16999816894531,49.900001525878906,50.88999938964844,1613800,50.88999938964844,0.0
SMTC,2024-11-25,52.369998931884766,53.7400016784668,51.5,53.439998626708984,3896700,53.439998626708984,0.0
SMTC,2024-11-26,63.5,66.63999938964844,57.5099983215332,63.11000061035156,6885000,63.11000061035156,0.0
SMTC,2024-11-27,62.75,65.12000274658203,61.400001525878906,64.19999694824219,2766300,64.19999694824219,0.0
SMTC,2024-11-29,64.69000244140625,65.33000183105469,62.75,64.04000091552734,1113700,64.04000091552734,0.0
SMTC,2024-12-02,64.61000061035156,64.97000122070312,61.7400016784668,62.68000030517578,1752500,62.68000030517578,0.0
SMTC,2024-12-03,62.790000915527344,67.0,61.34000015258789,66.94999694824219,1812400,66.94999694824219,0.0
SMTC,2024-12-04,68.0,70.2699966430664,66.05000305175781,69.0999984741211,2497600,69.0999984741211,0.0
SMTC,2024-12-05,66.45999908447266,68.19999694824219,64.62000274658203,65.37999725341797,2197700,65.37999725341797,0.0
SMTC,2024-12-06,65.80000305175781,67.31999969482422,63.0,66.12000274658203,6944800,66.12000274658203,0.0
SMTC,2024-12-09,65.30000305175781,66.25,62.52000045776367,64.94000244140625,5414500,64.94000244140625,0.0
SMTC,2024-12-10,63.97999954223633,65.08000183105469,61.459999084472656,62.900001525878906,3407100,62.900001525878906,0.0
SMTC,2024-12-11,63.310001373291016,64.54000091552734,61.290000915527344,64.11000061035156,1334900,64.11000061035156,0.0
SMTC,2024-12-12,64.01000213623047,65.95999908447266,63.0,64.54000091552734,1207400,64.54000091552734,0.0
SMTC,2024-12-13,66.05000305175781,68.95999908447266,64.73999786376953,65.1500015258789,2039800,65.1500015258789,0.0
SMTC,2024-12-16,66.05000305175781,68.87000274658203,65.72000122070312,68.2699966430664,2022000,68.2699966430664,0.0
SMTC,2024-12-17,67.91999816894531,67.91999816894531,64.12999725341797,65.7300033569336,2191500,65.7300033569336,0.0
SMTC,2024-12-18,66.70999908447266,67.0199966430664,61.72999954223633,62.91999816894531,1584800,62.91999816894531,0.0
SMTC,2024-12-19,63.40999984741211,64.16999816894531,62.290000915527344,63.58000183105469,1538200,63.58000183105469,0.0
SMTC,2024-12-20,62.33000183105469,65.7300033569336,62.2599983215332,63.54999923706055,3671200,63.54999923706055,0.0
SMTC,2024-12-23,64.19999694824219,64.66000366210938,62.0,62.880001068115234,1055700,62.880001068115234,0.0
SMTC,2024-12-24,63.849998474121094,64.75,63.15999984741211,64.48999786376953,350900,64.48999786376953,0.0
SMTC,2024-12-26,63.95000076293945,66.27999877929688,63.130001068115234,65.66999816894531,750700,65.66999816894531,0.0
SMTC,2024-12-27,65.01000213623047,65.1500015258789,62.099998474121094,63.33000183105469,1011200,63.33000183105469,0.0
SMTC,2024-12-30,62.02000045776367,63.02000045776367,61.13999938964844,61.70000076293945,870200,61.70000076293945,0.0
SMTC,2024-12-31,62.36000061035156,62.79999923706055,61.189998626708984,61.849998474121094,804200,61.849998474121094,0.0
SMTC,2025-01-02,62.529998779296875,63.43000030517578,61.369998931884766,62.099998474121094,1006000,62.099998474121094,0.0
SMTC,2025-01-03,63.20000076293945,66.30999755859375,62.720001220703125,66.12999725341797,1771900,66.12999725341797,0.0
SMTC,2025-01-06,68.0,68.25,66.44000244140625,67.48999786376953,1185400,67.48999786376953,0.0
SMTC,2025-01-07,67.61000061035156,68.80000305175781,64.5,65.1500015258789,1101300,65.1500015258789,0.0
SMTC,2025-01-08,64.0,67.66000366210938,63.59000015258789,67.5999984741211,1305300,67.5999984741211,0.0
SMTC,2025-01-10,65.9000015258789,66.77999877929688,63.959999084472656,66.1500015258789,1503200,66.1500015258789,0.0
SMTC,2025-01-13,64.01000213623047,66.22000122070312,63.150001525878906,65.3499984741211,1002800,65.3499984741211,0.0
SMTC,2025-01-14,67.0999984741211,67.83000183105469,64.37000274658203,64.4800033569336,936000,64.4800033569336,0.0
SMTC,2025-01-15,66.94000244140625,73.95999908447266,66.22000122070312,72.51000213623047,4270800,72.51000213623047,0.0
SMTC,2025-01-16,72.66000366210938,72.87000274658203,67.69999694824219,68.93000030517578,3401500,68.93000030517578,0.0
SMTC,2025-01-17,71.5,75.75,70.63999938964844,75.0,2812400,75.0,0.0
SMTC,2025-01-21,76.2300033569336,77.23999786376953,73.77999877929688,77.1500015258789,1643400,77.1500015258789,0.0
SMTC,2025-01-22,78.88999938964844,79.5199966430664,75.16999816894531,76.0,1694400,76.0,0.0
SMTC,2025-01-23,74.87999725341797,76.58999633789062,74.0,75.91000366210938,1316300,75.91000366210938,0.0
SMTC,2025-01-24,75.75,75.93000030517578,72.95999908447266,73.0199966430664,1055500,73.0199966430664,0.0
SMTC,2025-01-27,65.5,66.0,53.25,57.33000183105469,5370400,57.33000183105469,0.0
SMTC,2025-01-28,58.22999954223633,61.18000030517578,57.75,61.11000061035156,2704300,61.11000061035156,0.0
SMTC,2025-01-29,61.220001220703125,61.310001373291016,58.70000076293945,60.29999923706055,1724400,60.29999923706055,0.0
SMTC,2025-01-30,62.470001220703125,67.93000030517578,62.41999816894531,67.69000244140625,2460300,67.69000244140625,0.0
SMTC,2025-01-31,68.31999969482422,69.12000274658203,64.83999633789062,66.95999908447266,2341500,66.95999908447266,0.0
SMTC,2025-02-03,63.2400016784668,65.56999969482422,62.310001373291016,63.459999084472656,1519100,63.459999084472656,0.0
SMTC,2025-02-04,63.540000915527344,66.30000305175781,63.540000915527344,66.22000122070312,1923300,66.22000122070312,0.0
SMTC,2025-02-05,66.19000244140625,67.8499984741211,64.5999984741211,66.45999908447266,1121000,66.45999908447266,0.0
SMTC,2025-02-06,66.25,66.5,60.16999816894531,60.5,2730900,60.5,0.0
SMTC,2025-02-07,58.560001373291016,58.95000076293945,50.56999969482422,54.5099983215332,7260300,54.5099983215332,0.0
SMTC,2025-02-10,39.9900016784668,40.29999923706055,36.0,37.599998474121094,19354400,37.599998474121094,0.0
SMTC,2025-02-11,37.189998626708984,38.220001220703125,35.970001220703125,38.18000030517578,5847300,38.18000030517578,0.0
SMTC,2025-02-12,36.900001525878906,37.66999816894531,35.90999984741211,36.650001525878906,4107600,36.650001525878906,0.0
SMTC,2025-02-13,36.93000030517578,37.52000045776367,36.130001068115234,36.72999954223633,2410000,36.72999954223633,0.0
SMTC,2025-02-14,36.869998931884766,37.43000030517578,36.11000061035156,37.380001068115234,2182100,37.380001068115234,0.0
SMTC,2025-02-18,37.470001220703125,37.7599983215332,36.25,37.04999923706055,2336800,37.04999923706055,0.0
SMTC,2025-02-19,37.34000015258789,38.09000015258789,37.029998779296875,37.88999938964844,2514900,37.88999938964844,0.0
SMTC,2025-02-20,37.9900016784668,39.86000061035156,37.90999984741211,38.709999084472656,2637300,38.709999084472656,0.0
SMTC,2025-02-21,38.91999816894531,39.400001525878906,37.06999969482422,37.099998474121094,2267600,37.099998474121094,0.0
SMTC,2025-02-24,37.0099983215332,37.470001220703125,35.27000045776367,36.66999816894531,1992300,36.66999816894531,0.0
SMTC,2025-02-25,36.5,37.43000030517578,35.689998626708984,36.81999969482422,1527300,36.81999969482422,0.0
SMTC,2025-02-26,37.52000045776367,39.22999954223633,37.29999923706055,38.880001068115234,2384600,38.880001068115234,0.0
SMTC,2025-02-27,39.70000076293945,39.70000076293945,34.95000076293945,35.060001373291016,2066300,35.060001373291016,0.0
SMTC,2025-02-28,34.72999954223633,38.599998474121094,34.25,38.189998626708984,3175300,38.189998626708984,0.0
SMTC,2025-03-03,38.709999084472656,38.900001525878906,34.959999084472656,35.58000183105469,2369500,35.58000183105469,0.0
SMTC,2025-03-04,35.43000030517578,37.220001220703125,34.599998474121094,36.04999923706055,2130000,36.04999923706055,0.0
SMTC,2025-03-05,36.40999984741211,37.279998779296875,35.5099983215332,36.84000015258789,1480800,36.84000015258789,0.0
SMTC,2025-03-06,35.2599983215332,36.13999938964844,32.2599983215332,32.33000183105469,2839000,32.33000183105469,0.0
SMTC,2025-03-07,32.540000915527344,33.54999923706055,29.979999542236328,33.5,4056700,33.5,0.0
SMTC,2025-03-10,32.599998474121094,33.34000015258789,31.030000686645508,31.440000534057617,2823600,31.440000534057617,0.0
SMTC,2025-03-11,32.349998474121094,33.18000030517578,31.540000915527344,32.20000076293945,2927300,32.20000076293945,0.0
SMTC,2025-03-12,33.560001373291016,34.310001373291016,32.349998474121094,33.849998474121094,2956700,33.849998474121094,0.0
SMTC,2025-03-13,33.7400016784668,33.83000183105469,32.189998626708984,32.709999084472656,3298100,32.709999084472656,0.0
SMTC,2025-03-14,37.2599983215332,39.779998779296875,35.45000076293945,39.599998474121094,8103900,39.599998474121094,0.0
SMTC,2025-03-17,39.939998626708984,40.599998474121094,38.13999938964844,39.43000030517578,3619500,39.43000030517578,0.0
SMTC,2025-03-18,39.540000915527344,39.75,38.0099983215332,38.650001525878906,2176300,38.650001525878906,0.0
SMTC,2025-03-19,38.970001220703125,42.34000015258789,38.70000076293945,41.61000061035156,3184900,41.61000061035156,0.0
SMTC,2025-03-20,40.9900016784668,41.720001220703125,40.380001068115234,40.63999938964844,2596000,40.63999938964844,0.0
SMTC,2025-03-21,39.66999816894531,40.15999984741211,39.11000061035156,39.619998931884766,3375300,39.619998931884766,0.0
SMTC,2025-03-24,40.38999938964844,41.4900016784668,40.15999984741211,40.34000015258789,1470100,40.34000015258789,0.0
SMTC,2025-03-25,40.20000076293945,40.529998779296875,39.40999984741211,40.06999969482422,1768800,40.06999969482422,0.0
SMTC,2025-03-26,39.81999969482422,40.20000076293945,38.06999969482422,38.689998626708984,1511000,38.689998626708984,0.0
SMTC,2025-03-27,37.91999816894531,38.599998474121094,36.90999984741211,36.95000076293945,1888900,36.95000076293945,0.0
SMTC,2025-03-28,36.54999923706055,36.86000061035156,34.619998931884766,35.04999923706055,2155800,35.04999923706055,0.0
SMTC,2025-03-31,33.790000915527344,34.650001525878906,32.540000915527344,34.400001525878906,2855500,34.400001525878906,0.0
SMTC,2025-04-01,34.79999923706055,35.130001068115234,33.560001373291016,34.86000061035156,2320700,34.86000061035156,0.0
SMTC,2025-04-02,33.79999923706055,37.36000061035156,33.7599983215332,36.619998931884766,1691900,36.619998931884766,0.0
SMTC,2025-04-03,33.56999969482422,34.0,29.559999465942383,29.709999084472656,4204500,29.709999084472656,0.0
SMTC,2025-04-04,27.81999969482422,28.229999542236328,25.170000076293945,28.010000228881836,3816600,28.010000228881836,0.0
SMTC,2025-04-07,26.010000228881836,31.100000381469727,25.59000015258789,28.309999465942383,3017900,28.309999465942383,0.0
SMTC,2025-04-08,30.290000915527344,30.559999465942383,24.719999313354492,25.860000610351562,4084600,25.860000610351562,0.0
SMTC,2025-04-09,26.219999313354492,30.709999084472656,25.399999618530273,29.979999542236328,4553800,29.979999542236328,0.0
SMTC,2025-04-10,28.719999313354492,29.139999389648438,26.579999923706055,27.0,3226600,27.0,0.0
SMTC,2025-04-11,27.0,27.25,25.540000915527344,26.600000381469727,3042200,26.600000381469727,0.0
SMTC,2025-04-14,27.68000030517578,28.309999465942383,26.43000030517578,27.0,2464500,27.0,0.0
SMTC,2025-04-15,26.93000030517578,28.079999923706055,26.93000030517578,27.299999237060547,1593900,27.299999237060547,0.0
SMTC,2025-04-16,26.0,26.6299991607666,25.399999618530273,25.989999771118164,2808700,25.989999771118164,0.0
SMTC,2025-04-17,26.09000015258789,26.799999237060547,25.75,26.239999771118164,1919600,26.239999771118164,0.0
SMTC,2025-04-21,25.229999542236328,25.739999771118164,24.049999237060547,24.34000015258789,2504900,24.34000015258789,0.0
SMTC,2025-04-22,24.709999084472656,25.690000534057617,24.459999084472656,24.690000534057617,1909700,24.690000534057617,0.0
SMTC,2025-04-23,27.09000015258789,28.75,26.850000381469727,27.149999618530273,3187200,27.149999618530273,0.0
SMTC,2025-04-24,27.899999618530273,29.8799991607666,27.600000381469727,29.34000015258789,2176000,29.34000015258789,0.0
SMTC,2025-04-25,29.040000915527344,30.670000076293945,28.90999984741211,30.030000686645508,1830000,30.030000686645508,0.0
SMTC,2025-04-28,29.709999084472656,30.299999237060547,29.31999969482422,29.93000030517578,1919000,29.93000030517578,0.0
SMTC,2025-04-29,29.510000228881836,31.360000610351562,29.450000762939453,31.190000534057617,2748200,31.190000534057617,0.0
SMTC,2025-04-30,29.559999465942383,31.299999237060547,29.290000915527344,31.25,2196900,31.25,0.0
SMTC,2025-05-01,32.369998931884766,33.279998779296875,32.29999923706055,32.34000015258789,2790200,32.34000015258789,0.0
SMTC,2025-05-02,33.18000030517578,34.380001068115234,32.77000045776367,34.130001068115234,3072000,34.130001068115234,0.0
SMTC,2025-05-05,33.25,34.81999969482422,33.25,34.65999984741211,2637200,34.65999984741211,0.0
SMTC,2025-05-06,33.54999923706055,34.65999984741211,33.060001373291016,33.900001525878906,1963600,33.900001525878906,0.0
SMTC,2025-05-07,33.68000030517578,34.41999816894531,33.060001373291016,34.369998931884766,1359800,34.369998931884766,0.0
SMTC,2025-05-08,35.400001525878906,35.84000015258789,34.15999984741211,34.72999954223633,1324400,34.72999954223633,0.0
SMTC,2025-05-09,35.29999923706055,35.7400016784668,34.849998474121094,35.06999969482422,1409500,35.06999969482422,0.0
SMTC,2025-05-12,37.95000076293945,38.68000030517578,37.52000045776367,38.220001220703125,2603000,38.220001220703125,0.0
SMTC,2025-05-13,38.63999938964844,39.869998931884766,38.529998779296875,39.540000915527344,1745400,39.540000915527344,0.0
SMTC,2025-05-14,39.970001220703125,40.36000061035156,39.279998779296875,39.93000030517578,2025000,39.93000030517578,0.0
SMTC,2025-05-15,39.209999084472656,39.880001068115234,38.66999816894531,39.63999938964844,1045300,39.63999938964844,0.0
SMTC,2025-05-16,39.52000045776367,40.689998626708984,39.25,40.41999816894531,1443800,40.41999816894531,0.0
SMTC,2025-05-19,39.0099983215332,40.15999984741211,38.91999816894531,40.13999938964844,1057500,40.13999938964844,0.0
SMTC,2025-05-20,39.81999969482422,40.22999954223633,39.29999923706055,39.349998474121094,1282700,39.349998474121094,0.0
SMTC,2025-05-21,38.900001525878906,40.13999938964844,38.279998779296875,38.5099983215332,2394900,38.5099983215332,0.0
SMTC,2025-05-22,38.47999954223633,38.79999923706055,37.650001525878906,37.790000915527344,1515200,37.790000915527344,0.0
SMTC,2025-05-23,36.65999984741211,37.83000183105469,36.369998931884766,37.279998779296875,1649200,37.279998779296875,0.0
SMTC,2025-05-27,38.75,39.09000015258789,38.040000915527344,38.779998779296875,4136900,38.779998779296875,0.0
SMTC,2025-05-28,38.119998931884766,38.349998474121094,35.2599983215332,37.0099983215332,4889000,37.0099983215332,0.0
SMTC,2025-05-29,38.20000076293945,38.27000045776367,35.27000045776367,35.7599983215332,2377800,35.7599983215332,0.0
SMTC,2025-05-30,35.20000076293945,37.56999969482422,34.59000015258789,37.33000183105469,3323100,37.33000183105469,0.0
SMTC,2025-06-02,37.310001373291016,37.560001373291016,36.099998474121094,37.5,2478700,37.5,0.0
SMTC,2025-06-03,37.75,38.66999816894531,36.91999816894531,38.11000061035156,1747000,38.11000061035156,0.0
SMTC,2025-06-04,38.459999084472656,39.099998474121094,37.45000076293945,38.349998474121094,2013800,38.349998474121094,0.0
SMTC,2025-06-05,38.59000015258789,38.66999816894531,37.209999084472656,37.58000183105469,1426400,37.58000183105469,0.0
SMTC,2025-06-06,38.2599983215332,38.43000030517578,37.029998779296875,37.849998474121094,1521300,37.849998474121094,0.0
SMTC,2025-06-09,38.400001525878906,41.56999969482422,38.13999938964844,41.349998474121094,3515800,41.349998474121094,0.0
SMTC,2025-06-10,41.560001373291016,42.93000030517578,41.47999954223633,42.15999984741211,2513300,42.15999984741211,0.0
SMTC,2025-06-11,42.560001373291016,42.91999816894531,41.29999923706055,41.939998626708984,1654500,41.939998626708984,0.0
SMTC,2025-06-12,41.38999938964844,41.90999984741211,40.84000015258789,41.88999938964844,1567600,41.88999938964844,0.0
SMTC,2025-06-13,40.439998626708984,41.0,39.06999969482422,39.13999938964844,1940500,39.13999938964844,0.0
SMTC,2025-06-16,40.25,41.7400016784668,40.25,40.869998931884766,1280300,40.869998931884766,0.0
SMTC,2025-06-17,40.11000061035156,41.72999954223633,39.970001220703125,40.22999954223633,1682200,40.22999954223633,0.0
SMTC,2025-06-18,40.47999954223633,42.599998474121094,40.2400016784668,41.90999984741211,2339600,41.90999984741211,0.0
SMTC,2025-06-20,41.93000030517578,42.18000030517578,40.779998779296875,41.880001068115234,2159900,41.880001068115234,0.0
SMTC,2025-06-23,41.38999938964844,42.56999969482422,40.25,41.060001373291016,1523300,41.060001373291016,0.0
SMTC,2025-06-24,41.93000030517578,43.790000915527344,41.619998931884766,43.65999984741211,1847200,43.65999984741211,0.0
SMTC,2025-06-25,43.779998779296875,44.54999923706055,42.58000183105469,44.4900016784668,2678800,44.4900016784668,0.0
SMTC,2025-06-26,44.7400016784668,45.70000076293945,44.599998474121094,45.619998931884766,1726200,45.619998931884766,0.0
SMTC,2025-06-27,45.869998931884766,45.97999954223633,44.25,44.90999984741211,3631100,44.90999984741211,0.0
SMTC,2025-06-30,45.220001220703125,45.689998626708984,44.27000045776367,45.13999938964844,2632800,45.13999938964844,0.0
SMTC,2025-07-01,44.439998626708984,44.709999084472656,42.380001068115234,43.470001220703125,2935300,43.470001220703125,0.0
SMTC,2025-07-02,43.529998779296875,44.310001373291016,43.16999816894531,43.959999084472656,1344300,43.959999084472656,0.0
SMTC,2025-07-03,44.41999816894531,45.310001373291016,43.75,44.84000015258789,919300,44.84000015258789,0.0
SMTC,2025-07-07,44.0,44.459999084472656,42.41999816894531,42.599998474121094,1523800,42.599998474121094,0.0
SMTC,2025-07-08,43.220001220703125,46.439998626708984,42.709999084472656,45.099998474121094,3680900,45.099998474121094,0.0
SMTC,2025-07-09,45.41999816894531,48.529998779296875,45.2400016784668,48.5,3497000,48.5,0.0
SMTC,2025-07-10,48.560001373291016,48.90999984741211,46.90999984741211,48.560001373291016,2921900,48.560001373291016,0.0
SMTC,2025-07-11,47.84000015258789,48.400001525878906,47.25,48.099998474121094,1912000,48.099998474121094,0.0
SMTC,2025-07-14,47.7400016784668,48.119998931884766,46.72999954223633,46.93000030517578,1339900,46.93000030517578,0.0
SMTC,2025-07-15,48.33000183105469,49.27000045776367,47.7400016784668,48.09000015258789,1927000,48.09000015258789,0.0
SMTC,2025-07-16,47.9900016784668,48.86000061035156,46.56999969482422,48.65999984741211,1056900,48.65999984741211,0.0
SMTC,2025-07-17,48.470001220703125,51.22999954223633,48.150001525878906,50.869998931884766,2518500,50.869998931884766,0.0
SMTC,2025-07-18,51.83000183105469,54.02000045776367,51.68000030517578,53.619998931884766,2569800,53.619998931884766,0.0
SMTC,2025-07-21,53.91999816894531,54.439998626708984,52.959999084472656,53.060001373291016,1225500,53.060001373291016,0.0
SMTC,2025-07-22,52.630001068115234,52.810001373291016,50.150001525878906,51.470001220703125,1341800,51.470001220703125,0.0
SMTC,2025-07-23,51.65999984741211,52.939998626708984,51.16999816894531,51.650001525878906,1247900,51.650001525878906,0.0
SMTC,2025-07-24,51.5,52.9900016784668,51.5,52.529998779296875,1488800,52.529998779296875,0.0
SMTC,2025-07-25,52.279998779296875,53.349998474121094,51.349998474121094,53.06999969482422,2107700,53.06999969482422,0.0
SMTC,2025-07-28,53.75,54.56999969482422,53.13999938964844,54.15999984741211,1399000,54.15999984741211,0.0
SMTC,2025-07-29,54.880001068115234,55.79999923706055,52.83000183105469,53.45000076293945,1589000,53.45000076293945,0.0
SMTC,2025-07-30,54.06999969482422,54.790000915527344,52.52000045776367,53.709999084472656,2147000,53.709999084472656,0.0
SMTC,2025-07-31,53.0099983215332,53.68000030517578,50.58000183105469,51.099998474121094,2036900,51.099998474121094,0.0
SMTC,2025-08-01,48.90999984741211,51.16999816894531,47.34000015258789,50.13999938964844,1802900,50.13999938964844,0.0
SMTC,2025-08-04,50.43000030517578,51.720001220703125,50.13999938964844,51.689998626708984,1297000,51.689998626708984,0.0
SMTC,2025-08-05,52.09000015258789,52.779998779296875,50.220001220703125,51.04999923706055,1442000,51.04999923706055,0.0
SMTC,2025-08-06,50.63999938964844,51.0099983215332,49.52000045776367,50.970001220703125,1176900,50.970001220703125,0.0
SMTC,2025-08-07,52.02000045776367,52.04999923706055,50.0,51.5,1737000,51.5,0.0
SMTC,2025-08-08,51.93000030517578,52.029998779296875,50.720001220703125,50.849998474121094,1638300,50.849998474121094,0.0
SMTC,2025-08-11,50.70000076293945,50.70000076293945,47.86000061035156,48.560001373291016,1636900,48.560001373291016,0.0
SMTC,2025-08-12,49.310001373291016,53.349998474121094,49.06999969482422,52.709999084472656,2073500,52.709999084472656,0.0
SMTC,2025-08-13,52.75,53.52000045776367,52.0,53.2400016784668,1714000,53.2400016784668,0.0
SMTC,2025-08-14,51.11000061035156,51.689998626708984,48.20000076293945,50.52000045776367,1877200,50.52000045776367,0.0
SMTC,2025-08-15,50.25,50.310001373291016,48.810001373291016,49.83000183105469,1198200,49.83000183105469,0.0
SMTC,2025-08-18,49.75,50.939998626708984,49.060001373291016,50.41999816894531,872300,50.41999816894531,0.0
SMTC,2025-08-19,50.380001068115234,50.380001068115234,48.119998931884766,48.540000915527344,1060800,48.540000915527344,0.0
SMTC,2025-08-20,48.0,48.560001373291016,46.02000045776367,48.470001220703125,1648200,48.470001220703125,0.0
SMTC,2025-08-21,47.91999816894531,49.41999816894531,47.5,49.38999938964844,1597000,49.38999938964844,0.0
SMTC,2025-08-22,49.400001525878906,52.45000076293945,49.040000915527344,51.09000015258789,2428200,51.09000015258789,0.0
SMTC,2025-08-25,51.02000045776367,51.959999084472656,50.41999816894531,51.0,3914900,51.0,0.0
SMTC,2025-08-26,54.560001373291016,59.83000183105469,53.619998931884766,58.720001220703125,7153900,58.720001220703125,0.0
SMTC,2025-08-27,58.099998474121094,58.38999938964844,56.08000183105469,58.130001068115234,2794600,58.130001068115234,0.0
SMTC,2025-08-28,58.5099983215332,61.400001525878906,58.459999084472656,60.560001373291016,2816300,60.560001373291016,0.0
SMTC,2025-08-29,60.0,60.16999816894531,57.61000061035156,58.09000015258789,1596700,58.09000015258789,0.0
SMTC,2025-09-02,55.9900016784668,57.779998779296875,55.18000030517578,57.7599983215332,1634300,57.7599983215332,0.0
SMTC,2025-09-03,57.84000015258789,58.5,57.09000015258789,57.93000030517578,1536900,57.93000030517578,0.0
SMTC,2025-09-04,58.04999923706055,59.95000076293945,57.459999084472656,59.900001525878906,1446600,59.900001525878906,0.0
SMTC,2025-09-05,60.880001068115234,61.54999923706055,59.779998779296875,60.66999816894531,1369200,60.66999816894531,0.0
SMTC,2025-09-08,61.029998779296875,61.31999969482422,60.060001373291016,60.619998931884766,1112300,60.619998931884766,0.0
SMTC,2025-09-09,61.0,62.310001373291016,60.4900016784668,61.58000183105469,1054800,61.58000183105469,0.0
SMTC,2025-09-10,62.720001220703125,63.400001525878906,61.040000915527344,61.720001220703125,1725000,61.720001220703125,0.0
SMTC,2025-09-11,62.029998779296875,62.540000915527344,59.77000045776367,60.90999984741211,1476000,60.90999984741211,0.0
SMTC,2025-09-12,61.0099983215332,62.0,59.90999984741211,60.29999923706055,1396600,60.29999923706055,0.0
SMTC,2025-09-15,60.29999923706055,62.939998626708984,59.709999084472656,62.630001068115234,1824200,62.630001068115234,0.0
SMTC,2025-09-16,62.630001068115234,63.25,61.619998931884766,62.54999923706055,1572800,62.54999923706055,0.0
SMTC,2025-09-17,61.689998626708984,62.790000915527344,60.869998931884766,62.220001220703125,1480400,62.220001220703125,0.0
SMTC,2025-09-18,63.439998626708984,63.4900016784668,61.130001068115234,61.150001525878906,2250400,61.150001525878906,0.0
SMTC,2025-09-19,61.31999969482422,61.779998779296875,59.5,60.869998931884766,2617400,60.869998931884766,0.0
SMTC,2025-09-22,61.20000076293945,61.939998626708984,60.880001068115234,61.529998779296875,1372500,61.529998779296875,0.0
SMTC,2025-09-23,61.81999969482422,62.790000915527344,60.91999816894531,61.290000915527344,880600,61.290000915527344,0.0
SMTC,2025-09-24,61.209999084472656,61.400001525878906,59.81999969482422,59.83000183105469,689000,59.83000183105469,0.0
SMTC,2025-09-25,58.0,61.9900016784668,57.5,61.630001068115234,1281800,61.630001068115234,0.0
SMTC,2025-09-26,61.630001068115234,63.22999954223633,61.2599983215332,62.970001220703125,886600,62.970001220703125,0.0
SMTC,2025-09-29,63.689998626708984,66.0199966430664,61.720001220703125,61.97999954223633,1508300,61.97999954223633,0.0
